4044 0 100 0 286 93 0 0 0 58 508 237 0 0 752 93 0 32 0 0 613 0 1113 14868 155 58 0 0 0 120 2635 0 0 0 1439 20 0 0 0 611 147 20 16 0 0 419 213 247 560 1893 185 1172 0 136 0 0 51 625 0 0 359 0 40 197 0 0 219 0 0 0 0 0 0 1039 0 0 2209 2138 0 0 0 0 144 6540 0 290 0 0 32 440 1651 271 13 64 184 1300 0 0 416 155 20 0 703 717 40 32 270 0 0 0 39 442 90 0 0 96 0 20731 83 1915 40 820 0 40 847 152 0 0 92 77 368 1550 0 0 0 0 0 0 0 0 0 64 0 32 0 380 100 0 931 374 0 0 396 517 1932 13673 851 73 175 0 131 42 687 844 0 277 170 499 115 0 26 7960 195 0 255 0 80 0 32 0 121 1357 0 139 155 0 0 0 180 0 487 0 596 0 0 67 4450 112 88 0 995 0 301 0 114 229 2337 119 100 527 0 
0 0 0 0 0 0 0 0 0 0 0 0 0 0 0 0 0 0 0 0 0 0 0 0 0 0 0 0 0 0 0 0 0 0 0 0 0 0 0 0 0 0 0 0 0 0 0 0 0 0 0 0 0 0 0 0 0 0 0 0 0 0 0 0 0 0 0 0 0 0 0 0 0 0 0 0 0 0 0 0 0 0 0 0 0 0 0 0 0 0 0 0 0 0 0 0 0 0 0 0 0 0 0 0 0 0 0 0 0 0 0 0 0 0 0 0 0 0 0 0 0 0 0 0 0 0 0 0 0 0 0 0 0 0 0 0 0 0 0 0 0 0 0 0 0 0 0 0 0 0 0 0 0 0 0 0 0 0 0 0 0 0 0 0 0 0 0 0 0 0 0 0 0 0 0 0 0 0 0 0 0 0 0 0 0 0 0 0 0 0 0 0 0 0 0 0 0 0 0 0 0 0 0 0 0 0 0 0 0 0 0 
0 0 0 0 0 0 0 0 0 0 0 0 0 0 0 0 0 0 0 0 0 0 0 0 0 0 0 0 0 0 0 0 0 0 0 0 0 0 0 0 0 0 0 0 0 0 0 0 0 0 0 0 0 0 0 0 0 0 0 0 0 0 0 0 0 0 0 0 0 0 0 0 0 0 0 0 0 0 0 0 0 0 0 32 0 0 0 0 0 0 0 0 0 0 0 0 0 0 0 0 0 0 0 0 0 0 0 0 0 0 0 0 0 0 0 0 0 100 0 0 0 0 0 0 0 0 0 0 13 0 0 0 0 0 0 0 0 0 0 0 0 0 0 0 0 0 0 0 0 0 0 0 0 0 0 0 0 0 0 0 0 0 0 0 0 0 0 0 0 0 0 20 0 0 0 0 0 0 0 0 0 0 0 0 0 0 0 0 0 0 64 0 0 0 0 0 0 0 0 0 0 0 0 0 0 0 0 0 0 0 0 
0 0 0 0 0 0 0 0 0 0 0 0 0 0 0 0 0 0 0 0 0 0 0 0 0 0 0 0 0 0 0 0 0 0 0 0 0 0 0 0 0 0 0 0 0 0 0 0 0 0 0 0 0 0 0 0 0 0 0 0 0 0 0 0 0 0 0 0 0 0 0 0 0 0 0 0 0 0 0 0 0 0 0 0 0 0 0 0 0 0 0 0 0 0 0 0 0 0 0 0 0 0 0 0 0 0 0 0 0 0 0 0 0 0 0 0 0 0 0 0 0 0 0 0 0 0 0 0 0 0 0 0 0 0 0 0 0 0 0 0 0 0 0 0 0 0 0 0 0 0 0 0 0 0 0 0 0 0 0 0 0 0 0 0 0 0 0 0 0 0 0 0 0 0 0 0 0 0 0 0 0 0 0 0 0 0 0 0 0 0 0 0 0 0 0 0 0 0 0 0 0 0 0 0 0 0 0 0 0 0 0 
609 0 0 0 0 0 0 0 0 0 51 0 0 0 26 0 0 0 0 0 100 0 40 530 20 100 0 0 0 0 205 0 0 0 0 0 0 0 0 83 0 0 0 0 0 0 0 0 32 13 40 0 0 0 0 0 0 0 0 0 0 0 0 0 0 0 0 0 0 0 0 0 0 0 0 0 37 83 0 0 0 0 0 655 0 0 0 0 0 64 214 51 0 0 0 0 0 0 0 26 40 0 0 32 13 0 0 0 0 0 0 115 0 0 0 0 0 769 0 62 0 39 0 0 80 0 0 0 0 0 0 0 0 0 0 0 0 0 0 0 0 0 0 0 0 0 0 0 0 51 0 0 0 0 116 1759 81 0 0 0 0 64 0 140 0 0 0 0 0 0 64 1065 0 0 0 0 0 0 0 0 0 64 0 0 93 0 0 0 0 0 80 0 0 0 0 0 87 0 0 0 51 0 0 0 0 0 145 0 0 90 0 
51 0 0 0 0 0 0 0 0 0 0 0 0 0 100 13 0 100 0 0 0 0 0 175 0 0 0 0 0 0 26 0 0 0 0 0 0 0 0 0 0 0 0 0 0 0 0 0 0 0 0 0 0 0 0 0 0 0 0 0 40 0 0 0 0 0 0 0 0 0 0 0 0 0 0 0 0 32 0 0 0 0 0 16 0 0 0 0 0 32 64 0 0 0 0 0 0 0 0 0 0 0 0 13 0 0 0 0 0 0 0 0 0 0 0 0 0 224 0 83 0 0 0 0 16 64 0 0 0 0 0 0 0 0 0 0 0 0 0 0 0 0 0 0 0 0 0 0 0 0 0 0 46 0 137 737 120 0 0 0 0 0 20 0 0 0 80 0 0 0 0 187 0 0 0 0 0 0 0 0 0 0 0 0 0 0 0 0 0 0 0 0 100 0 0 0 51 0 0 0 0 0 0 0 0 0 83 0 0 0 0 
80 0 0 0 0 0 0 0 0 0 0 0 0 0 0 0 0 0 0 0 32 0 0 0 0 0 0 0 0 0 0 0 0 0 0 0 0 0 0 0 0 0 0 0 0 0 0 0 0 0 0 0 0 0 0 0 0 0 0 0 0 0 0 0 0 0 0 0 0 0 0 0 0 0 0 0 0 0 0 0 0 0 0 0 0 0 0 0 0 0 0 0 0 0 0 0 0 0 0 0 0 0 0 0 0 0 0 0 0 0 0 0 0 0 0 0 0 13 0 100 0 0 0 0 0 20 0 0 0 0 0 0 0 0 0 0 0 0 0 0 0 0 0 0 0 0 0 0 0 0 0 0 0 0 0 26 0 0 0 0 0 0 0 0 0 0 0 0 0 0 0 0 0 0 0 0 0 0 0 0 0 0 0 0 0 0 0 0 0 0 0 0 0 0 0 0 0 0 0 0 0 0 0 0 0 0 0 0 0 0 0 
0 0 0 0 0 0 0 0 0 0 0 0 0 0 0 0 0 0 0 0 0 0 0 90 0 0 0 0 0 0 0 0 0 0 0 0 0 0 0 0 0 0 0 0 0 0 0 0 0 13 0 0 0 0 0 0 0 0 0 0 0 0 0 0 0 0 0 0 0 0 0 0 0 0 0 0 0 0 0 0 0 0 0 40 0 0 0 0 0 0 0 0 0 0 0 0 0 0 0 0 0 0 0 0 0 0 0 0 0 0 0 0 0 0 0 0 0 51 0 0 0 0 0 0 0 0 0 0 0 0 0 0 0 0 0 0 0 0 0 0 0 0 0 0 0 0 0 0 0 0 0 0 0 0 0 280 0 0 20 0 0 92 0 0 0 0 0 0 0 0 0 526 0 0 0 0 0 0 0 0 0 0 0 0 0 0 0 0 0 0 0 0 0 0 0 0 0 0 0 0 0 0 0 0 0 0 20 0 0 0 0 
459 0 0 0 0 0 0 0 0 0 0 0 0 0 40 106 0 100 0 0 13 0 80 629 0 32 0 0 0 13 177 0 0 0 13 0 0 0 0 64 0 0 0 0 0 0 0 0 20 75 0 0 0 0 0 0 0 40 0 0 0 0 0 16 0 0 64 0 0 0 0 0 0 0 0 0 80 20 0 0 0 0 100 560 0 0 0 0 0 151 0 64 0 0 0 40 0 0 0 0 13 0 64 0 0 0 0 0 0 0 0 40 0 0 0 0 0 207 0 64 0 0 0 0 0 13 0 0 0 0 16 0 0 0 0 0 0 0 0 0 0 0 0 26 0 20 0 0 0 0 0 0 51 0 180 955 0 80 0 0 0 67 121 0 0 80 0 100 0 0 0 1130 0 0 80 0 0 0 0 0 40 0 0 0 0 0 0 0 0 0 0 0 141 0 0 0 40 0 0 0 0 0 0 0 0 0 293 0 0 20 0 
137 0 0 0 0 0 0 0 0 0 0 0 0 0 0 20 0 0 0 0 32 0 0 397 0 0 0 0 0 0 0 0 0 0 64 26 0 0 0 0 0 0 0 0 0 0 0 0 0 0 32 0 0 0 0 0 0 0 0 0 40 0 0 0 0 0 0 0 0 0 0 0 0 0 0 0 0 0 0 0 0 0 0 53 0 0 0 0 0 0 0 0 0 0 0 0 0 0 0 0 0 0 0 0 0 0 0 0 0 0 0 0 0 0 0 0 0 66 0 40 0 0 0 0 0 0 0 0 0 0 20 0 0 0 0 0 0 0 0 0 0 0 0 0 0 0 0 0 0 0 0 0 0 0 0 1538 0 0 0 0 0 0 0 100 0 0 51 26 0 0 0 168 40 0 0 0 0 0 0 0 0 0 0 0 0 0 0 0 0 0 32 0 64 0 0 0 0 0 64 0 0 0 0 0 0 0 0 0 64 0 0 
413 0 0 0 0 0 0 0 0 32 13 64 0 0 648 26 0 0 0 0 0 0 220 551 213 0 0 0 0 26 154 0 0 0 106 0 0 0 0 0 0 0 0 0 0 0 0 0 64 113 0 80 0 0 0 0 0 32 0 0 0 0 0 100 0 0 0 0 0 0 0 0 0 0 0 0 123 30 0 0 0 0 0 384 0 0 0 0 0 104 296 0 51 0 32 0 0 0 34 0 0 0 126 42 0 0 0 0 0 0 0 0 0 0 0 13 0 965 13 144 64 37 0 0 0 80 0 0 0 0 80 0 0 0 0 0 0 0 0 0 0 0 0 0 0 80 0 0 0 216 0 0 0 72 207 2710 58 0 13 0 0 180 258 700 0 0 0 0 0 0 0 416 0 0 0 0 0 0 32 0 0 215 0 0 80 0 0 0 0 0 0 0 0 0 0 0 243 0 40 0 0 0 0 0 0 13 162 0 0 0 0 
237 0 0 0 0 0 0 0 0 0 0 77 0 0 77 0 0 0 0 0 0 0 51 854 0 316 0 0 0 0 83 0 0 0 0 26 0 0 0 0 0 0 0 0 0 0 0 51 0 108 0 0 0 0 0 0 0 80 0 0 0 0 0 164 0 20 64 0 0 0 0 0 0 13 0 0 0 40 0 0 0 0 20 211 0 0 0 0 0 26 100 100 0 0 0 0 0 0 0 0 40 0 0 0 0 0 0 0 0 20 0 0 0 0 0 0 0 313 0 200 0 0 0 0 0 80 0 0 51 0 0 0 0 0 0 0 0 0 0 0 0 0 0 0 0 0 0 0 64 0 0 0 244 0 145 1572 313 0 20 0 0 0 88 40 0 0 0 0 0 0 0 302 0 0 0 0 0 0 0 0 0 0 0 0 40 0 0 0 0 0 0 0 0 0 0 0 229 0 80 0 0 0 100 0 0 0 80 0 0 34 0 
0 0 0 0 0 0 0 0 0 0 0 0 0 0 0 0 0 0 0 0 0 0 0 0 0 0 0 0 0 0 0 0 0 0 0 0 0 0 0 0 0 0 0 0 0 0 0 0 0 0 0 0 0 0 0 0 0 0 0 0 0 0 0 0 0 0 0 0 0 0 0 0 0 0 0 0 0 0 0 0 0 0 0 0 0 0 0 0 0 0 0 0 0 0 0 0 0 0 0 0 0 0 0 0 0 0 0 0 0 0 0 0 0 0 0 0 0 0 0 0 0 0 0 0 0 0 0 0 0 0 0 0 0 0 0 0 0 0 0 0 0 0 0 0 0 0 0 0 0 0 0 0 0 0 0 0 0 0 0 0 0 0 0 0 0 0 0 0 0 0 0 0 0 0 0 0 0 0 0 0 0 0 0 0 0 0 0 0 0 0 0 0 0 0 0 0 0 0 0 0 0 0 0 0 0 0 0 0 0 0 0 
0 0 0 0 0 0 0 0 0 0 0 0 0 0 0 0 0 0 0 0 0 0 0 0 0 0 0 0 0 0 0 0 0 0 0 0 0 0 0 0 0 0 0 0 0 0 0 0 0 0 0 0 0 0 0 0 0 0 0 0 0 0 0 0 0 0 0 0 0 0 0 0 0 0 0 0 0 0 0 0 0 0 0 0 0 0 0 0 0 0 0 0 0 0 0 0 0 0 0 0 0 0 0 0 0 0 0 0 0 0 0 0 0 0 0 0 0 0 0 0 0 0 0 0 0 0 0 0 0 0 0 0 0 0 0 0 0 0 0 0 0 0 0 0 0 0 0 0 0 0 0 0 0 0 0 0 0 0 0 0 0 0 0 0 0 0 0 0 0 0 0 0 0 0 0 0 0 0 0 0 0 0 0 0 0 0 0 0 0 0 0 0 0 0 0 0 0 0 0 0 0 0 0 0 0 0 0 0 0 0 0 
779 0 0 0 51 13 0 0 0 0 0 141 0 0 395 0 0 0 0 0 40 0 131 5264 0 52 0 0 0 461 457 0 0 0 179 32 0 0 0 100 64 0 0 0 0 20 0 64 220 250 112 0 0 0 0 0 0 362 0 0 54 0 67 75 0 0 87 0 0 0 356 0 51 0 0 0 486 270 0 0 0 220 100 2715 0 0 32 0 26 64 496 26 0 0 112 32 0 0 47 112 80 0 67 65 26 32 64 0 0 0 61 90 0 0 0 0 0 5725 51 381 0 256 0 0 58 590 0 0 0 0 655 304 80 0 0 0 0 0 0 0 0 0 0 0 0 71 0 0 272 16 0 0 144 53 1920 12653 147 0 80 0 0 900 624 1643 0 473 84 0 0 0 26 3087 0 0 32 0 0 0 20 0 108 227 0 0 26 0 0 0 26 0 72 0 0 0 0 0 721 64 20 0 1098 0 106 0 0 100 1323 216 0 196 0 
98 0 0 0 0 0 0 0 0 0 0 0 0 0 26 0 0 0 0 0 0 0 0 395 0 0 0 0 0 0 104 0 0 0 133 26 0 0 0 40 0 0 0 0 0 51 0 0 80 32 0 0 0 0 0 0 0 0 0 0 100 0 0 0 0 13 0 0 0 0 0 0 0 0 0 0 0 61 0 0 0 0 0 180 0 0 0 0 0 0 51 0 0 0 0 0 0 0 0 0 0 0 0 0 0 0 16 0 0 0 0 13 0 0 0 0 0 677 0 242 0 0 0 0 0 0 0 0 0 0 58 13 0 0 0 0 0 0 0 0 0 0 0 0 0 0 0 0 0 0 0 0 0 0 13 3018 0 0 0 0 0 80 79 0 0 0 0 200 0 0 26 182 58 0 183 0 0 0 100 0 80 100 0 0 16 0 0 0 0 0 0 0 0 0 64 0 126 0 0 0 0 0 0 0 0 0 100 0 0 20 0 
0 0 0 0 0 0 0 0 0 0 0 0 0 0 0 0 0 0 0 0 0 0 0 0 0 0 0 0 0 0 0 0 0 0 0 0 0 0 0 0 0 0 0 0 0 0 0 0 0 0 0 0 0 0 0 0 0 0 0 0 0 0 0 0 0 0 0 0 0 0 0 0 0 0 0 0 0 0 0 0 0 0 0 0 0 0 0 0 0 0 0 0 0 0 0 0 0 0 0 0 0 0 0 0 0 0 0 0 0 0 0 0 0 0 0 0 0 0 0 0 0 0 0 0 0 0 0 0 0 0 0 0 0 0 0 0 0 0 0 0 0 0 0 0 0 0 0 0 0 0 0 0 0 0 0 0 0 0 0 0 0 0 0 0 0 0 0 0 0 0 0 0 0 0 0 0 0 0 0 0 0 0 0 0 0 0 0 0 0 0 0 0 0 0 0 0 0 0 0 0 0 0 0 0 0 0 0 0 0 0 0 
115 0 0 0 16 0 0 0 0 0 0 0 0 0 0 0 0 0 0 0 0 0 0 149 0 0 0 0 0 0 0 0 0 0 0 0 0 0 0 0 0 0 0 0 0 0 0 0 0 0 0 0 0 0 0 0 0 20 0 0 0 0 0 0 0 0 0 0 0 0 0 0 0 0 0 0 100 0 0 0 0 0 0 64 0 0 0 0 0 0 0 0 0 0 0 0 0 0 0 0 0 0 0 80 0 0 0 0 0 0 0 51 0 0 0 0 0 189 0 54 0 0 0 0 0 0 0 0 0 0 42 51 0 0 0 0 0 0 0 0 0 0 0 0 0 0 0 0 51 0 0 0 0 0 0 685 0 0 0 0 0 0 200 0 0 0 0 0 0 0 0 32 0 0 40 0 0 0 0 0 16 0 0 0 100 0 0 0 0 0 0 0 0 0 0 0 32 0 0 0 0 0 0 0 0 0 0 0 0 0 0 
0 0 0 0 0 0 0 0 0 0 0 0 0 0 0 0 0 0 0 0 0 0 0 0 0 0 0 0 0 0 0 0 0 0 0 0 0 0 0 0 0 0 0 0 0 0 0 0 0 0 0 0 0 0 0 0 0 0 0 0 0 0 0 0 0 0 0 0 0 0 0 0 0 0 0 0 0 0 0 0 0 0 0 0 0 0 0 0 0 0 0 0 0 0 0 0 0 0 0 0 0 0 0 0 0 0 0 0 0 0 0 0 0 0 0 0 0 0 0 0 0 0 0 0 0 0 0 0 0 0 0 0 0 0 0 0 0 0 0 0 0 0 0 0 0 0 0 0 0 0 0 0 0 0 0 0 0 0 0 0 0 0 0 0 0 0 0 0 0 0 0 0 0 0 0 0 0 0 0 0 0 0 0 0 0 0 0 0 0 0 0 0 0 0 0 0 0 0 0 0 0 0 0 0 0 0 0 0 0 0 0 
0 0 0 0 0 0 0 0 0 0 0 0 0 0 0 0 0 0 0 0 0 0 0 0 0 0 0 0 0 0 0 0 0 0 0 0 0 0 0 0 0 0 0 0 0 0 0 0 0 0 0 0 0 0 0 0 0 0 0 0 0 0 0 0 0 0 0 0 0 0 0 0 0 0 0 0 0 0 0 0 0 0 0 0 0 0 0 0 0 0 0 0 0 0 0 0 0 0 0 0 0 0 0 0 0 0 0 0 0 0 0 0 0 0 0 0 0 0 0 0 0 0 0 0 0 0 0 0 0 0 0 0 0 0 0 0 0 0 0 0 0 0 0 0 0 0 0 0 0 0 0 0 0 0 0 0 0 0 0 0 0 0 0 0 0 0 0 0 0 0 0 0 0 0 0 0 0 0 0 0 0 0 0 0 0 0 0 0 0 0 0 0 0 0 0 0 0 0 0 0 0 0 0 0 0 0 0 0 0 0 0 
121 0 0 0 0 0 0 0 0 0 51 26 0 0 216 0 0 0 0 0 0 0 228 1071 0 64 0 0 0 64 26 0 0 0 217 0 0 0 0 0 0 0 0 0 0 0 0 32 64 40 0 0 0 0 0 0 0 0 0 0 49 0 0 0 0 0 0 0 0 0 0 0 0 80 0 0 0 26 0 0 0 51 64 179 0 0 0 0 0 0 20 0 0 0 0 0 0 0 64 32 0 0 0 32 0 0 0 0 0 0 0 0 0 0 0 0 0 849 0 115 0 162 0 0 0 260 0 0 0 0 0 0 0 0 0 0 0 0 0 0 0 0 0 64 0 0 0 0 106 39 0 0 0 0 71 3300 622 100 32 0 0 600 67 154 0 326 80 77 0 0 0 527 0 0 0 0 0 0 0 0 0 0 0 0 40 0 0 0 0 0 0 0 32 0 0 0 83 0 0 0 253 0 32 0 0 40 72 0 0 64 0 
0 0 0 0 0 0 0 0 0 0 0 0 0 0 0 0 0 0 0 0 0 0 0 0 0 0 0 0 0 0 0 0 0 0 0 0 0 0 0 0 0 0 0 0 0 0 0 0 0 0 0 0 0 0 0 0 0 0 0 0 0 0 0 0 0 0 0 0 0 0 0 0 0 0 0 0 0 0 0 0 0 0 0 0 0 0 0 0 0 0 0 0 0 0 0 0 0 0 0 0 0 0 0 0 0 0 0 0 0 0 0 0 0 0 0 0 0 0 0 0 0 0 0 0 0 0 0 0 0 0 0 0 0 0 0 0 0 0 0 0 0 0 0 0 0 0 0 0 0 0 0 0 0 0 0 0 0 0 0 0 0 0 0 0 0 0 0 0 0 0 0 0 0 0 0 0 0 0 0 0 0 0 0 0 0 0 0 0 0 0 0 0 0 0 0 0 0 0 0 0 0 0 0 0 0 0 0 0 0 0 0 
859 0 0 0 40 0 0 0 0 0 20 80 0 0 116 0 0 0 0 0 0 0 341 3077 0 26 0 0 0 0 828 0 0 0 416 0 0 0 0 103 0 0 0 0 0 111 0 0 192 510 0 0 0 26 0 0 0 188 0 0 121 0 0 26 0 0 32 0 0 0 0 0 0 0 0 0 346 343 0 0 0 0 83 988 0 0 0 0 0 300 385 13 94 51 261 0 0 0 16 200 0 0 214 102 0 64 93 0 0 0 0 0 0 0 0 20 0 4471 80 302 0 145 0 40 152 133 0 0 0 0 180 0 13 0 0 0 0 0 0 0 0 0 0 0 0 51 13 0 181 103 0 51 145 112 466 3581 128 64 16 0 0 67 369 16 0 0 0 80 0 0 0 1918 40 0 0 0 0 0 0 0 20 516 0 0 0 0 0 0 144 0 120 0 0 0 0 0 922 0 0 0 156 0 0 0 0 0 495 0 26 58 0 
12521 0 0 0 538 420 0 112 728 367 1333 585 0 0 6803 540 0 0 0 0 1182 0 2267 29086 265 870 0 0 0 339 7906 0 0 0 5354 1180 0 0 13 887 249 296 0 0 160 263 267 556 1460 5730 437 222 0 86 0 315 0 1209 0 0 1524 131 144 1205 80 321 1843 0 0 0 40 0 0 336 0 100 5964 3517 147 0 0 326 1346 19369 0 183 0 0 64 2925 7242 1587 154 80 639 374 0 0 1030 145 231 0 2467 1693 395 461 489 0 64 0 320 1571 96 0 40 115 80 34788 515 4996 317 1942 0 77 1023 3524 0 210 843 16 2022 799 51 0 0 0 0 0 20 0 96 26 0 49 100 496 200 47 2502 1749 0 51 1627 598 9318 62105 5295 897 3270 100 64 1303 6879 3169 0 1569 679 1333 80 0 154 30144 996 0 581 0 0 0 227 0 821 2829 137 120 862 0 0 0 923 231 1652 0 527 0 267 110 9898 0 778 0 2544 0 597 0 270 588 10132 382 767 2212 0 
13 0 0 0 64 0 0 0 0 26 26 0 0 0 51 0 0 0 0 0 64 0 0 590 64 0 0 0 0 0 16 0 0 0 0 0 0 0 0 0 0 0 0 0 0 0 0 0 32 200 0 0 0 0 0 0 0 32 0 0 0 0 0 0 0 0 0 0 0 0 0 0 0 0 0 0 51 0 0 0 0 0 0 244 0 0 0 0 0 32 13 0 0 0 0 0 0 0 0 0 0 0 39 13 0 0 0 0 0 0 0 0 0 0 40 0 0 590 0 96 0 0 0 0 0 0 0 0 0 0 13 0 0 0 0 0 0 0 0 0 0 0 0 0 0 0 0 0 0 51 0 0 0 0 80 561 0 0 0 0 0 0 224 0 0 0 0 0 0 0 0 383 80 0 0 0 0 0 0 0 26 80 0 0 0 0 0 0 0 0 0 0 13 0 0 0 182 0 0 0 0 0 0 0 0 0 72 0 0 39 0 
320 0 0 0 80 0 0 0 0 0 0 211 0 0 0 0 0 0 0 0 26 0 51 1189 0 196 0 0 0 0 158 0 0 0 51 0 0 0 0 0 51 0 0 0 0 0 0 0 240 157 0 0 0 0 0 0 0 64 0 0 0 0 0 0 0 0 0 0 0 0 51 0 0 0 0 0 393 233 0 0 0 213 13 595 0 0 0 0 0 80 252 16 0 0 80 0 0 0 0 0 141 0 0 0 0 0 0 0 0 0 0 65 0 0 0 0 0 1158 0 51 0 526 0 0 138 332 0 0 0 0 0 51 0 0 0 0 0 0 0 0 0 0 51 0 51 26 0 0 32 40 0 0 818 65 162 1006 189 0 0 0 0 100 106 154 0 0 0 0 40 0 0 781 20 0 0 0 0 0 0 0 40 64 0 0 0 0 0 0 16 211 0 0 40 0 0 0 270 0 0 0 80 0 0 0 0 51 16 0 93 203 0 
0 0 0 0 0 0 0 0 0 0 0 0 0 0 0 0 0 0 0 0 0 0 0 0 0 0 0 0 0 0 0 0 0 0 0 0 0 0 0 0 0 0 0 0 0 0 0 0 0 0 0 0 0 0 0 0 0 0 0 0 0 0 0 0 0 0 0 0 0 0 0 0 0 0 0 0 0 0 0 0 0 0 0 0 0 0 0 0 0 0 0 0 0 0 0 0 0 0 0 0 0 0 0 0 0 0 0 0 0 0 0 0 0 0 0 0 0 0 0 0 0 0 0 0 0 0 0 0 0 0 0 0 0 0 0 0 0 0 0 0 0 0 0 0 0 0 0 0 0 0 0 0 0 0 0 0 0 0 0 0 0 0 0 0 0 0 0 0 0 0 0 0 0 0 0 0 0 0 0 0 0 0 0 0 0 0 0 0 0 0 0 0 0 0 0 0 0 0 0 0 0 0 0 0 0 0 0 0 0 0 0 
0 0 0 0 0 0 0 0 0 0 0 0 0 0 0 0 0 0 0 0 0 0 0 0 0 0 0 0 0 0 0 0 0 0 0 0 0 0 0 0 0 0 0 0 0 0 0 0 0 0 0 0 0 0 0 0 0 0 0 0 0 0 0 0 0 0 0 0 0 0 0 0 0 0 0 0 0 0 0 0 0 0 0 0 0 0 0 0 0 0 0 0 0 0 0 0 0 0 0 0 0 0 0 0 0 0 0 0 0 0 0 0 0 0 0 0 0 0 0 0 0 0 0 0 0 0 0 0 0 0 0 0 0 0 0 0 0 0 0 0 0 0 0 0 0 0 0 0 0 0 0 0 0 0 0 0 0 0 0 0 0 0 0 0 0 0 0 0 0 0 0 0 0 0 0 0 0 0 0 0 0 0 0 0 0 0 0 0 0 0 0 0 0 0 0 0 0 0 0 0 0 0 0 0 0 0 0 0 0 0 0 
0 0 0 0 0 0 0 0 0 0 0 0 0 0 0 0 0 0 0 0 0 0 0 0 0 0 0 0 0 0 0 0 0 0 0 0 0 0 0 0 0 0 0 0 0 0 0 0 0 0 0 0 0 0 0 0 0 0 0 0 0 0 0 0 0 0 0 0 0 0 0 0 0 0 0 0 0 0 0 0 0 0 0 0 0 0 0 0 0 0 0 0 0 0 0 0 0 0 0 0 0 0 0 0 0 0 0 0 0 0 0 0 0 0 0 0 0 0 0 0 0 0 0 0 0 0 0 0 0 0 0 0 0 0 0 0 0 0 0 0 0 0 0 0 0 0 0 0 0 0 0 0 0 0 0 0 0 0 0 0 0 0 0 0 0 0 0 0 0 0 0 0 0 0 0 0 0 0 0 0 0 0 0 0 0 0 0 0 0 0 0 0 0 0 0 0 0 0 0 0 0 0 0 0 0 0 0 0 0 0 0 
219 0 0 0 0 0 0 0 0 0 20 0 0 0 0 0 0 0 0 0 0 0 0 580 16 0 0 0 0 0 145 0 0 0 80 0 0 0 0 0 0 0 0 0 0 0 0 0 0 100 0 0 0 0 0 0 0 0 0 0 0 0 0 0 0 0 51 0 0 0 0 0 0 0 0 0 53 26 0 0 0 0 0 37 0 0 0 0 0 0 77 0 0 0 0 0 0 0 0 0 0 0 0 0 0 0 0 0 0 0 0 0 0 0 0 0 0 362 0 0 0 67 0 0 20 0 0 0 64 0 64 0 0 0 0 0 0 0 0 0 0 0 0 0 0 16 0 0 128 0 0 0 0 0 0 867 173 26 0 0 0 0 39 26 0 0 0 0 0 0 0 553 0 0 0 0 0 0 26 0 0 0 0 0 0 0 0 0 51 0 0 0 32 0 0 0 53 0 40 0 0 0 0 0 0 0 106 0 0 0 0 
4524 0 0 0 256 0 0 0 0 0 80 156 0 0 514 320 0 0 0 0 242 0 833 3853 0 230 0 0 0 0 4282 0 0 0 429 128 0 0 0 429 106 0 0 0 0 32 0 0 373 721 80 13 0 64 0 0 0 849 0 0 92 0 0 16 0 83 139 0 0 0 80 0 0 49 0 32 1317 649 244 0 0 208 1396 2718 0 161 0 0 0 310 3780 142 115 0 104 67 0 0 335 300 215 0 338 84 427 96 169 0 0 0 0 316 0 0 0 0 0 5103 64 705 0 208 0 0 191 304 0 0 106 0 268 0 0 0 0 0 0 0 0 0 0 80 34 0 0 120 0 16 378 71 0 0 555 16 1155 12096 694 603 127 0 13 418 3148 984 0 168 0 305 0 0 0 5770 195 0 57 0 0 0 16 0 130 221 51 80 64 0 0 0 34 0 201 0 34 0 0 0 569 103 40 0 131 0 39 0 0 469 731 0 0 461 0 
80 0 0 0 0 0 0 0 0 0 0 0 0 0 0 0 0 0 0 0 0 0 0 49 0 0 0 0 0 0 0 0 0 0 0 0 0 0 0 0 0 0 0 0 0 0 0 0 0 0 0 0 0 0 0 0 0 0 0 0 0 0 0 0 0 0 0 0 0 0 0 0 0 0 0 0 100 0 0 0 0 0 0 0 0 0 0 0 0 0 0 0 0 0 0 0 0 0 0 0 0 0 0 0 0 0 0 0 0 0 0 0 0 0 0 0 0 0 0 0 0 0 0 0 0 0 0 0 0 0 0 0 0 0 0 0 0 0 0 0 0 0 0 0 0 0 0 0 0 0 0 0 0 0 0 0 0 0 0 0 0 0 0 100 0 0 0 0 0 0 0 0 0 0 0 0 0 0 0 0 0 0 0 0 0 0 0 0 0 0 0 0 0 0 0 0 0 0 0 0 0 0 0 0 0 0 0 0 0 0 0 
0 0 0 0 0 0 0 0 0 0 0 0 0 0 0 0 0 0 0 0 0 0 0 0 0 0 0 0 0 0 0 0 0 0 0 0 0 0 0 0 0 0 0 0 0 0 0 0 0 0 0 0 0 0 0 0 0 0 0 0 0 0 0 0 0 0 0 0 0 0 0 0 0 0 0 0 0 0 0 0 0 0 0 0 0 0 0 0 0 0 0 0 0 0 0 0 0 0 0 0 0 0 0 0 0 0 0 0 0 0 0 0 0 0 0 0 0 0 0 0 0 0 0 0 0 0 0 0 0 0 0 0 0 0 0 0 0 0 0 0 0 0 0 0 0 0 0 0 0 0 0 0 0 0 0 0 0 0 0 0 0 0 0 0 0 0 0 0 0 0 0 0 0 0 0 0 0 0 0 0 0 0 0 0 0 0 0 0 0 0 0 0 0 0 0 0 0 0 0 0 0 0 0 0 0 0 0 0 0 0 0 
0 0 0 0 0 0 0 0 0 0 0 0 0 0 0 0 0 0 0 0 0 0 0 0 0 0 0 0 0 0 0 0 0 0 0 0 0 0 0 0 0 0 0 0 0 0 0 0 0 0 0 0 0 0 0 0 0 0 0 0 0 0 0 0 0 0 0 0 0 0 0 0 0 0 0 0 0 0 0 0 0 0 0 0 0 0 0 0 0 0 0 0 0 0 0 0 0 0 0 0 0 0 0 0 0 0 0 0 0 0 0 0 0 0 0 0 0 0 0 0 0 0 0 0 0 0 0 0 0 0 0 0 0 0 0 0 0 0 0 0 0 0 0 0 0 0 0 0 0 0 0 0 0 0 0 0 0 0 0 0 0 0 0 0 0 0 0 0 0 0 0 0 0 0 0 0 0 0 0 0 0 0 0 0 0 0 0 0 0 0 0 0 0 0 0 0 0 0 0 0 0 0 0 0 0 0 0 0 0 0 0 
3468 0 0 0 58 0 0 0 0 16 280 96 0 0 2007 30 0 0 0 0 42 0 465 4652 218 1352 0 0 0 46 646 20 0 0 886 64 0 0 0 305 0 0 0 0 0 32 26 80 577 637 83 0 0 96 0 0 0 20 0 0 88 26 0 40 0 0 100 0 0 0 0 0 0 51 0 32 483 556 0 0 0 480 144 1909 0 80 0 0 0 788 951 213 32 0 51 232 0 0 20 157 67 0 16 67 51 110 0 0 0 0 0 32 0 0 0 0 0 5614 40 218 1700 1468 0 0 129 49 0 77 0 0 96 16 0 0 0 0 0 0 0 0 32 40 0 0 0 116 0 0 762 292 0 73 785 26 1264 17489 606 73 116 0 0 343 912 2294 0 72 115 0 32 0 20 2038 64 0 176 0 0 0 147 0 115 627 0 0 72 0 0 0 151 64 918 0 154 0 16 0 1729 0 64 0 330 0 69 0 32 56 911 40 90 391 0 
343 0 0 0 0 0 0 0 0 0 0 0 0 0 0 0 0 0 0 0 0 0 32 566 40 100 0 0 0 0 0 0 0 0 42 0 0 0 0 0 13 0 0 0 0 0 0 0 0 151 0 0 0 0 0 0 0 0 0 0 0 0 0 0 0 0 100 0 0 0 0 0 0 0 0 0 0 501 0 0 0 0 26 396 0 0 0 0 0 0 46 20 0 0 0 0 0 0 0 0 0 0 0 0 0 0 0 0 0 0 0 0 0 0 0 0 0 329 0 40 0 80 0 0 0 0 0 0 0 0 0 64 0 0 0 0 0 0 0 0 0 0 0 0 0 0 0 0 0 0 0 0 32 0 154 934 80 0 120 0 0 0 80 0 0 0 0 0 0 0 0 745 40 0 0 0 0 0 0 0 0 0 0 0 0 0 0 0 0 0 0 0 72 0 100 0 80 0 0 0 0 0 0 0 0 0 333 0 0 0 0 
0 0 0 0 0 0 0 0 0 0 0 0 0 0 0 0 0 0 0 0 0 0 0 0 0 0 0 0 0 0 0 0 0 0 0 0 0 0 0 0 0 0 0 0 0 0 0 0 0 0 0 0 0 0 0 0 0 0 0 0 0 0 0 0 0 0 0 0 0 0 0 0 0 0 0 0 0 0 0 0 0 0 0 0 0 0 0 0 0 0 0 0 0 0 0 0 0 0 0 0 0 0 0 0 0 0 0 0 0 0 0 0 0 0 0 0 0 0 0 0 0 0 0 0 0 0 0 0 0 0 0 0 0 0 0 0 0 0 0 0 0 0 0 0 0 0 0 0 0 0 0 0 0 0 0 0 0 0 0 0 0 0 0 0 0 0 0 0 0 0 0 0 0 0 0 0 0 0 0 0 0 0 0 0 0 0 0 0 0 0 0 0 0 0 0 0 0 0 0 0 0 0 0 0 0 0 0 0 0 0 0 
0 0 0 0 0 0 0 0 0 0 0 0 0 0 0 0 0 0 0 0 0 0 0 0 0 0 0 0 0 0 0 0 0 0 0 0 0 0 0 0 0 0 0 0 0 0 0 0 0 0 0 0 0 0 0 0 0 0 0 0 0 0 0 0 0 0 0 0 0 0 0 0 0 0 0 0 0 0 0 0 0 0 0 0 0 0 0 0 0 0 0 0 0 0 0 0 0 0 0 0 0 0 0 0 0 0 0 0 0 0 0 0 0 0 0 0 0 0 0 0 0 0 0 0 0 0 0 0 0 0 0 0 0 0 0 0 0 0 0 0 0 0 0 0 0 0 0 0 0 0 0 0 0 0 0 0 0 0 0 0 0 0 0 0 0 0 0 0 0 0 0 0 0 0 0 0 0 0 0 0 0 0 0 0 0 0 0 0 0 0 0 0 0 0 0 0 0 0 0 0 0 0 0 0 0 0 0 0 0 0 0 
16 0 0 0 0 0 0 0 0 0 0 0 0 0 0 0 0 0 0 0 0 0 40 0 0 32 0 0 0 0 0 0 0 0 40 0 0 0 0 0 0 0 0 0 0 20 0 0 0 32 0 0 0 0 0 0 0 80 0 0 0 0 0 0 0 0 0 0 0 0 0 0 0 0 0 0 0 0 0 0 0 0 40 51 0 0 0 0 0 0 100 0 0 0 0 0 0 0 0 0 0 0 0 0 0 0 0 0 0 0 0 0 0 0 0 0 0 0 0 0 0 0 0 0 41 0 0 0 0 0 0 0 0 0 0 0 0 0 0 0 0 0 0 0 0 0 0 0 0 0 0 0 0 0 51 289 0 0 0 0 0 0 13 0 0 0 0 16 0 0 0 92 0 0 0 0 0 0 0 0 0 0 0 0 0 0 0 0 32 0 0 0 0 0 0 0 16 0 0 0 0 0 0 0 0 0 0 0 0 16 0 
284 0 0 0 0 0 0 0 0 0 0 92 0 0 51 0 0 0 0 0 16 0 26 752 0 0 0 0 0 0 135 0 0 0 123 0 0 0 0 0 0 0 0 0 0 0 0 0 0 41 160 0 0 0 0 0 0 426 0 0 0 0 0 0 0 0 20 0 0 0 0 0 0 0 0 0 73 113 0 0 0 0 0 328 0 0 0 0 0 77 623 0 0 0 0 0 0 0 0 0 26 0 0 0 16 0 40 0 0 0 0 16 0 0 0 0 0 675 0 175 0 32 0 0 116 0 0 0 291 0 0 0 0 0 0 0 0 0 0 0 0 0 0 0 0 80 0 80 40 100 0 0 51 0 202 2540 1046 0 64 0 0 20 654 213 0 0 80 0 0 0 0 513 51 0 0 0 0 0 0 0 0 80 0 0 0 0 0 0 133 0 0 0 16 0 0 13 0 0 32 0 80 0 0 0 0 0 241 0 0 80 0 
183 0 0 0 0 0 0 0 0 0 0 0 0 0 51 0 0 0 0 0 0 0 0 443 0 0 0 0 0 0 0 0 0 0 0 0 0 0 0 0 0 0 0 0 0 0 0 0 0 20 0 0 0 0 0 0 0 0 0 0 26 0 0 0 0 0 0 0 0 0 0 0 0 0 0 0 20 0 0 0 0 0 0 116 0 0 0 0 0 0 0 0 0 0 0 0 0 0 80 0 0 0 0 0 0 0 0 0 0 0 0 0 0 0 0 0 0 179 0 26 0 0 0 0 0 80 0 0 0 0 0 0 0 0 0 0 0 0 0 0 0 0 0 0 0 0 0 0 0 0 0 0 0 0 0 392 200 0 0 0 0 0 0 0 0 0 0 0 0 0 0 151 0 0 0 0 0 0 0 0 64 0 0 0 0 0 0 0 0 0 0 0 0 0 0 0 0 0 0 0 0 0 0 0 0 0 32 0 0 0 0 
0 0 0 0 0 0 0 0 0 0 0 0 0 0 0 0 0 0 0 0 0 0 0 84 0 0 0 0 0 0 0 0 0 0 0 0 0 0 0 0 0 0 0 0 0 0 0 0 20 0 0 0 0 0 0 0 0 0 0 0 0 0 0 0 0 0 0 0 0 0 0 0 0 0 0 0 32 0 0 0 0 0 0 0 0 0 0 0 0 0 0 0 0 0 0 0 0 0 0 0 0 0 0 0 0 0 0 0 0 0 0 0 0 0 0 0 0 40 0 0 0 0 0 0 0 0 0 0 0 0 0 0 0 0 0 0 0 0 0 0 0 0 0 0 0 0 0 0 0 0 0 0 0 0 0 77 0 0 0 0 0 0 0 0 0 0 0 0 0 0 0 0 0 0 0 0 0 0 0 0 0 0 0 0 0 0 0 0 0 0 0 0 0 0 0 0 0 0 0 0 0 0 0 0 0 0 80 0 0 0 0 
0 0 0 0 0 0 0 0 0 0 0 0 0 0 0 0 0 0 0 0 0 0 0 0 0 0 0 0 0 0 0 0 0 0 0 0 0 0 0 0 0 0 0 0 0 0 0 0 0 0 0 0 0 0 0 0 0 0 0 0 0 0 0 0 0 0 0 0 0 0 0 0 0 0 0 0 0 0 0 0 0 0 0 0 0 0 0 0 0 0 0 0 0 0 0 0 0 0 0 0 0 0 0 0 0 0 0 0 0 0 0 0 0 0 0 0 0 13 0 0 0 0 0 0 0 0 0 0 0 0 0 0 0 0 0 0 0 0 0 0 0 0 0 0 0 0 0 0 0 0 0 0 0 0 0 0 0 0 0 0 0 0 0 0 0 0 0 0 0 0 0 0 0 0 0 0 0 0 0 0 0 0 0 0 0 0 0 0 0 0 0 0 0 0 0 0 100 0 0 0 0 0 0 0 0 0 0 0 0 0 0 
0 0 0 0 0 0 0 0 0 0 0 0 0 0 0 0 0 0 0 0 0 0 0 0 0 0 0 0 0 0 0 0 0 0 0 0 0 0 0 0 0 0 0 0 0 0 0 0 0 0 0 0 0 0 0 0 0 0 0 0 0 0 0 0 0 0 0 0 0 0 0 0 0 0 0 0 0 0 0 0 0 0 0 0 0 0 0 0 0 0 0 0 0 0 0 0 0 0 0 0 0 0 0 0 0 0 0 0 0 0 0 0 0 0 0 0 0 0 0 0 0 0 0 0 0 0 0 0 0 0 0 0 0 0 0 0 0 0 0 0 0 0 0 0 0 0 0 0 0 0 0 0 0 0 0 0 0 0 0 0 0 0 0 0 0 0 0 0 0 0 0 0 0 0 0 0 0 0 0 0 0 0 0 0 0 0 0 0 0 0 0 0 0 0 0 0 0 0 0 0 0 0 0 0 0 0 0 0 0 0 0 
125 0 0 0 0 0 0 0 0 0 0 0 0 0 0 0 0 0 0 0 0 0 16 13 0 0 0 0 0 0 0 0 0 0 32 26 0 0 0 0 0 0 0 0 0 0 0 0 0 0 0 0 0 0 0 0 0 0 0 0 0 0 0 0 0 0 0 0 0 0 0 0 0 0 0 0 0 20 0 0 0 0 0 0 0 0 0 0 0 0 213 100 0 0 0 0 0 0 0 0 0 0 0 20 0 80 0 0 0 0 0 0 0 0 0 0 0 157 0 0 0 0 0 0 0 0 0 0 32 0 0 0 0 0 0 0 0 0 0 0 0 0 0 0 0 0 0 0 40 0 0 0 0 0 0 347 0 0 0 0 0 0 0 0 0 0 0 0 0 0 0 40 0 0 0 0 0 0 0 0 0 0 0 0 0 0 0 0 0 0 0 0 0 0 0 0 0 0 0 0 0 0 0 0 0 0 0 0 0 80 0 
104 0 0 0 80 0 0 0 0 0 0 0 0 0 64 0 0 0 0 0 0 0 0 1515 0 0 0 0 0 0 53 0 0 0 32 0 0 0 0 26 0 40 0 0 0 0 0 0 0 0 0 0 0 0 0 0 0 13 0 0 0 0 0 0 0 0 0 0 0 0 0 0 0 0 0 0 26 0 0 0 0 0 0 30 0 0 0 0 0 0 16 0 0 0 0 0 0 0 0 0 0 0 0 0 0 0 0 0 0 0 0 0 0 0 0 0 0 322 0 0 0 32 0 0 0 0 0 0 0 0 0 0 0 0 0 0 0 0 0 0 0 0 0 0 0 0 0 0 0 0 0 0 0 0 0 1484 264 0 0 0 0 100 0 100 0 253 0 0 0 0 0 89 0 0 0 0 0 0 0 0 0 0 0 0 40 0 0 0 0 0 0 0 0 0 0 0 51 0 0 0 266 0 0 0 0 0 0 0 0 0 0 
0 0 0 0 0 0 0 0 0 0 0 0 0 0 0 0 0 0 0 0 0 0 0 218 0 0 0 0 0 0 0 0 0 0 0 0 0 0 0 0 0 0 0 0 0 0 0 0 0 120 0 0 0 0 0 0 0 0 0 0 0 0 0 0 0 0 32 0 0 0 0 0 0 0 0 0 0 0 0 0 0 0 0 40 0 0 0 0 0 0 0 0 0 0 0 0 0 0 0 0 0 0 0 0 0 0 0 0 0 0 0 0 0 0 0 0 0 147 0 0 0 0 0 0 0 0 0 0 0 0 0 26 0 0 0 0 0 0 0 0 0 40 0 0 0 0 0 0 0 0 0 0 0 0 0 393 0 0 0 0 0 0 120 0 0 0 0 0 0 0 0 81 0 0 0 0 0 0 0 0 0 0 0 0 0 0 0 0 0 0 0 0 0 0 0 0 126 0 32 0 0 0 0 0 0 0 0 0 0 0 0 
0 0 0 0 0 0 0 0 0 0 16 151 0 0 46 0 0 0 0 0 40 0 0 988 0 0 0 0 0 0 0 0 0 0 13 0 0 0 0 0 0 0 0 0 0 0 0 0 0 140 0 0 0 0 0 0 0 0 0 0 0 0 0 0 0 0 0 0 0 0 0 0 0 0 0 0 177 116 0 0 0 0 0 300 0 0 0 0 0 0 16 0 26 0 0 0 0 0 16 0 0 0 0 0 0 0 0 0 0 0 0 0 0 0 0 0 0 272 0 20 0 0 0 0 0 0 0 0 0 0 0 0 0 0 0 0 0 0 0 0 0 0 0 0 0 0 0 0 20 0 0 0 0 0 20 479 26 0 0 0 0 0 64 0 0 279 0 0 0 0 0 367 0 0 0 0 0 0 0 0 0 26 0 0 0 0 0 0 0 0 0 0 0 0 0 0 0 0 80 0 275 0 0 0 0 51 72 220 64 0 0 
1325 0 0 0 13 32 0 16 0 0 244 142 0 0 789 32 0 100 0 0 0 0 131 1798 0 268 0 0 0 26 746 16 0 0 488 33 0 0 0 20 0 0 0 0 0 80 13 20 0 313 0 32 0 0 0 0 0 90 0 0 51 0 100 100 32 0 120 0 0 0 0 0 0 152 0 0 272 211 0 0 0 0 100 1881 0 0 0 0 40 75 1955 32 20 0 52 484 0 0 51 0 120 0 138 40 131 51 0 0 0 0 0 326 0 0 0 0 100 2104 64 351 32 193 0 0 30 179 0 40 73 0 92 79 0 0 0 0 0 0 0 0 0 13 0 0 0 80 0 80 288 408 0 64 275 118 1236 3882 430 0 300 0 0 337 721 508 0 26 343 64 0 0 64 2156 0 0 0 0 0 0 26 0 0 135 90 0 131 0 0 0 100 0 420 0 20 0 0 0 346 0 13 0 37 0 26 0 0 391 436 80 80 276 0 
3496 0 0 0 61 20 0 0 0 16 121 53 0 0 528 0 0 0 0 0 51 0 919 6261 149 300 0 0 0 0 636 0 0 0 474 0 0 0 0 64 0 0 0 0 0 83 51 32 157 954 64 80 0 16 0 0 0 159 0 0 119 0 32 69 0 0 294 0 0 0 0 0 0 20 0 100 475 281 0 0 0 64 0 2233 0 0 0 0 0 182 871 311 0 0 0 40 0 0 160 0 16 0 80 188 0 51 0 0 0 0 0 132 0 0 0 0 0 5858 0 465 0 326 0 0 502 240 0 0 51 40 54 13 26 0 0 0 0 0 0 0 0 16 0 0 0 51 0 0 650 895 0 0 380 40 929 16110 595 144 13 0 0 370 764 616 0 392 80 16 40 0 0 2221 102 0 0 0 0 0 26 0 80 525 0 0 180 0 0 0 244 64 32 0 106 0 26 0 3640 0 47 0 703 0 128 0 32 0 618 58 16 196 0 
117 0 0 0 0 51 0 0 0 64 0 0 0 0 64 0 0 0 0 0 0 0 0 218 0 0 0 0 0 0 64 0 0 0 144 0 0 0 0 0 0 0 0 0 0 0 0 0 40 0 26 0 0 0 0 0 0 0 0 0 20 0 0 0 0 0 0 0 0 0 0 0 0 0 0 0 64 104 0 0 0 0 40 160 0 0 0 0 0 0 51 0 0 0 0 0 0 0 0 0 0 0 0 0 0 0 0 0 0 0 0 141 0 0 0 32 0 403 0 0 0 131 0 0 0 16 0 0 0 0 0 40 0 0 0 0 0 0 0 0 0 0 0 0 0 0 0 0 0 51 0 0 0 0 52 799 0 0 0 0 0 0 0 0 0 0 13 0 0 0 0 336 0 0 0 0 0 0 0 0 0 208 0 0 0 0 0 0 0 0 51 0 0 0 0 0 0 0 0 0 0 0 0 0 0 26 0 0 32 0 0 
82 0 0 0 0 0 0 0 0 0 0 0 0 0 0 0 0 0 0 0 0 0 0 387 0 0 0 0 0 0 26 0 0 0 64 0 0 0 0 0 0 0 0 0 0 0 0 0 0 112 0 0 0 0 0 0 0 64 0 0 0 0 0 0 0 0 16 0 0 0 0 0 0 0 0 0 0 0 0 0 0 100 0 47 0 0 0 0 0 47 13 0 0 0 0 0 0 0 40 0 0 0 0 0 0 0 0 0 0 0 0 0 0 0 0 0 0 307 0 0 0 0 0 0 0 0 0 0 0 0 0 0 0 0 0 0 0 0 0 0 0 0 0 0 0 0 0 0 0 51 0 0 13 0 80 115 0 0 0 0 0 0 0 0 0 0 0 0 0 0 0 87 0 0 0 0 0 0 0 0 0 0 0 0 0 0 0 0 0 0 0 0 0 0 0 0 150 0 0 0 128 0 16 0 0 0 0 0 0 0 0 
0 0 0 0 0 0 0 0 0 0 0 0 0 0 0 0 0 0 0 0 0 0 0 0 0 0 0 0 0 0 0 0 0 0 0 0 0 0 0 0 0 0 0 0 0 0 0 0 0 0 0 0 0 0 0 0 0 0 0 0 0 0 0 0 0 0 0 0 0 0 0 0 0 0 0 0 0 0 0 0 0 0 0 0 0 0 0 0 0 0 0 0 0 0 0 0 0 0 0 0 0 0 0 0 0 0 0 0 0 0 0 0 0 0 0 0 0 0 0 0 0 0 0 0 0 0 0 0 0 0 0 0 0 0 0 0 0 0 0 0 0 0 0 0 0 0 0 0 0 0 0 0 0 0 0 0 0 0 0 0 0 0 0 0 0 0 0 0 0 0 0 0 0 0 0 0 0 0 0 0 0 0 0 0 0 0 0 0 0 0 0 0 0 0 0 0 0 0 0 0 0 0 0 0 0 0 0 0 0 0 0 
112 0 0 0 0 0 0 0 0 0 0 0 0 0 0 0 0 0 0 0 0 0 0 285 0 0 0 0 0 100 0 0 0 0 73 0 0 0 0 0 0 0 0 0 0 0 0 0 0 0 0 0 0 0 0 0 0 40 0 0 0 0 0 0 0 0 0 0 0 0 0 0 0 0 0 0 0 0 0 0 0 0 0 13 0 0 0 0 0 0 67 0 0 0 0 0 0 0 0 0 0 0 0 0 0 0 20 0 0 0 0 0 51 0 0 0 0 216 0 0 0 0 0 0 83 26 0 0 0 0 51 0 0 0 0 0 0 0 0 0 0 0 0 0 0 0 0 0 0 0 0 0 0 0 64 232 240 0 0 0 0 0 64 80 0 13 0 0 0 0 0 94 0 0 0 0 0 0 0 0 26 300 0 0 0 0 0 0 0 0 0 0 0 0 0 0 40 0 0 0 0 0 0 0 0 0 80 0 0 0 0 
0 0 0 0 0 0 0 0 0 0 0 0 0 0 0 0 0 0 0 0 0 0 0 0 0 0 0 0 0 0 0 0 0 0 0 0 0 0 0 0 0 0 0 0 0 0 0 0 0 0 0 0 0 0 0 0 0 0 0 0 0 0 0 0 0 0 0 0 0 0 0 0 0 0 0 0 0 0 0 0 0 0 0 0 0 0 0 0 0 0 0 0 0 0 0 0 0 0 0 0 0 0 0 0 0 0 0 0 0 0 0 0 0 0 0 0 0 0 0 0 0 0 0 0 0 0 0 0 0 0 0 0 0 0 0 0 0 0 0 0 0 0 0 0 0 0 0 0 0 0 0 0 0 0 0 0 0 0 0 0 0 0 0 0 0 0 0 0 0 0 0 0 0 0 0 0 0 0 0 0 0 0 0 0 0 0 0 0 0 0 0 0 0 0 0 0 0 0 0 0 0 0 0 0 0 0 0 0 0 0 0 
92 0 0 0 0 0 0 0 0 0 0 0 0 0 0 0 0 0 0 0 0 0 0 37 0 0 0 0 0 0 0 0 0 0 0 0 0 0 0 0 0 0 0 0 0 0 0 0 0 0 0 0 0 0 0 0 0 100 0 0 0 0 0 0 0 0 0 0 0 0 0 0 0 0 0 0 0 0 0 0 0 0 0 20 0 0 0 0 0 0 0 0 0 0 0 0 0 0 0 0 64 0 0 0 0 0 0 0 0 0 0 0 0 0 0 0 0 90 0 51 0 0 0 0 0 0 0 0 0 0 0 0 0 0 0 0 0 0 0 0 0 0 0 0 0 0 0 0 0 0 0 0 0 0 100 149 0 0 0 0 0 0 0 0 0 0 0 0 0 0 0 0 0 0 0 0 0 0 0 0 51 0 0 0 0 0 0 0 0 0 0 0 0 0 0 0 0 0 0 0 0 0 0 0 0 0 40 0 0 0 0 
0 0 0 0 0 0 0 0 0 0 0 0 0 0 216 0 0 0 0 0 0 0 0 72 0 0 0 0 0 0 0 0 0 0 0 0 0 0 0 0 0 0 0 0 0 0 0 0 0 0 0 0 0 0 0 0 0 0 0 0 0 0 0 0 0 0 0 0 0 0 0 0 0 0 0 0 0 16 0 0 0 0 0 0 0 0 0 0 0 0 0 0 0 0 0 0 0 0 0 0 0 0 0 0 0 0 0 0 0 0 0 0 0 0 0 0 0 104 0 0 0 13 0 0 0 0 0 0 0 0 0 0 0 0 0 0 0 0 0 0 0 0 0 0 0 51 0 0 0 0 0 0 0 0 51 272 0 0 0 0 0 26 0 26 0 0 0 0 0 0 0 0 0 0 0 0 0 0 0 0 0 0 0 0 0 0 0 0 100 0 0 0 0 0 0 0 0 0 0 0 0 0 0 0 0 0 0 0 0 0 0 
290 0 0 0 0 20 0 0 100 0 0 32 0 0 137 0 0 0 0 0 0 0 190 1073 0 279 0 0 0 0 236 0 0 0 184 0 0 0 0 0 32 0 0 0 0 0 26 13 96 150 32 0 0 0 0 0 0 94 0 0 322 0 0 0 0 0 0 0 0 0 0 0 0 0 0 0 236 201 0 0 0 80 40 643 0 0 0 0 0 241 386 101 0 80 0 51 0 0 0 0 20 0 195 20 0 0 20 0 0 0 0 42 0 0 77 0 0 721 0 191 0 51 0 0 51 0 0 0 80 0 13 0 0 0 0 0 0 0 0 0 0 0 32 32 0 26 0 0 160 0 0 0 247 0 64 1372 229 80 200 13 0 26 177 141 0 80 0 121 0 0 0 823 0 0 0 0 16 0 0 0 224 144 0 0 0 0 0 0 51 32 40 0 0 0 0 0 88 0 0 0 0 0 0 0 0 0 220 0 137 47 0 
0 0 0 0 0 0 0 0 0 0 0 0 0 0 0 0 0 0 0 0 0 0 0 64 0 0 0 0 0 0 0 0 0 0 0 0 0 0 0 0 0 0 0 0 0 0 0 0 0 0 0 0 0 0 0 0 0 0 0 0 0 0 0 0 0 0 0 0 0 0 0 0 0 0 0 0 0 0 0 0 0 0 0 26 0 0 0 0 0 0 0 0 0 0 0 0 0 0 40 0 0 0 0 0 0 0 0 0 0 0 0 0 0 0 0 0 0 13 0 0 0 0 0 0 0 0 0 0 0 0 0 0 0 0 0 0 0 0 0 0 0 0 0 0 0 0 0 0 0 0 0 0 0 0 0 20 0 0 0 0 0 0 0 0 0 0 0 0 0 0 0 100 0 0 0 0 0 0 0 0 0 0 0 0 0 0 0 0 0 0 0 0 0 0 0 0 0 0 0 0 0 0 0 0 0 0 0 0 0 0 0 
0 0 0 0 0 0 0 0 0 0 0 0 0 0 0 0 0 0 0 0 0 0 0 0 0 0 0 0 0 0 0 0 0 0 0 0 0 0 0 0 0 0 0 0 0 0 0 0 0 0 0 0 0 0 0 0 0 0 0 0 0 0 0 0 0 0 0 0 0 0 0 0 0 0 0 0 0 0 0 0 0 0 0 0 0 0 0 0 0 0 0 0 0 0 0 0 0 0 0 0 0 0 0 0 0 0 0 0 0 0 0 0 0 0 0 0 0 0 0 0 0 0 0 0 0 0 0 0 0 0 0 0 0 0 0 0 0 0 0 0 0 0 0 0 0 0 0 0 0 0 0 0 0 0 0 0 0 0 0 0 0 0 0 0 0 0 0 0 0 0 0 0 0 0 0 0 0 0 0 0 0 0 0 0 0 0 0 0 0 0 0 0 0 0 0 0 0 0 0 0 0 0 0 0 0 0 0 0 0 0 0 
564 0 0 0 20 0 0 0 0 0 0 0 0 0 80 13 0 0 0 0 0 0 51 1434 0 0 0 0 0 0 164 0 0 0 368 0 0 0 0 72 0 0 0 0 0 16 40 0 0 540 0 0 0 0 0 0 0 83 0 0 0 0 0 0 0 0 91 0 0 0 0 0 0 0 0 0 118 257 0 0 0 0 0 326 0 0 0 0 0 164 137 100 0 0 0 0 0 0 0 0 40 0 0 32 0 0 100 0 0 0 0 0 0 0 0 0 51 550 0 140 0 0 0 0 13 90 0 0 0 0 103 0 0 0 0 0 0 0 0 0 0 0 0 0 0 0 0 0 116 0 0 0 0 0 67 3089 275 0 26 0 0 164 133 42 0 0 0 264 0 0 0 1384 40 0 0 0 0 0 16 0 0 1263 80 0 0 0 0 0 0 0 92 0 51 0 0 0 104 0 0 0 64 0 0 0 0 0 511 0 0 0 0 
0 0 0 0 0 0 0 0 0 0 0 0 0 0 0 0 0 0 0 0 0 0 0 32 0 0 0 0 0 0 0 0 0 0 20 0 0 0 0 0 0 0 0 0 0 0 0 0 0 32 0 0 0 0 0 0 0 0 0 0 0 0 0 0 0 0 0 0 0 0 0 0 0 0 0 0 0 0 0 0 0 0 0 0 0 0 0 0 0 0 0 0 0 0 0 0 0 0 0 0 0 0 0 0 0 0 0 0 0 0 0 0 0 0 0 0 0 0 0 0 0 0 0 0 0 0 0 0 0 0 0 0 0 0 0 0 0 0 0 0 0 0 0 0 0 0 0 0 0 0 0 0 0 0 0 90 0 0 0 0 0 0 0 0 0 0 0 0 0 0 0 131 0 0 0 0 0 0 0 0 0 0 0 0 0 0 0 0 0 0 0 0 0 0 0 0 30 0 0 0 0 0 0 0 0 0 0 0 0 0 0 
51 0 0 0 0 0 0 0 0 0 0 0 0 0 500 0 0 0 0 0 0 0 0 229 0 0 0 0 0 0 26 0 0 0 67 0 0 0 0 0 0 0 0 0 0 0 0 0 0 128 0 0 0 0 0 0 0 0 0 0 0 0 0 0 0 0 0 0 0 0 0 0 0 0 0 0 0 0 0 0 0 0 0 153 0 0 0 0 0 16 13 0 0 0 0 0 0 0 0 0 0 0 0 0 0 0 0 0 0 0 0 0 0 0 0 0 0 420 0 0 0 51 0 0 0 0 0 0 0 0 0 64 0 0 0 0 0 0 0 0 0 0 0 0 0 0 0 0 0 0 0 0 0 0 100 1120 0 0 0 0 0 0 0 352 0 0 0 0 0 0 0 142 0 0 0 0 0 0 0 0 0 0 0 0 0 0 0 0 0 0 0 0 0 0 0 0 126 0 0 0 16 0 0 0 0 0 26 0 0 0 0 
245 0 0 0 0 0 0 0 0 0 32 0 0 0 13 0 0 51 0 0 0 0 46 648 0 0 0 0 0 0 277 0 0 0 26 0 0 0 0 0 0 0 0 0 0 0 0 0 0 217 0 0 0 20 0 0 0 0 0 0 51 0 0 40 64 0 0 0 0 0 0 0 0 0 0 0 92 49 0 0 0 0 77 314 0 0 0 0 0 0 131 186 0 0 67 0 0 0 0 0 80 0 40 0 0 80 0 0 0 0 0 0 0 0 0 0 0 571 0 0 0 532 0 0 80 1530 0 0 40 0 120 0 0 0 0 0 0 0 0 0 0 0 0 0 0 0 0 0 0 0 0 0 40 26 336 833 61 0 80 0 0 0 185 0 0 0 0 0 0 0 0 502 37 0 0 0 0 0 0 0 0 0 0 0 0 0 0 0 0 0 0 0 0 0 0 0 154 0 26 0 106 0 0 0 40 0 190 0 80 26 0 
0 0 0 0 0 0 0 0 0 0 0 0 0 0 0 0 0 0 0 0 0 0 32 128 0 0 0 0 0 0 0 0 0 0 0 0 0 0 0 120 0 0 0 0 0 0 0 0 0 0 0 0 0 0 0 0 0 13 0 0 0 0 0 26 0 0 0 0 0 0 0 0 0 0 0 0 0 0 0 0 0 0 0 140 0 0 0 0 0 0 32 0 0 0 100 0 0 0 0 0 0 0 0 0 0 0 0 0 0 0 0 0 0 0 0 0 0 374 0 32 0 160 0 0 327 40 0 0 0 0 0 0 0 0 0 0 0 0 0 0 0 0 0 0 0 0 0 64 0 151 0 0 0 0 16 203 160 0 0 0 0 80 13 0 0 0 0 0 0 0 0 104 0 0 0 0 0 0 0 0 0 0 0 0 0 0 0 0 0 0 0 0 0 0 0 0 0 0 0 0 0 0 0 0 0 0 106 0 0 0 0 
32 0 0 0 0 0 0 0 0 0 0 0 0 0 0 0 0 0 0 0 0 0 0 88 0 0 0 0 0 0 32 0 0 0 0 0 0 0 0 0 0 0 0 0 0 0 0 0 0 0 20 0 0 0 0 0 0 0 0 0 0 0 0 0 0 0 0 0 0 0 0 0 0 0 0 0 100 0 0 0 0 100 0 20 0 0 0 0 0 0 0 0 0 0 0 0 0 0 0 0 0 0 0 0 0 0 0 0 0 0 0 0 0 0 0 0 0 47 0 64 0 16 0 0 0 0 0 0 0 0 0 0 0 0 0 0 0 0 0 0 0 0 0 0 0 0 0 0 0 0 0 0 64 0 26 208 64 0 0 0 0 0 64 0 0 0 0 40 0 0 0 831 0 0 0 0 0 0 0 0 0 0 80 0 0 0 0 0 32 0 0 0 40 0 0 0 0 0 0 0 0 0 0 0 0 0 40 0 0 0 0 
152 0 0 0 0 0 0 0 0 0 0 0 0 0 238 0 0 0 0 0 0 0 0 863 0 16 0 0 0 0 99 0 0 0 147 51 0 0 0 0 80 0 0 0 0 0 0 26 0 262 0 0 0 0 0 0 0 0 0 0 13 0 0 0 0 0 0 0 0 0 51 0 0 0 0 0 182 26 0 0 0 0 53 1078 0 0 0 0 0 0 65 143 0 13 0 0 0 0 0 0 0 0 20 51 0 0 0 0 0 0 0 0 0 0 0 40 0 1070 0 80 13 600 0 0 16 500 0 0 0 0 0 200 0 0 0 80 0 0 0 0 0 0 0 0 0 80 0 0 164 40 0 0 0 0 380 1321 67 0 0 0 0 0 64 0 0 51 0 0 32 0 0 1097 0 0 40 0 0 0 0 0 0 96 0 0 0 0 0 0 0 0 47 0 300 0 0 0 327 0 0 0 172 0 0 0 0 0 163 100 0 129 0 
0 0 0 0 0 0 0 0 0 0 0 0 0 0 0 0 0 0 0 0 0 0 0 0 0 0 0 0 0 0 0 0 0 0 0 0 0 0 0 0 0 0 0 0 0 0 0 0 0 0 0 0 0 0 0 0 0 0 0 0 0 0 0 0 0 0 0 0 0 0 0 0 0 0 0 0 0 0 0 0 0 0 0 0 0 0 0 0 0 0 0 0 0 0 0 0 0 0 0 0 0 0 0 0 0 0 0 0 0 0 0 0 0 0 0 0 0 0 0 0 0 0 0 0 0 0 0 0 0 0 0 0 0 0 0 0 0 0 0 0 0 0 0 0 0 0 0 0 0 0 0 0 0 0 0 0 0 0 0 0 0 0 0 0 0 0 0 0 0 0 0 0 0 0 0 0 0 0 0 0 0 0 0 0 0 0 0 0 0 0 0 0 0 0 0 0 0 0 0 0 0 0 0 0 0 0 0 0 0 0 0 
0 0 0 0 0 0 0 0 0 0 0 0 0 0 0 0 0 0 0 0 0 0 0 0 0 0 0 0 0 0 0 0 0 0 0 0 0 0 0 0 0 0 0 0 0 0 0 0 0 0 0 0 0 0 0 0 0 0 0 0 0 0 0 0 0 0 0 0 0 0 0 0 0 0 0 0 0 0 0 0 0 0 0 0 0 0 0 0 0 0 0 0 0 0 0 0 0 0 0 0 0 0 0 0 0 0 0 0 0 0 0 0 0 0 0 0 0 0 0 0 0 0 0 0 0 0 0 0 0 0 0 0 0 0 0 0 0 0 0 0 0 0 0 0 0 0 0 0 0 0 0 0 0 0 0 0 0 0 0 0 0 0 0 0 0 0 0 0 0 0 0 0 0 0 0 0 0 0 0 0 0 0 0 0 0 0 0 0 0 0 0 0 0 0 0 0 0 0 0 0 0 0 0 0 0 0 0 0 0 0 0 
0 0 0 0 0 0 0 0 0 0 0 0 0 0 0 0 0 0 0 0 0 0 0 0 0 0 0 0 0 0 0 0 0 0 0 0 0 0 0 0 0 0 0 0 0 0 0 0 0 0 0 0 0 0 0 0 0 0 0 0 0 0 0 0 0 0 0 0 0 0 0 0 0 0 0 0 0 0 0 0 0 0 0 0 0 0 0 0 0 0 0 0 0 0 0 0 0 0 0 0 0 0 0 0 0 0 0 0 0 0 0 0 0 0 0 0 0 0 0 0 0 0 0 0 0 0 0 0 0 0 0 0 0 0 0 0 0 0 0 0 0 0 0 0 0 0 0 0 0 0 0 0 0 0 0 0 0 0 0 0 0 0 0 0 0 0 0 0 0 0 0 0 0 0 0 0 0 0 0 0 0 0 0 0 0 0 0 0 0 0 0 0 0 0 0 0 0 0 0 0 0 0 0 0 0 0 0 0 0 0 0 
0 0 0 0 0 0 0 0 0 0 0 13 0 0 0 0 0 13 0 0 0 0 0 270 0 0 0 0 0 0 0 0 0 0 26 0 0 0 0 0 0 0 0 0 0 0 0 0 16 0 0 0 0 0 0 0 0 0 0 0 0 0 0 0 0 0 0 0 0 0 0 0 0 0 0 0 26 0 0 0 0 0 0 100 0 0 0 0 0 0 0 0 0 0 0 0 0 0 0 0 0 0 0 0 0 0 0 0 0 0 0 0 0 0 0 0 0 144 0 0 0 0 0 0 13 0 0 0 0 0 0 0 0 0 0 0 0 0 0 0 0 0 0 0 0 0 0 0 0 100 0 0 0 0 200 523 0 0 0 0 0 0 0 0 0 0 0 0 0 0 0 13 0 0 0 0 0 0 0 0 0 26 0 0 0 0 0 0 100 0 0 0 0 0 0 0 102 0 0 0 0 0 0 0 0 0 0 0 0 0 0 
0 0 0 0 0 0 0 0 0 0 0 0 0 0 0 0 0 0 0 0 0 0 0 0 0 0 0 0 0 0 0 0 0 0 0 0 0 0 0 0 0 0 0 0 0 0 0 0 0 0 0 0 0 0 0 0 0 0 0 0 0 0 0 0 0 0 0 0 0 0 0 0 0 0 0 0 0 0 0 0 0 0 0 0 0 0 0 0 0 0 0 0 0 0 0 0 0 0 0 0 0 0 0 0 0 0 0 0 0 0 0 0 0 0 0 0 0 0 0 0 0 0 0 0 0 0 0 0 0 0 0 0 0 0 0 0 0 0 0 0 0 0 0 0 0 0 0 0 0 0 0 0 0 0 0 0 0 0 0 0 0 0 0 0 0 0 0 0 0 0 0 0 0 0 0 0 0 0 0 0 0 0 0 0 0 0 0 0 0 0 0 0 0 0 0 0 0 0 0 0 0 0 0 0 0 0 0 0 0 0 0 
0 0 0 0 0 0 0 0 0 0 0 0 0 0 0 0 0 0 0 0 0 0 0 0 0 0 0 0 0 0 32 0 0 0 0 0 0 0 0 0 0 0 0 0 0 0 0 0 0 0 0 0 0 0 0 0 0 0 0 0 0 0 0 0 0 0 0 0 0 0 0 0 0 0 0 0 0 0 0 0 0 0 0 0 0 0 0 0 0 0 0 0 0 0 0 0 0 0 0 0 0 0 0 0 0 0 0 0 0 0 0 0 0 0 0 0 0 0 0 64 0 0 0 0 0 0 0 0 0 0 0 0 0 0 0 0 0 0 0 0 0 0 0 0 0 0 0 0 0 0 0 0 0 0 0 0 100 0 0 0 0 0 0 0 0 0 0 0 0 0 0 0 0 0 0 0 0 0 0 0 0 0 0 0 0 0 0 0 0 0 0 0 0 0 0 0 0 0 0 0 0 0 0 0 0 0 0 0 0 0 0 
0 0 0 0 64 0 0 0 0 0 160 0 0 0 64 0 0 0 0 0 51 0 20 283 0 0 0 0 0 0 51 0 0 0 0 64 0 0 0 120 0 0 0 0 0 0 80 0 0 0 80 0 0 0 0 0 0 0 0 0 0 0 0 0 51 0 0 0 0 0 0 0 0 0 0 0 20 0 0 0 0 0 0 96 0 0 0 0 0 0 0 0 0 0 0 0 0 0 81 0 0 0 26 0 0 0 0 0 13 0 0 40 0 0 0 0 0 365 40 80 0 40 0 0 32 0 0 0 0 0 40 0 0 0 0 0 0 0 0 0 0 0 0 0 0 0 0 26 131 0 0 0 0 20 116 294 0 0 0 0 0 0 0 0 0 0 0 0 0 0 0 81 0 0 0 0 0 0 0 0 0 51 80 0 0 0 0 0 0 0 0 0 0 0 0 0 40 0 26 0 193 0 0 0 0 0 0 0 0 83 0 
0 0 0 0 0 0 0 0 0 0 0 0 0 0 0 0 0 0 0 0 0 0 0 0 0 0 0 0 0 0 0 0 0 0 0 0 0 0 0 0 0 0 0 0 0 0 0 0 0 0 0 0 0 0 0 0 0 0 0 0 0 0 0 0 0 0 0 0 0 0 0 0 0 0 0 0 0 0 0 0 0 0 0 0 0 0 0 0 0 0 0 0 0 0 0 0 0 0 0 0 0 0 0 0 0 0 0 0 0 0 0 0 0 0 0 0 0 0 0 0 0 0 0 0 0 0 0 0 0 0 0 0 0 0 0 0 0 0 0 0 0 0 0 0 0 0 0 0 0 0 0 0 0 0 0 0 0 0 0 0 0 0 0 0 0 0 0 0 0 0 0 0 0 0 0 0 0 0 0 0 0 0 0 0 0 0 0 0 0 0 0 0 0 0 0 0 0 0 0 0 0 0 0 0 0 0 0 0 0 0 0 
64 0 0 0 0 0 0 0 0 0 0 0 0 0 0 0 0 0 0 0 0 0 0 0 0 0 0 0 0 0 0 0 0 0 16 0 0 0 0 0 0 0 0 0 0 0 0 0 0 0 0 0 0 0 0 0 0 0 0 0 0 0 0 0 0 0 0 0 0 0 0 0 0 0 0 0 0 0 0 0 0 0 0 96 0 0 0 0 0 0 0 0 0 0 0 0 0 0 0 0 0 0 0 0 0 0 0 0 0 0 0 0 0 0 0 0 0 90 40 0 0 0 0 0 0 0 0 0 0 0 0 32 0 0 0 0 0 0 0 0 0 0 0 0 0 0 0 0 0 0 0 0 0 0 0 377 100 0 0 0 0 0 64 0 0 0 0 0 0 0 0 32 0 0 0 0 0 0 0 0 0 32 0 0 0 0 0 0 0 0 0 0 0 0 0 0 16 0 0 0 0 0 0 0 0 0 0 0 0 0 0 
3473 0 80 0 26 0 0 0 106 32 163 167 0 0 549 0 0 0 0 0 112 0 619 5528 0 667 0 0 0 64 888 0 0 0 300 0 0 0 0 72 80 16 0 0 0 13 0 20 321 332 0 0 0 0 0 0 0 138 0 0 0 0 64 0 0 0 196 0 0 0 80 0 0 144 0 0 684 378 0 0 0 80 125 1720 0 0 0 0 51 297 1215 251 0 0 115 37 0 0 795 0 96 0 77 192 0 13 0 0 0 0 40 157 0 0 0 115 0 3687 0 433 0 134 0 0 499 215 0 0 0 0 0 144 80 0 0 0 0 0 80 0 0 0 100 51 0 41 0 0 299 1278 0 0 451 121 886 9813 601 139 142 0 0 232 380 907 0 396 32 0 0 0 0 2927 40 0 115 0 0 0 0 0 141 254 100 0 83 0 0 0 210 0 177 0 16 0 0 0 620 0 40 0 362 0 64 0 0 0 819 51 0 0 0 
1095 0 0 0 151 100 0 0 0 13 64 40 0 0 639 32 0 0 0 0 167 0 361 3025 110 100 0 0 0 0 298 0 0 0 306 34 0 0 0 51 16 0 100 0 0 20 77 0 144 413 26 0 0 0 0 0 0 209 0 0 206 0 80 459 100 0 94 0 0 0 0 0 0 0 0 0 107 250 0 0 0 80 96 1205 0 0 0 0 0 353 806 165 112 40 80 0 0 0 147 20 51 0 83 26 51 0 0 0 0 0 0 112 0 0 0 64 0 2959 32 470 0 472 0 0 244 634 0 0 0 0 81 0 0 0 0 13 0 0 0 0 0 0 0 0 0 39 32 0 160 318 0 20 102 20 511 12351 591 13 90 0 0 377 615 492 0 26 0 124 0 0 0 3591 227 0 126 0 0 0 0 0 32 275 0 0 106 0 0 0 100 26 77 0 141 0 0 51 1827 0 67 0 0 0 0 0 0 51 555 0 0 131 0 
100 0 0 0 0 0 0 40 0 0 0 0 0 0 0 0 0 0 0 0 0 0 0 135 0 0 0 0 0 0 0 0 0 0 20 0 0 0 0 0 0 0 0 0 0 0 0 0 0 226 0 0 0 0 0 0 0 0 0 0 0 0 0 0 0 0 0 0 0 0 0 0 0 0 0 0 0 0 0 0 0 0 0 251 0 0 0 0 0 0 64 0 0 0 0 0 0 0 0 0 0 0 0 64 0 0 0 0 0 0 0 0 0 0 0 0 0 162 0 0 0 0 0 0 0 0 0 0 0 0 0 0 0 0 0 0 0 0 0 0 0 0 0 0 0 51 0 0 0 0 0 0 0 0 80 570 0 0 0 0 0 0 0 0 0 0 0 0 0 0 0 445 0 0 0 0 0 0 0 0 0 0 0 0 0 0 0 0 0 0 0 0 0 0 0 0 0 0 0 0 0 0 0 0 0 0 0 0 0 0 0 
0 0 0 0 0 0 0 0 0 0 0 0 0 0 0 0 0 0 0 0 0 0 0 0 0 0 0 0 0 0 0 0 0 0 0 0 0 0 0 0 0 0 0 0 0 0 0 0 0 0 0 0 0 0 0 0 0 0 0 0 0 0 0 0 0 0 0 0 0 0 0 0 0 0 0 0 0 0 0 0 0 0 0 0 0 0 0 0 0 0 0 0 0 0 0 0 0 0 0 0 0 0 0 0 0 0 0 0 0 0 0 0 0 0 0 0 0 0 0 0 0 0 0 0 0 0 0 0 0 0 0 0 0 0 0 0 0 0 0 0 0 0 0 0 0 0 0 0 0 0 0 0 0 0 0 0 0 0 0 0 0 0 0 0 0 0 0 0 0 0 0 0 0 0 0 0 0 0 0 0 0 0 0 0 0 0 0 0 0 0 0 0 0 0 0 0 0 0 0 0 0 0 0 0 0 0 0 0 0 0 0 
0 0 0 0 0 0 0 0 0 0 0 0 0 0 0 0 0 0 0 0 0 0 0 0 0 0 0 0 0 0 0 0 0 0 0 0 0 0 0 0 0 0 0 0 0 0 0 0 0 0 0 0 0 0 0 0 0 0 0 0 0 0 0 0 0 0 0 0 0 0 0 0 0 0 0 0 0 0 0 0 0 0 0 0 0 0 0 0 0 0 0 0 0 0 0 0 0 0 0 0 0 0 0 0 0 0 0 0 0 0 0 0 0 0 0 0 0 0 0 0 0 0 0 0 0 0 0 0 0 0 0 0 0 0 0 0 0 0 0 0 0 0 0 0 0 0 0 0 0 0 0 0 0 0 0 0 0 0 0 0 0 0 0 0 0 0 0 0 0 0 0 0 0 0 0 0 0 0 0 0 0 0 0 0 0 0 0 0 0 0 0 0 0 0 0 0 0 0 0 0 0 0 0 0 0 0 0 0 0 0 0 
668 0 0 0 140 0 0 0 0 0 0 26 0 0 145 0 0 0 0 0 32 0 56 1133 20 80 0 0 0 0 639 0 0 0 659 0 0 0 0 100 0 0 0 0 0 0 0 0 55 360 0 0 0 0 0 0 0 80 0 0 32 0 26 0 64 72 0 0 0 0 0 0 0 106 0 0 77 170 0 0 0 0 0 1121 0 20 0 0 0 0 376 40 0 0 0 0 0 0 51 160 80 0 167 26 0 0 26 0 0 0 0 235 0 0 40 0 100 875 0 164 20 40 0 0 53 26 0 0 13 0 26 0 0 0 0 0 0 0 0 0 0 0 0 0 0 0 0 0 354 307 0 100 154 0 1109 2405 252 64 0 0 0 89 154 424 0 0 213 80 0 0 64 1062 32 0 0 0 0 0 0 0 0 26 0 0 0 0 0 0 30 0 200 0 0 0 0 0 233 0 32 0 166 0 20 0 0 0 244 0 0 238 0 
410 0 0 0 0 0 0 0 0 0 0 0 0 0 0 0 0 0 0 0 0 0 80 455 0 266 0 0 0 0 67 0 0 0 149 0 0 0 0 0 0 0 0 0 0 0 0 0 0 67 0 0 0 0 0 0 0 121 0 0 13 0 0 0 0 0 0 0 0 0 0 0 0 0 0 0 0 100 0 0 0 0 0 313 0 0 0 0 13 104 625 13 64 0 0 102 0 0 0 144 0 0 0 40 0 40 0 0 0 0 0 64 0 0 0 100 0 599 0 188 0 62 0 0 77 64 0 0 51 0 72 0 0 0 0 0 0 0 0 0 0 0 0 0 0 270 0 0 51 51 0 0 200 0 125 1260 124 13 0 0 0 100 654 283 0 0 0 26 13 0 0 786 0 0 0 0 0 0 0 0 40 104 16 0 0 0 0 0 0 20 0 0 20 0 0 0 26 0 0 0 0 0 0 0 0 189 163 0 97 433 0 
12199 0 0 0 227 288 0 0 37 34 324 128 0 0 3962 361 0 26 0 0 192 0 1959 17573 81 824 0 0 0 122 2380 20 0 0 1518 262 0 0 26 589 64 0 0 0 0 359 0 40 659 2380 66 151 0 280 0 32 100 524 0 0 195 120 180 474 0 16 1822 0 0 0 184 0 0 174 0 80 1552 855 13 0 0 291 266 5432 0 581 0 0 26 492 3613 1181 94 46 212 317 0 0 561 42 333 0 557 902 64 40 195 0 0 0 0 383 0 0 0 20 0 19484 0 1260 178 1882 0 40 1103 1091 0 400 328 20 584 1011 32 0 0 0 0 0 0 0 64 128 0 0 0 374 30 77 988 1212 0 80 2437 269 3870 48779 1394 255 110 0 0 1339 1731 4838 0 3125 449 338 0 0 0 11194 365 0 254 0 0 0 134 0 189 1147 51 102 651 0 0 0 325 80 807 0 532 0 67 51 5128 32 168 0 700 0 360 0 116 168 2595 32 120 688 0 
0 0 0 0 0 0 0 0 0 0 0 0 0 0 0 0 0 0 0 0 0 0 0 0 0 0 0 0 0 0 0 0 0 0 0 0 0 0 0 0 0 0 0 0 0 0 0 0 0 0 0 0 0 0 0 0 0 0 0 0 0 0 0 0 0 0 0 0 0 0 0 0 0 0 0 0 0 0 0 0 0 0 0 0 0 0 0 0 0 0 0 0 0 0 0 0 0 0 0 0 0 0 0 0 0 0 0 0 0 0 0 0 0 0 0 0 0 0 0 0 0 0 0 0 0 0 0 0 0 0 0 0 0 0 0 0 0 0 0 0 0 0 0 0 0 0 0 0 0 0 0 0 0 0 0 0 0 0 0 0 0 0 0 0 0 0 0 0 0 0 0 0 0 0 0 0 0 0 0 0 0 0 0 0 0 0 0 0 0 0 0 0 0 0 0 0 0 0 0 0 0 0 0 0 0 0 0 0 0 0 0 
0 0 0 0 0 0 0 0 0 0 0 0 0 0 0 0 0 0 0 0 0 0 0 92 0 0 0 0 0 0 0 0 0 0 0 0 0 0 0 0 0 0 0 0 0 80 0 0 0 0 0 0 0 0 0 0 0 0 0 0 0 0 0 0 0 0 0 0 0 0 0 0 0 0 0 0 80 0 0 0 0 0 0 34 0 0 0 0 0 0 0 0 20 0 0 0 0 0 0 0 0 0 0 0 20 0 0 0 0 0 0 0 0 0 0 0 0 598 0 0 0 0 0 0 0 0 0 0 0 0 0 0 0 0 0 0 0 0 0 0 0 0 0 0 0 0 0 0 0 0 0 0 64 0 0 647 0 0 40 0 0 0 0 0 0 0 0 0 0 0 0 264 0 0 0 0 0 0 0 0 0 0 0 0 0 0 0 0 0 0 0 0 0 0 0 0 0 0 0 0 0 0 40 0 0 0 0 0 0 0 0 
0 0 0 0 0 0 0 0 0 0 0 0 0 0 0 0 0 0 0 0 0 0 0 0 0 0 0 0 0 0 0 0 0 0 0 0 0 0 0 0 0 0 0 0 0 0 0 0 0 0 0 0 0 0 0 0 0 0 0 0 0 0 0 0 0 0 0 0 0 0 0 0 0 0 0 0 0 0 0 0 0 0 0 0 0 0 0 0 0 0 0 0 0 0 0 0 0 0 0 0 0 0 0 0 0 0 0 0 0 0 0 0 0 0 0 0 0 40 0 0 0 0 0 0 0 0 0 0 0 0 0 0 0 0 0 0 0 0 0 0 0 0 0 0 0 0 0 0 0 0 0 0 0 0 0 132 0 0 0 0 0 0 0 0 0 0 0 0 0 0 0 0 0 0 0 0 0 0 0 0 0 0 0 0 0 0 0 0 0 0 0 0 0 0 0 0 0 0 0 0 0 0 0 0 0 0 0 0 0 0 0 
0 0 0 0 0 0 0 0 0 0 0 0 0 0 0 0 0 0 0 0 0 0 0 0 0 0 0 0 0 0 0 0 0 0 0 0 0 0 0 0 0 0 0 0 0 0 0 0 0 0 0 0 0 0 0 0 0 0 0 0 0 0 0 0 0 0 0 0 0 0 0 0 0 0 0 0 0 0 0 0 0 0 0 0 0 0 0 0 0 0 0 0 0 0 0 0 0 0 0 0 0 0 0 0 0 0 0 0 0 0 0 0 0 0 0 0 0 0 0 0 0 0 0 0 0 0 0 0 0 0 0 0 0 0 0 0 0 0 0 0 0 0 0 0 0 0 0 0 0 0 0 0 0 0 0 0 0 0 0 0 0 0 0 0 0 0 0 0 0 0 0 0 0 0 0 0 0 0 0 0 0 0 0 0 0 0 0 0 0 0 0 0 0 0 0 0 0 0 0 0 0 0 0 0 0 0 0 0 0 0 0 
201 0 0 0 0 0 0 0 0 0 0 0 0 0 0 0 0 0 0 0 0 0 26 93 0 0 0 0 0 0 96 0 0 0 51 0 0 0 0 0 0 0 0 0 0 0 0 0 0 26 0 0 0 0 0 0 0 0 0 0 0 0 0 0 64 0 0 0 0 0 0 0 0 0 0 0 0 0 0 0 0 0 0 32 0 0 0 0 0 13 113 0 0 0 0 0 0 0 0 0 0 0 40 0 0 0 0 0 0 0 0 0 0 0 0 0 0 1388 0 16 0 0 0 0 16 0 0 0 0 0 57 0 0 0 0 0 0 0 0 0 0 0 0 0 0 51 0 0 0 0 0 0 0 0 0 244 0 0 0 0 0 40 64 160 0 0 0 0 0 0 0 141 0 0 0 0 0 0 0 0 0 0 0 0 0 0 0 0 0 0 0 0 0 0 0 0 77 0 0 0 0 0 0 0 0 0 67 0 0 20 0 
1023 0 0 0 0 0 0 0 0 0 0 0 0 0 446 0 0 0 0 0 77 0 156 2246 0 200 0 0 0 51 348 0 0 0 179 0 0 0 0 26 0 0 0 0 0 32 32 0 0 680 0 0 0 0 0 0 0 16 0 0 40 0 0 131 0 0 80 0 0 0 0 0 0 0 0 0 64 73 64 0 0 0 13 847 0 0 0 0 0 26 297 212 0 0 0 0 0 0 64 0 0 0 0 40 0 53 0 0 0 0 0 0 0 0 0 0 0 2349 0 231 0 334 0 0 0 40 0 0 0 0 64 0 0 0 0 0 0 0 0 0 0 0 0 0 0 26 0 0 26 80 0 0 292 0 267 7384 49 0 77 0 0 120 13 151 0 64 0 250 0 0 0 696 0 0 0 0 0 0 92 0 0 106 0 0 0 0 0 0 0 40 144 0 247 0 0 0 370 0 0 0 0 0 0 0 0 0 420 0 64 168 0 
5535 0 0 0 135 0 0 40 112 0 174 156 0 0 755 130 0 0 0 0 67 0 600 5597 77 182 0 0 0 0 2051 0 0 0 1003 349 0 0 64 231 100 0 0 0 20 0 0 0 468 1500 0 0 0 102 0 0 0 603 0 0 260 0 0 161 0 0 144 0 0 0 0 0 0 80 0 0 1750 609 184 0 0 661 306 4044 0 72 0 0 100 850 1410 541 192 40 211 32 0 0 108 200 454 0 318 228 144 656 64 0 0 0 0 106 0 0 0 80 0 4877 336 357 115 380 0 0 284 170 200 131 20 0 187 90 0 0 0 0 0 0 0 0 0 0 0 16 0 231 26 0 282 648 0 80 603 49 4273 7888 475 112 186 0 51 340 620 455 0 373 0 407 96 0 0 6753 239 0 84 0 0 0 0 0 132 536 64 0 164 0 0 0 13 40 364 0 149 0 64 104 623 0 13 0 204 0 54 0 67 1039 2096 57 154 2095 0 
308 0 0 0 0 0 0 0 0 0 13 64 0 0 64 40 0 0 0 0 0 0 283 1738 0 0 0 0 0 0 292 0 0 0 112 84 0 0 0 0 0 0 0 0 0 0 0 0 0 482 0 32 0 20 0 0 0 0 0 0 40 0 0 32 0 0 32 0 0 0 0 0 0 0 0 0 128 164 0 0 0 0 57 454 0 0 0 0 0 40 192 282 0 0 0 0 0 0 0 64 0 0 42 0 0 0 0 0 0 0 0 64 0 0 0 0 0 388 0 141 0 51 0 0 40 13 0 0 67 0 57 42 0 0 0 0 0 0 0 0 0 0 0 0 0 40 0 0 90 0 0 0 26 40 238 1135 90 0 0 0 0 0 0 32 0 0 0 64 0 0 0 586 0 0 80 0 0 0 0 0 32 176 0 0 0 0 0 0 0 0 160 0 0 0 0 0 84 0 0 0 0 0 0 0 0 106 58 0 0 32 0 
128 0 0 0 16 80 0 0 0 0 0 0 0 0 0 0 0 0 0 0 0 0 58 444 0 0 0 0 0 0 192 0 0 0 26 0 0 0 0 0 0 0 0 0 0 0 0 0 100 0 0 0 0 0 0 0 0 51 0 0 106 0 0 0 0 0 0 0 0 0 0 0 0 0 0 0 0 100 0 0 0 400 0 263 0 0 0 0 0 37 67 0 0 0 0 0 0 0 0 0 0 0 0 20 0 0 0 0 0 0 0 0 0 0 0 0 32 202 20 32 0 0 0 0 0 0 0 0 0 0 0 0 0 0 0 0 0 0 0 0 0 0 0 0 0 0 0 0 80 0 0 0 0 0 80 617 0 0 0 0 0 0 64 0 0 0 80 0 0 0 0 227 0 0 0 0 0 0 0 0 0 80 0 0 0 0 0 0 0 0 100 0 0 0 0 0 72 0 0 0 40 0 0 0 0 0 100 0 0 40 0 
251 0 0 0 0 0 0 0 0 0 0 0 0 0 0 0 0 0 0 0 0 0 80 134 0 0 0 0 0 0 0 0 0 0 80 0 0 0 0 0 0 0 0 0 0 0 0 0 0 0 0 0 0 0 0 0 0 0 0 0 0 0 0 0 0 0 0 0 0 0 0 0 0 0 0 0 160 0 0 0 0 0 0 0 0 0 0 0 0 0 0 0 0 0 0 0 0 0 0 0 0 0 0 0 0 0 0 0 0 0 0 0 0 0 0 0 0 140 0 0 0 80 0 0 0 0 0 0 0 0 0 51 0 0 0 0 0 0 0 0 0 0 0 0 0 0 0 0 100 0 0 0 0 315 0 96 0 0 0 0 0 0 0 0 0 0 0 0 0 0 0 0 0 0 0 0 0 0 0 0 0 0 0 0 0 0 0 0 0 0 32 0 0 0 0 0 0 0 0 0 0 0 0 0 0 0 20 26 0 0 0 
690 0 0 0 0 0 0 0 0 0 13 0 0 0 100 0 0 0 0 0 0 0 177 504 64 0 0 0 0 0 0 0 0 0 13 0 0 0 0 16 51 0 0 0 0 0 0 0 0 0 0 0 0 0 0 0 0 20 0 0 0 0 0 0 0 0 40 0 0 0 0 0 0 0 0 0 16 16 0 0 0 0 0 176 0 0 0 0 0 0 64 0 0 0 0 0 0 0 16 0 0 0 0 0 0 0 0 0 0 0 0 0 0 0 0 26 0 708 0 32 0 100 0 0 80 351 0 0 0 0 64 0 0 0 0 0 0 0 0 0 0 0 0 0 0 0 0 0 0 40 0 0 0 0 113 786 13 100 0 0 0 0 0 200 0 0 64 13 0 0 0 366 40 0 0 0 0 0 0 0 0 32 0 0 0 0 0 0 0 0 0 0 26 0 0 0 32 0 0 0 160 0 0 0 0 0 32 0 0 64 0 
116 0 0 0 0 0 0 0 0 0 0 80 0 0 0 0 0 0 0 0 26 0 0 555 0 32 0 0 0 0 0 0 0 0 20 0 0 0 0 80 0 0 0 0 0 0 0 0 40 0 0 0 0 0 0 0 0 26 0 0 26 0 0 64 0 0 0 0 0 0 0 0 0 0 0 0 96 131 0 0 0 0 0 487 0 0 0 0 0 0 154 32 0 0 0 51 0 0 0 0 51 0 100 0 0 0 0 0 0 0 0 0 0 0 0 0 0 338 0 13 0 80 0 0 0 51 0 0 0 0 0 140 0 0 0 0 0 0 0 0 0 0 0 0 0 0 0 0 0 39 0 0 0 80 0 855 40 0 20 0 0 0 40 0 0 0 80 64 0 0 0 292 0 0 0 0 0 0 0 0 0 0 0 80 0 0 0 0 0 0 51 0 40 0 0 32 64 0 0 0 80 0 0 0 0 0 103 0 0 64 0 
0 0 0 0 0 0 0 0 0 0 0 0 0 0 0 0 0 0 0 0 0 0 0 0 0 0 0 0 0 0 0 0 0 0 0 0 0 0 0 0 0 0 0 0 0 0 0 0 0 0 0 0 0 0 0 0 0 0 0 0 0 0 0 0 0 0 0 0 0 0 0 0 0 0 0 0 0 0 0 0 0 0 0 0 0 0 0 0 0 0 0 0 0 0 0 0 0 0 0 0 0 0 0 0 0 0 0 0 0 0 0 0 0 0 0 0 0 0 0 0 0 0 0 0 0 0 0 0 0 0 0 0 0 0 0 0 0 0 0 0 0 0 0 0 0 0 0 0 0 0 0 0 0 0 0 0 0 0 0 0 0 0 0 0 0 0 0 0 0 0 0 0 0 0 0 0 0 0 0 0 0 0 0 0 0 0 0 0 0 0 0 0 0 0 0 0 0 0 0 0 0 0 0 0 0 0 0 0 0 0 0 
0 0 0 0 0 0 0 0 0 0 0 0 0 0 0 0 0 0 0 0 0 0 0 0 0 0 0 0 0 0 0 0 0 0 0 0 0 0 0 0 0 0 0 0 0 0 0 0 0 0 0 0 0 0 0 0 0 0 0 0 0 0 0 0 0 0 0 0 0 0 0 0 0 0 0 0 0 0 0 0 0 0 0 0 0 0 0 0 0 0 0 0 0 0 0 0 0 0 0 0 0 0 0 0 0 0 0 0 0 0 0 0 0 0 0 0 0 0 0 0 0 0 0 0 0 0 0 0 0 0 0 0 0 0 0 0 0 0 0 0 0 0 0 0 0 0 0 0 0 0 0 0 0 0 0 0 0 0 0 0 0 0 0 0 0 0 0 0 0 0 0 0 0 0 0 0 0 0 0 0 0 0 0 0 0 0 0 0 0 0 0 0 0 0 0 0 0 0 0 0 0 0 0 0 0 0 0 0 0 0 0 
158 0 0 0 0 32 0 0 77 0 40 0 0 0 0 0 0 0 0 0 80 0 0 939 0 40 0 0 0 64 146 0 0 0 20 0 0 0 0 137 0 0 0 0 0 0 0 0 0 116 0 0 0 0 0 0 0 90 0 0 40 0 80 0 0 0 0 0 0 0 0 0 0 0 0 0 72 101 0 0 0 51 0 528 0 26 0 0 0 0 69 0 16 0 0 64 0 0 40 0 0 0 0 64 0 64 0 0 40 0 0 26 0 0 26 0 0 2003 0 20 0 0 0 0 0 225 0 0 40 0 0 0 0 0 0 0 0 0 0 0 0 0 16 0 0 0 0 32 0 51 0 0 54 40 74 1352 282 0 40 0 0 112 64 13 0 20 26 0 0 0 0 321 0 0 0 0 0 0 0 0 32 80 0 0 64 0 0 0 0 0 13 0 0 0 0 0 184 0 80 0 0 0 51 0 0 0 80 0 0 90 0 
42 0 0 0 0 0 0 0 0 0 16 0 0 0 0 0 0 0 0 0 0 0 64 190 0 0 0 0 0 0 0 0 0 0 107 0 0 0 0 20 0 0 0 0 0 40 0 0 34 115 0 0 0 0 0 0 0 0 0 0 64 0 0 0 0 0 0 0 0 0 0 0 0 0 0 0 0 0 0 0 0 80 13 160 0 0 0 0 0 0 16 0 0 0 0 0 0 0 0 16 0 0 0 0 0 0 0 0 0 0 0 51 0 0 0 0 0 209 0 26 0 32 0 0 67 0 0 0 0 0 32 0 0 0 0 0 0 0 0 0 0 0 0 0 0 0 0 0 0 0 0 0 0 0 144 463 20 0 0 0 0 0 20 26 0 0 0 0 0 0 0 157 0 0 0 0 0 0 0 0 0 320 80 0 0 0 0 0 0 0 0 0 0 0 0 0 16 0 0 0 16 0 0 0 0 0 51 0 0 0 0 
157 0 0 0 0 0 0 0 0 0 13 0 0 0 0 0 0 0 0 0 0 0 0 216 0 0 0 0 0 0 367 0 0 0 80 0 0 0 0 0 51 0 0 0 0 0 0 0 16 64 0 0 0 0 0 0 0 0 0 0 0 0 0 0 0 0 0 0 0 0 0 0 0 0 0 0 118 0 0 0 0 0 64 222 0 0 0 0 0 80 112 51 0 0 0 0 0 0 0 0 0 0 80 0 0 0 0 0 0 0 0 26 0 0 0 0 0 317 0 80 0 0 0 0 37 0 0 0 0 0 0 0 0 0 0 0 0 0 0 0 0 0 0 0 0 0 0 0 49 128 0 0 58 0 13 537 215 20 0 0 0 0 51 0 0 0 0 0 0 0 0 384 0 0 0 0 0 0 0 0 26 32 0 0 0 0 0 0 0 0 0 0 40 0 0 0 0 0 0 0 0 0 0 0 0 0 114 0 0 64 0 
0 0 0 0 0 0 0 0 0 0 0 0 0 0 0 0 0 0 0 0 0 0 0 0 0 0 0 0 0 0 0 0 0 0 0 0 0 0 0 0 0 0 0 0 0 0 0 0 0 0 0 0 0 0 0 0 0 0 0 0 0 0 0 0 0 0 0 0 0 0 0 0 0 0 0 0 0 0 0 0 0 0 0 0 0 0 0 0 0 0 0 0 0 0 0 0 0 0 0 0 0 0 0 0 0 0 0 0 0 0 0 0 0 0 0 0 0 0 0 0 0 0 0 0 0 0 0 0 0 0 0 0 0 0 0 0 0 0 0 0 0 0 0 0 0 0 0 0 0 0 0 0 0 0 0 0 0 0 0 0 0 0 0 0 0 0 0 0 0 0 0 0 0 0 0 0 0 0 0 0 0 0 0 0 0 0 0 0 0 0 0 0 0 0 0 0 0 0 0 0 0 0 0 0 0 0 0 0 0 0 0 
190 0 0 0 0 32 0 0 0 13 40 131 0 0 26 0 0 0 0 0 0 0 152 2866 0 51 0 0 0 0 506 0 0 0 176 0 0 0 0 0 0 0 0 0 0 0 0 0 0 142 0 0 0 0 0 0 0 13 0 0 0 0 0 236 0 0 131 0 0 0 0 0 0 0 0 0 72 254 0 0 0 32 0 235 0 0 0 0 0 42 195 0 0 160 200 0 0 0 0 0 0 0 1279 0 0 0 0 0 0 0 0 0 0 0 0 0 0 680 0 201 0 0 0 0 200 192 0 0 32 0 0 51 0 0 0 0 0 0 0 0 0 0 0 0 0 13 0 0 0 0 0 0 0 1268 542 1228 0 0 0 0 80 26 140 32 0 0 54 0 0 0 0 380 0 0 0 0 0 0 0 0 0 0 0 0 0 0 0 0 0 0 40 0 0 0 16 0 218 0 80 0 57 0 0 0 0 0 144 16 0 64 0 
236 0 0 0 0 0 0 0 0 0 0 0 0 0 129 0 0 0 0 0 20 0 20 1705 0 0 0 0 0 0 0 0 0 0 106 70 0 0 0 0 0 0 0 0 0 0 0 144 0 0 0 0 0 0 0 0 0 57 0 0 0 0 0 0 0 0 0 0 0 0 0 0 0 0 0 0 332 0 0 0 0 0 0 691 0 0 0 0 0 51 34 0 0 0 0 0 0 0 0 0 0 0 0 16 0 32 0 0 0 0 0 0 0 0 0 0 0 1811 0 220 0 94 0 0 51 0 0 0 0 0 13 140 0 0 0 0 0 0 0 0 0 0 0 13 0 0 0 0 80 26 0 0 13 0 104 1431 199 40 0 0 0 0 32 90 0 40 0 32 0 0 0 449 0 0 96 0 0 0 0 0 26 64 0 0 0 0 0 0 51 0 202 0 0 0 0 0 212 0 0 0 0 0 0 0 0 64 98 51 0 64 0 
64 0 0 0 0 0 0 0 0 0 0 61 0 0 0 0 0 0 0 0 0 0 16 630 0 51 0 0 0 0 251 0 0 0 400 0 0 0 0 0 0 0 0 0 0 0 0 51 0 706 0 0 0 0 0 0 0 32 0 0 0 0 0 0 0 0 0 0 0 0 0 0 0 0 0 0 46 129 0 0 0 0 0 358 0 0 0 0 0 0 162 0 0 0 0 0 0 0 0 0 0 0 100 0 16 0 0 0 0 0 0 0 0 0 0 0 0 545 0 20 0 20 0 0 0 0 0 0 0 0 0 0 0 0 0 0 0 0 0 0 0 0 0 0 0 40 0 0 26 0 0 0 96 0 51 1054 0 0 0 0 0 32 51 272 0 64 0 0 0 0 0 354 0 0 0 0 0 0 80 0 0 0 0 0 0 0 0 0 0 0 0 0 0 0 0 0 220 0 0 0 0 0 40 0 0 0 272 0 32 106 0 
259 0 0 0 0 0 0 0 0 0 0 64 0 0 172 0 0 0 0 0 40 0 64 485 0 20 0 0 0 0 51 0 0 0 26 0 0 0 0 96 0 0 0 0 0 13 0 26 33 40 0 0 0 0 0 0 0 51 0 0 0 0 0 0 100 0 0 0 0 0 0 0 0 0 0 0 112 53 0 0 0 0 0 381 0 0 0 0 0 13 126 16 0 0 0 13 0 0 0 0 20 0 0 84 0 0 0 0 0 0 0 0 0 0 0 0 0 484 0 93 0 40 0 0 40 0 0 0 0 0 0 0 0 0 0 0 0 0 0 0 0 0 0 0 0 26 0 0 0 64 0 0 0 0 448 774 46 0 0 0 100 94 16 215 0 0 0 0 0 0 0 92 0 0 0 0 0 0 0 0 0 96 0 0 0 0 0 0 0 0 0 0 0 0 0 0 13 0 0 0 13 0 0 0 0 0 26 0 0 40 0 
139 0 0 0 0 0 0 0 0 0 0 0 0 0 0 0 0 0 0 0 0 0 20 135 0 0 0 0 0 0 100 0 0 0 51 0 0 0 0 64 0 0 0 0 0 0 0 0 0 51 16 0 0 0 0 0 0 51 0 0 26 0 0 0 0 200 0 0 0 0 0 0 0 0 0 0 126 16 0 0 0 0 0 26 0 0 0 0 0 0 0 0 51 0 0 0 0 0 0 0 0 0 0 0 0 0 16 0 0 0 0 0 0 0 0 0 0 172 0 96 0 0 0 64 0 0 0 0 0 0 0 0 0 0 0 0 0 0 0 0 0 0 0 0 0 0 0 0 0 0 0 0 0 0 0 1615 51 32 0 0 0 0 144 0 0 80 0 16 0 0 0 875 26 0 0 0 0 0 0 0 0 46 0 0 0 0 0 0 0 0 0 0 32 0 0 0 141 0 0 0 33 0 0 0 0 0 20 13 0 0 0 
0 0 0 0 0 0 0 0 0 0 0 0 0 0 0 0 0 0 0 0 0 0 0 0 0 0 0 0 0 0 0 0 0 0 0 0 0 0 0 0 0 0 0 0 0 0 0 0 0 0 0 0 0 0 0 0 0 0 0 0 0 0 0 0 0 0 0 0 0 0 0 0 0 0 0 0 0 0 0 0 0 0 0 0 0 0 0 0 0 0 0 0 0 0 0 0 0 0 0 0 0 0 0 0 0 0 0 0 0 0 0 0 0 0 0 0 0 0 0 0 0 0 0 0 0 0 0 0 0 0 0 0 0 0 0 0 0 0 0 0 0 0 0 0 0 0 0 0 0 0 0 0 0 0 0 0 0 0 0 0 0 0 0 0 0 0 0 0 0 0 0 0 0 0 0 0 0 0 0 0 0 0 0 0 0 0 0 0 0 0 0 0 0 0 0 0 0 0 0 0 0 0 0 0 0 0 0 0 0 0 0 
0 0 0 0 0 0 0 0 0 0 0 0 0 0 0 0 0 0 0 0 0 0 0 0 0 26 0 0 0 0 0 0 0 0 0 0 0 0 0 0 0 0 0 0 0 0 0 0 0 0 0 0 0 0 0 0 0 0 0 0 0 0 0 0 0 0 0 0 0 0 0 0 0 0 0 0 0 0 0 0 0 0 0 0 0 0 0 0 0 0 0 0 0 0 0 0 0 0 0 0 0 0 0 0 0 0 0 0 0 0 0 0 0 0 80 0 0 0 0 0 0 0 0 0 0 0 0 0 0 0 0 0 0 0 0 0 0 0 0 0 0 0 0 0 0 0 0 0 0 0 0 0 0 0 0 0 0 0 0 0 0 0 0 0 0 0 0 0 0 0 0 51 0 0 0 0 0 0 0 0 0 0 0 0 0 0 0 0 0 0 0 0 0 0 0 0 0 0 0 0 0 0 0 0 0 0 0 0 0 0 0 
100 0 0 0 0 0 0 0 0 0 0 0 0 0 0 0 0 0 0 0 0 0 0 13 0 0 0 0 0 0 0 0 0 0 0 0 0 0 0 0 0 0 0 0 0 0 0 0 0 0 0 0 0 0 0 0 0 0 0 0 0 0 0 0 0 0 0 0 0 0 0 0 0 80 0 0 0 0 0 0 0 0 0 0 0 0 0 0 0 0 0 0 0 0 0 0 0 0 0 0 0 0 0 0 0 0 0 0 0 0 0 0 0 0 0 0 0 0 26 0 0 0 0 0 0 0 0 0 0 0 0 0 0 0 0 0 0 0 0 0 0 0 0 0 0 0 0 0 0 0 0 0 0 0 0 20 0 0 0 0 0 0 0 0 0 0 0 0 0 0 0 0 0 0 0 0 0 0 0 0 0 0 0 0 0 0 0 0 0 0 0 0 0 0 0 0 0 0 0 0 0 0 0 0 0 0 0 0 0 0 0 
102 0 0 0 64 0 0 0 0 0 80 0 0 0 0 0 0 0 0 0 0 0 0 83 26 40 0 0 0 0 0 0 0 0 163 0 0 0 0 0 0 0 0 0 0 0 16 0 0 0 0 0 0 0 0 0 0 0 0 0 0 0 0 0 0 20 0 0 0 0 0 0 0 0 0 0 16 0 0 0 0 0 0 26 0 0 0 0 0 0 0 0 0 0 0 0 0 0 0 0 0 0 0 0 0 0 0 0 0 0 0 0 0 0 0 0 0 59 0 0 0 0 0 0 0 0 0 0 0 0 0 0 0 0 0 0 0 0 0 0 0 0 0 0 0 0 0 0 80 0 0 0 0 0 80 194 0 0 0 0 0 64 144 0 0 0 0 0 0 0 80 264 0 0 0 0 0 0 0 0 0 0 13 0 0 0 0 0 0 0 0 0 0 0 0 0 26 0 0 0 0 0 0 0 0 40 0 0 0 0 0 
114 0 0 0 0 0 0 0 20 0 0 193 0 0 64 0 0 0 0 0 0 0 51 981 64 90 0 0 0 0 166 0 0 0 167 0 0 0 0 0 80 0 0 0 0 40 0 0 355 53 360 0 0 0 0 0 0 271 0 0 51 0 40 0 0 96 0 0 0 0 0 0 0 26 0 0 129 65 40 0 0 20 0 764 0 0 0 0 0 0 330 13 0 0 0 0 0 0 0 0 54 0 100 26 0 0 0 0 0 0 0 211 0 0 20 0 0 1439 0 91 0 700 0 0 482 120 0 0 26 0 20 0 0 0 0 0 0 0 0 0 0 0 0 0 0 40 0 0 80 0 0 0 191 37 458 1058 224 0 0 0 0 0 49 272 0 61 0 0 0 0 0 1563 0 0 0 0 32 0 80 0 46 185 0 0 0 0 0 0 77 223 106 0 0 0 0 0 186 0 0 0 80 0 0 0 0 51 108 0 0 64 0 
0 0 0 0 0 0 0 0 0 0 0 0 0 0 0 0 0 0 0 0 0 0 0 0 0 0 0 0 0 0 0 0 0 0 0 0 0 0 0 0 0 0 0 0 0 0 0 0 0 0 0 0 0 0 0 0 0 100 0 0 0 0 0 0 0 0 0 0 0 0 0 0 0 0 0 0 0 0 0 0 0 0 0 0 0 0 0 0 0 0 64 0 0 0 0 0 0 0 0 0 0 0 0 0 0 0 0 0 0 0 0 0 0 0 0 0 0 0 0 0 0 0 0 0 0 0 0 0 0 0 0 0 0 0 0 0 0 0 0 0 0 0 0 0 0 0 0 0 0 0 0 0 0 0 0 0 0 0 0 0 0 0 0 0 0 0 0 0 0 0 0 131 0 0 0 0 0 0 0 0 0 0 0 0 0 0 0 0 0 0 0 0 0 0 0 0 0 0 0 0 0 0 0 0 0 0 0 0 0 0 0 
16 0 0 0 0 0 0 0 0 0 0 0 0 0 0 0 0 0 0 0 0 0 0 51 0 0 0 0 0 0 0 0 0 0 0 0 0 0 0 0 0 0 0 0 0 0 0 0 100 0 0 0 0 0 0 0 0 0 0 0 0 0 0 0 0 0 0 0 0 0 0 0 0 0 0 0 0 0 0 0 0 0 0 0 0 0 0 0 0 0 0 0 0 0 0 0 0 0 0 0 0 0 0 0 0 0 0 0 0 0 0 0 0 0 0 0 0 220 0 0 0 0 0 0 40 0 0 0 0 0 0 0 0 0 0 0 0 0 0 0 0 0 0 0 0 0 0 0 0 0 0 0 0 0 0 120 0 0 0 0 0 80 0 0 0 0 0 0 0 0 0 0 0 0 0 0 0 0 0 0 0 0 0 0 0 0 0 0 0 0 0 0 0 0 0 0 0 0 0 0 0 0 0 0 0 0 0 0 0 0 0 
32 0 0 0 0 0 0 0 0 0 0 0 0 0 0 0 0 0 0 0 0 0 0 34 0 40 0 0 0 0 0 0 0 0 0 0 0 0 0 0 0 0 0 0 0 0 0 0 0 13 0 0 0 0 0 0 0 200 0 0 0 51 0 0 0 0 0 0 0 0 0 0 0 0 0 0 0 80 0 0 0 0 0 51 0 0 0 0 0 0 160 0 0 0 0 0 0 0 0 0 0 0 0 0 0 100 0 0 0 0 0 0 0 0 0 0 0 88 0 0 0 0 0 0 0 0 0 0 0 0 26 0 0 0 0 0 0 0 0 0 0 0 0 0 0 0 0 0 0 0 0 0 54 0 40 112 0 0 0 0 0 32 0 80 0 0 0 0 0 0 0 153 0 0 0 0 0 0 0 0 80 0 0 0 0 0 0 0 0 0 0 0 0 0 0 0 16 0 0 0 0 0 0 0 0 0 0 0 0 0 0 
80 0 0 0 0 0 0 0 0 0 0 0 0 0 96 0 0 0 0 0 0 0 0 40 0 0 0 0 0 0 0 0 0 0 40 0 0 0 0 0 0 0 0 0 0 0 0 0 132 0 0 0 0 0 0 0 0 300 0 0 0 0 0 0 0 0 0 0 0 0 26 0 0 0 0 0 0 104 0 0 0 0 0 160 0 0 0 0 0 0 0 64 0 0 0 0 0 0 0 0 0 0 0 0 0 0 0 0 0 0 0 0 0 0 0 0 0 190 0 0 0 0 0 0 64 32 0 0 0 0 0 0 0 0 0 0 0 0 0 0 0 0 0 0 0 0 0 0 0 0 0 0 0 0 67 240 80 0 0 0 0 0 0 0 0 0 0 64 0 0 0 536 0 0 0 0 0 0 0 0 0 0 0 0 0 0 0 0 0 0 0 0 0 0 0 0 0 0 0 0 0 0 0 0 0 0 0 0 0 0 0 
0 0 0 0 0 0 0 0 0 0 0 0 0 0 100 0 0 0 0 0 0 0 0 302 0 0 0 0 0 0 0 0 0 0 0 0 0 0 0 0 0 0 0 0 0 0 0 0 0 0 0 0 0 0 0 0 0 0 0 0 0 0 16 0 0 0 0 0 0 0 0 0 0 0 0 0 0 0 0 0 0 196 0 0 0 0 0 0 0 0 13 0 0 0 0 0 0 0 0 0 0 0 0 80 0 0 0 0 0 0 0 0 0 0 0 0 0 188 0 0 0 0 0 0 0 0 0 0 0 0 0 0 0 0 0 0 0 0 0 0 0 0 0 0 0 0 0 0 0 0 0 0 0 0 34 465 0 0 0 0 0 300 13 280 0 0 0 20 0 0 0 125 0 0 0 0 0 0 0 0 0 0 0 0 0 0 0 0 0 0 0 0 0 0 0 0 63 0 0 0 0 0 0 0 0 0 20 0 0 0 0 
14528 0 0 0 768 71 40 84 81 115 480 783 0 0 5410 174 0 80 0 0 507 0 3721 44179 513 1177 0 0 0 118 5451 92 0 0 3153 366 0 0 0 628 20 32 64 0 40 347 100 40 1377 4655 187 236 0 32 0 40 0 801 0 0 734 40 96 1034 157 0 1334 0 0 0 104 0 80 222 0 0 2592 2702 201 0 0 371 555 12062 0 219 0 0 135 1310 6064 1436 255 49 190 326 0 0 960 322 410 0 728 2022 417 501 120 0 0 0 264 1209 30 93 0 32 0 22813 42 2659 100 2690 0 108 1848 1476 0 303 313 32 1160 338 0 0 0 26 0 0 0 0 0 73 0 233 0 400 157 64 2054 735 0 20 2821 476 4522 91013 4486 293 689 51 26 3473 3117 6949 0 1830 360 1030 90 0 141 14550 569 0 488 0 32 0 133 0 699 1673 154 94 576 0 0 0 867 13 765 0 808 0 32 122 10368 0 623 0 2762 0 604 0 258 384 5572 180 307 1714 0 
197 0 0 0 0 0 0 0 0 0 64 0 0 0 306 0 0 0 0 0 0 0 0 514 0 0 0 0 0 0 151 0 0 0 0 81 0 0 0 80 0 0 0 0 0 0 0 0 0 0 0 0 0 0 0 0 0 16 0 0 26 0 0 0 0 0 0 0 0 0 0 0 0 0 0 0 0 232 0 0 0 0 0 216 0 0 0 0 0 100 0 80 0 0 0 0 0 0 0 0 0 0 0 0 0 0 20 0 0 0 0 0 0 0 0 0 0 474 0 0 0 40 0 0 0 0 0 0 0 0 0 40 0 0 0 0 0 0 0 0 0 0 0 0 0 0 0 0 0 0 0 0 0 0 20 1623 80 0 53 0 0 0 64 0 0 20 0 0 0 0 0 132 0 0 0 0 0 0 0 0 0 13 0 0 40 0 0 0 0 0 64 0 16 0 0 0 92 0 0 0 0 0 0 0 0 0 215 0 0 0 0 
2751 0 64 0 65 64 0 0 0 100 147 377 0 0 934 13 0 0 0 0 73 0 537 4190 100 172 0 0 0 0 769 0 0 0 486 0 0 0 0 62 51 64 0 0 0 0 0 40 190 375 0 80 0 0 0 0 0 161 0 0 96 0 32 172 216 0 80 0 0 0 0 0 0 0 0 80 425 780 20 0 0 0 175 1214 0 0 0 0 0 110 415 258 0 40 74 0 0 0 115 0 20 0 336 152 0 0 195 0 0 0 72 67 0 0 0 0 0 4822 40 491 26 767 0 400 285 965 0 13 58 0 159 260 0 0 0 51 0 0 0 0 0 0 0 0 40 67 0 0 126 110 0 100 257 47 895 18426 347 151 168 0 0 245 362 942 0 32 100 227 0 0 82 3029 228 0 20 0 0 0 0 0 264 269 0 0 73 0 0 0 59 0 85 0 92 0 0 104 1876 0 192 0 129 0 220 0 100 32 911 0 102 134 0 
170 0 0 0 0 0 0 0 0 0 0 26 0 0 160 0 0 0 0 0 0 0 0 241 0 0 0 0 0 0 70 0 0 0 0 0 0 0 0 0 0 0 0 0 0 0 0 0 0 220 0 0 0 0 0 0 0 0 0 0 0 0 0 13 0 0 0 0 0 0 0 0 0 0 0 0 100 0 0 0 0 0 0 64 0 0 0 0 0 423 40 0 0 0 0 0 0 0 0 0 0 0 0 0 0 64 0 0 0 0 0 0 0 0 0 0 0 205 0 0 0 0 0 0 0 0 0 0 0 0 100 0 0 0 0 0 0 0 0 0 0 0 0 0 0 0 0 0 20 0 0 0 0 0 100 623 80 0 0 0 0 0 0 80 0 0 0 0 0 0 0 330 0 0 0 0 0 0 0 0 0 164 0 0 0 0 0 0 0 0 51 0 0 0 0 0 74 0 0 0 0 0 0 0 0 0 79 0 0 26 0 
1147 0 0 0 0 80 0 0 0 0 296 80 0 0 139 139 0 0 0 0 0 0 245 2259 459 20 0 0 0 26 157 0 0 0 368 0 0 0 0 156 100 0 0 0 0 0 0 0 180 339 100 125 0 40 0 0 0 210 0 0 54 0 0 137 0 0 32 0 0 0 0 0 0 0 0 0 58 181 0 0 0 131 104 738 0 0 0 0 0 277 453 129 0 40 80 32 0 0 47 26 0 0 0 424 16 51 0 0 0 0 0 0 0 0 0 0 0 8011 0 285 0 136 0 0 684 375 0 0 67 0 32 180 0 0 0 0 0 0 0 0 0 16 0 0 0 47 0 32 16 80 0 16 94 0 581 6271 531 0 20 0 0 256 429 298 0 16 0 92 0 0 0 1272 52 0 40 0 13 0 0 0 0 179 0 0 13 0 0 0 0 0 224 0 26 0 0 0 804 0 162 0 815 0 80 0 151 0 452 0 0 219 0 
0 0 0 0 0 0 0 0 0 0 0 0 0 0 0 0 0 0 0 0 0 0 0 0 0 0 0 0 0 0 0 0 0 0 0 0 0 0 0 0 0 0 0 0 0 0 0 0 0 0 0 0 0 0 0 0 0 0 0 0 0 0 0 0 0 0 0 0 0 0 0 0 0 0 0 0 0 0 0 0 0 0 0 0 0 0 0 0 0 0 0 0 0 0 0 0 0 0 0 0 0 0 0 0 0 0 0 0 0 0 0 0 0 0 0 0 0 0 0 0 0 0 0 0 0 0 0 0 0 0 0 0 0 0 0 0 0 0 0 0 0 0 0 0 0 0 0 0 0 0 0 0 0 0 0 0 0 0 0 0 0 0 0 0 0 0 0 0 0 0 0 0 0 0 0 0 0 0 0 0 0 0 0 0 0 0 0 0 0 0 0 0 0 0 0 0 0 0 0 0 0 0 0 0 0 0 0 0 0 0 0 
13 0 0 0 0 0 0 0 0 0 0 0 0 0 0 0 0 0 0 0 0 0 0 147 0 0 0 0 0 0 0 0 0 0 80 0 0 0 0 0 0 0 0 0 0 0 0 0 0 20 0 0 0 0 0 0 0 0 0 0 0 0 0 0 0 0 16 0 0 0 0 0 0 0 0 0 0 0 0 0 0 0 0 0 0 0 0 0 0 0 0 0 0 0 0 0 0 0 0 0 0 0 0 0 0 0 0 0 0 0 40 0 0 0 0 0 0 179 0 0 0 0 0 0 0 0 0 0 0 0 0 0 0 0 0 0 0 0 0 0 0 0 0 0 0 0 0 0 0 0 0 0 0 0 0 395 0 0 0 0 0 0 0 64 0 0 0 0 0 0 0 112 0 0 0 0 0 0 0 0 0 0 0 0 0 0 0 0 0 0 0 0 0 0 0 0 0 0 0 0 0 0 0 0 0 0 20 0 0 0 0 
576 0 0 0 0 0 0 0 0 0 40 183 0 0 138 0 0 0 0 0 0 0 100 829 100 240 0 0 0 0 411 0 0 0 903 64 0 0 0 217 0 0 0 0 0 0 0 0 216 590 64 0 0 0 0 0 0 32 0 0 0 0 0 64 0 0 77 0 0 0 0 0 0 0 0 0 276 244 0 0 0 0 40 1038 0 0 0 0 0 20 284 0 0 200 16 0 0 0 0 186 0 0 0 0 0 0 0 0 0 0 40 40 0 0 0 0 0 1692 0 158 0 0 0 0 244 604 64 0 0 0 46 0 0 0 0 0 0 0 0 0 0 0 0 0 0 204 26 100 123 233 0 0 100 0 490 2529 287 0 32 0 0 0 374 40 0 0 54 100 0 0 64 1007 64 0 0 0 40 0 0 0 26 264 0 80 0 0 0 0 0 144 20 0 0 0 0 100 286 51 0 0 193 0 0 0 0 80 378 20 147 26 0 
478 0 0 0 0 0 0 0 0 0 80 0 0 0 266 40 0 64 0 0 13 0 0 1685 0 0 0 0 0 0 200 0 0 0 196 32 0 0 0 0 0 0 0 0 0 16 0 0 39 146 0 0 0 26 0 0 0 0 0 0 80 0 0 0 80 0 0 0 0 0 0 0 0 0 0 0 340 93 0 0 0 0 0 686 0 0 0 0 0 0 254 0 0 0 83 0 0 0 100 0 20 0 51 0 0 0 0 0 0 0 0 64 0 0 0 0 0 2025 0 187 0 0 0 0 0 40 0 0 0 0 26 0 0 0 0 0 0 0 0 0 0 0 0 0 0 115 251 0 206 0 0 0 0 208 622 2415 161 64 0 0 0 0 291 206 0 0 0 53 0 0 0 737 20 0 0 0 0 0 0 0 40 0 0 0 95 0 0 0 26 0 26 0 32 0 0 0 321 0 100 0 106 0 51 0 0 0 235 0 100 67 0 
0 0 0 0 0 0 0 0 0 0 0 0 0 0 0 0 0 0 0 0 0 0 0 0 0 0 0 0 0 0 0 0 0 0 0 0 0 0 0 0 0 0 0 0 0 0 0 0 0 0 0 0 0 0 0 0 0 0 0 0 0 0 0 0 0 0 0 0 0 0 0 0 0 0 0 0 0 0 0 0 0 51 0 40 0 0 0 0 0 0 0 0 0 0 0 0 0 0 0 0 0 0 0 0 0 0 0 0 0 0 0 0 0 0 0 0 0 0 0 0 0 0 0 0 0 0 0 0 0 0 0 0 0 0 0 0 0 0 0 0 0 0 0 0 0 0 0 0 0 0 0 0 0 0 54 20 0 0 0 0 0 0 0 0 0 0 0 0 0 0 0 206 0 0 0 0 0 0 0 0 0 0 0 0 0 0 0 0 0 0 0 0 0 0 0 0 0 0 0 0 0 0 0 0 0 0 20 0 0 0 0 
64 0 0 0 0 0 0 0 0 0 0 0 0 0 0 0 0 0 0 0 0 0 0 106 0 0 0 0 0 0 160 0 0 0 0 0 0 0 0 0 0 0 0 0 0 0 0 0 0 0 0 0 0 0 0 0 0 0 0 0 0 0 0 0 0 0 0 0 0 0 0 0 0 0 0 0 131 0 0 0 0 0 0 122 0 0 0 0 0 0 0 0 0 0 0 0 0 0 0 26 0 0 64 0 0 0 0 0 0 0 0 0 0 0 0 0 0 100 0 0 0 0 0 0 16 0 0 0 0 0 0 0 0 0 0 0 0 0 0 0 0 0 0 0 0 0 0 0 0 0 0 0 0 0 0 164 0 0 0 0 0 0 0 0 0 20 0 0 0 0 0 164 0 0 0 0 0 0 0 0 0 0 16 0 0 0 0 0 0 0 0 0 0 0 40 0 0 0 0 0 0 0 0 0 0 0 0 0 0 0 0 
180 0 0 0 0 0 0 0 0 0 0 0 0 0 156 0 0 0 0 0 26 0 129 777 0 0 0 0 0 0 152 0 0 0 319 13 0 0 0 0 26 0 0 0 0 51 0 64 51 94 0 0 0 0 0 40 0 0 0 0 0 0 0 0 0 0 0 0 0 0 0 0 0 32 0 0 0 200 0 0 0 0 0 660 0 160 0 0 0 318 51 0 0 0 0 0 0 0 16 0 20 0 0 0 0 0 0 0 0 0 0 0 0 0 0 0 0 1347 0 400 80 80 0 0 57 64 0 0 0 0 64 0 0 0 0 0 0 0 0 0 0 0 0 0 0 0 0 0 100 40 0 0 0 0 225 1962 64 0 20 0 0 132 57 80 0 0 0 100 0 0 0 768 0 0 0 0 0 0 0 0 0 251 20 0 0 0 0 0 0 0 0 0 0 0 100 0 40 0 51 0 0 0 0 0 0 16 691 0 40 42 0 
0 0 0 0 0 0 0 0 0 0 0 0 0 0 0 0 0 0 0 0 0 0 0 0 0 0 0 0 0 0 0 0 0 0 100 0 0 0 0 0 0 0 0 0 0 0 0 0 0 0 0 0 0 0 0 0 0 0 0 0 0 0 0 0 0 0 0 0 0 0 0 0 0 0 0 0 0 0 0 0 0 0 0 0 0 0 0 0 0 0 0 0 0 0 0 0 0 0 0 0 0 0 0 0 0 0 0 0 0 0 0 0 0 0 0 0 0 51 0 0 0 0 0 0 0 0 0 0 0 0 0 0 0 0 0 0 0 0 0 0 0 0 0 0 0 0 0 0 0 0 0 0 0 0 0 120 0 0 0 0 0 0 0 0 0 0 0 0 0 0 0 0 0 0 0 0 0 0 0 0 0 0 0 0 0 0 0 0 0 0 0 0 0 0 0 0 0 0 0 0 0 0 0 0 0 0 16 0 0 0 0 
776 0 0 0 0 0 0 20 0 0 0 73 0 0 737 0 0 0 0 0 40 0 32 1324 0 0 0 0 0 51 139 0 0 0 120 0 0 0 0 53 0 20 0 0 0 32 0 0 0 64 0 0 0 0 0 0 0 77 0 0 128 0 0 0 0 0 0 0 0 0 0 0 0 0 0 0 0 0 0 0 0 0 0 576 0 40 0 0 0 57 489 96 0 0 0 0 0 0 16 0 0 0 0 40 0 0 0 0 0 0 0 32 0 0 0 0 0 1116 0 236 0 30 0 0 72 80 0 0 0 0 37 115 0 0 0 0 0 0 0 0 26 0 0 0 0 0 0 0 142 0 0 0 213 0 80 4757 419 0 0 0 0 0 40 160 0 0 115 80 0 0 32 823 0 0 0 0 0 0 0 0 80 256 0 0 32 0 0 0 100 0 0 0 16 0 0 0 657 0 0 0 26 0 100 0 0 0 223 80 0 51 0 
246 0 0 0 0 0 0 0 0 0 0 0 0 0 0 0 0 0 0 0 32 0 184 412 0 53 0 0 0 0 20 0 0 0 0 0 0 0 0 0 0 0 0 0 0 0 0 0 0 211 0 0 0 0 0 0 0 80 0 0 58 0 0 0 0 0 40 0 0 0 0 0 0 0 0 0 0 0 0 0 0 0 0 454 0 0 0 0 0 47 231 0 0 0 0 0 0 0 0 64 0 0 0 13 0 0 0 0 0 0 0 0 0 0 0 0 0 4294 0 0 0 0 0 0 0 0 0 0 0 0 92 0 0 0 0 0 0 0 0 0 0 0 0 0 0 0 0 0 0 0 0 0 0 0 0 2029 100 0 0 0 0 0 0 51 0 80 0 0 0 0 0 358 64 0 116 0 0 0 0 0 16 102 0 0 0 0 0 0 0 0 0 0 32 0 0 0 525 0 0 0 40 0 26 0 0 0 192 0 64 93 0 
0 0 0 0 0 0 0 0 0 0 0 0 0 0 0 0 0 0 0 0 0 0 0 40 0 0 0 0 0 0 0 0 0 0 0 0 0 0 0 0 0 0 0 0 0 0 0 0 0 0 0 0 0 0 0 0 0 0 0 0 0 0 0 0 0 0 0 0 0 0 0 0 0 100 0 0 0 0 0 0 0 0 0 0 0 0 0 0 0 0 0 0 0 0 0 0 0 0 0 0 0 0 0 0 0 0 0 0 0 0 0 0 0 0 0 0 0 0 0 0 0 0 0 0 0 0 0 0 0 0 0 0 0 0 0 0 0 0 0 0 0 0 0 0 0 0 0 0 0 0 0 0 0 0 0 64 0 0 0 0 0 0 20 0 0 0 0 0 0 0 0 54 0 0 0 0 0 0 0 0 0 0 0 0 0 0 0 0 0 0 0 0 0 0 0 0 26 0 0 0 0 0 0 0 0 0 0 0 0 0 0 
0 0 0 0 0 0 0 0 0 0 0 0 0 0 0 0 0 0 0 0 0 0 0 0 0 0 0 0 0 0 0 0 0 0 0 0 0 0 0 0 0 0 0 0 0 0 0 0 0 0 0 0 0 0 0 0 0 0 0 0 0 0 0 0 0 0 0 0 0 0 0 0 0 0 0 0 0 0 0 0 0 0 0 0 0 0 0 0 0 0 0 0 0 0 0 0 0 0 0 0 0 0 0 0 0 0 0 0 0 0 0 0 0 0 0 0 0 0 0 0 0 0 0 0 0 0 0 0 0 0 0 0 0 0 0 0 0 0 0 0 0 0 0 0 0 0 0 0 0 0 0 0 0 0 0 0 0 0 0 0 0 0 0 0 0 0 0 0 0 0 0 0 0 0 0 0 0 0 0 0 0 0 0 0 0 0 0 0 0 0 0 0 0 0 0 0 0 0 0 0 0 0 0 0 0 0 0 0 0 0 0 
0 0 0 0 0 0 0 0 0 0 0 0 0 0 0 0 0 0 0 0 0 0 0 0 0 0 0 0 0 0 0 0 0 0 0 0 0 0 0 0 0 0 0 0 0 0 0 0 0 0 0 0 0 0 0 0 0 0 0 0 0 0 0 0 0 0 0 0 0 0 0 0 0 0 0 0 0 0 0 0 0 0 0 0 0 0 0 0 0 0 0 0 0 0 0 0 0 0 0 0 0 0 0 0 0 0 0 0 0 0 0 0 0 0 0 0 0 0 0 0 0 0 0 0 0 0 0 0 0 0 0 0 0 0 0 0 0 0 0 0 0 0 0 0 0 0 0 0 0 0 0 0 0 0 0 0 0 0 0 0 0 0 0 0 0 0 0 0 0 0 0 0 0 0 0 0 0 0 0 0 0 0 0 0 0 0 0 0 0 0 0 0 0 0 0 0 0 0 0 0 0 0 0 0 0 0 0 0 0 0 0 
0 0 0 0 0 0 0 0 0 0 0 0 0 0 0 0 0 0 0 0 0 0 0 0 0 0 0 0 0 0 0 0 0 0 0 0 0 0 0 0 0 0 0 0 0 0 0 0 0 0 0 0 0 0 0 0 0 0 0 0 0 0 0 0 0 0 0 0 0 0 0 0 0 0 0 0 26 0 0 0 0 0 0 0 0 0 0 0 0 0 20 0 0 0 0 0 0 0 0 0 0 0 0 0 0 0 0 0 0 0 0 0 0 0 0 13 0 0 0 0 0 0 0 0 0 0 0 0 0 0 0 0 0 0 0 0 0 0 0 0 0 0 0 0 0 0 0 0 0 0 0 0 0 0 0 80 0 0 0 0 0 0 0 0 0 0 0 0 0 0 0 100 0 0 0 0 0 0 0 0 0 0 0 0 0 0 0 0 0 0 0 0 0 0 0 0 0 0 0 0 0 0 0 0 0 0 0 0 0 0 0 
0 0 0 0 0 0 0 0 0 0 0 0 0 0 0 0 0 0 0 0 0 0 0 0 0 0 0 0 0 0 0 0 0 0 0 0 0 0 0 0 0 0 0 0 0 0 0 0 0 0 0 0 0 0 0 0 0 0 0 0 0 0 0 0 0 0 0 0 0 0 0 0 0 0 0 0 0 0 0 0 0 0 0 0 0 0 0 0 0 0 0 0 0 0 0 0 0 0 0 0 0 0 0 0 0 0 0 0 0 0 0 0 0 0 0 0 0 0 0 0 0 0 0 0 0 0 0 0 0 0 0 0 0 0 0 0 0 0 0 0 0 0 0 0 0 0 0 0 0 0 0 0 0 0 0 0 0 0 0 0 0 0 0 0 0 0 0 0 0 0 0 0 0 0 0 0 0 0 0 0 0 0 0 0 0 0 0 0 0 0 0 0 0 0 0 0 0 0 0 0 0 0 0 0 0 0 0 0 0 0 0 
0 0 0 0 0 0 0 0 0 0 0 0 0 0 0 0 0 0 0 0 0 0 0 0 0 0 0 0 0 0 0 0 0 0 0 0 0 0 0 0 0 0 0 0 0 0 0 0 0 0 0 0 0 0 0 0 0 0 0 0 0 0 0 0 0 0 0 0 0 0 0 0 0 0 0 0 0 0 0 0 0 0 0 0 0 0 0 0 0 0 0 0 0 0 0 0 0 0 0 0 0 0 0 0 0 0 0 0 0 0 0 0 0 0 0 0 0 0 0 0 0 0 0 0 0 0 0 0 0 0 0 0 0 0 0 0 0 0 0 0 0 0 0 0 0 0 0 0 0 0 0 0 0 0 0 0 0 0 0 0 0 0 0 0 0 0 0 0 0 0 0 0 0 0 0 0 0 0 0 0 0 0 0 0 0 0 0 0 0 0 0 0 0 0 0 0 0 0 0 0 0 0 0 0 0 0 0 0 0 0 0 
0 0 0 0 0 0 0 0 0 0 0 0 0 0 0 0 0 0 0 0 0 0 0 0 0 0 0 0 0 0 0 0 0 0 0 0 0 0 0 0 0 0 0 0 0 0 0 0 0 0 0 0 0 0 0 0 0 0 0 0 0 0 0 0 0 0 0 0 0 0 0 0 0 0 0 0 0 0 0 0 0 0 0 0 0 0 0 0 0 0 100 0 0 0 0 0 0 0 0 0 0 0 0 0 0 0 0 0 0 0 0 0 0 0 0 0 0 0 0 0 0 0 0 0 0 0 0 0 0 0 0 0 0 0 0 0 0 0 0 0 0 0 0 0 0 0 0 0 0 0 0 0 0 0 0 0 0 0 0 0 0 0 0 0 0 0 0 0 0 0 0 0 0 0 0 0 0 0 0 0 0 0 0 0 0 0 0 0 0 0 0 0 0 0 0 0 0 0 0 0 0 0 0 0 0 0 0 0 0 0 0 
0 0 0 0 0 0 0 0 0 0 0 0 0 0 0 0 0 0 0 0 0 0 0 0 0 0 0 0 0 0 0 0 0 0 0 0 0 0 0 0 0 0 0 0 0 0 0 0 0 0 0 0 0 0 0 0 0 0 0 0 0 0 0 0 0 0 0 0 0 0 0 0 0 0 0 0 0 0 0 0 0 0 0 0 0 0 0 0 0 0 0 0 0 0 0 0 0 0 0 0 0 0 0 0 0 0 0 0 0 0 0 0 0 0 0 0 0 0 0 0 0 0 0 0 0 0 0 0 0 0 0 0 0 0 0 0 0 0 0 0 0 0 0 0 0 0 0 0 0 0 0 0 0 0 0 0 0 0 0 0 0 0 0 0 0 0 0 0 0 0 0 0 0 0 0 0 0 0 0 0 0 0 0 0 0 0 0 0 0 0 0 0 0 0 0 0 0 0 0 0 0 0 0 0 0 0 0 0 0 0 0 
0 0 0 0 0 0 0 0 0 0 0 0 0 0 0 0 0 0 0 0 0 0 0 34 0 0 0 0 0 0 0 0 0 0 0 0 0 0 0 100 0 0 0 0 0 0 0 0 0 0 0 0 0 0 0 0 0 0 0 0 0 0 0 0 0 0 0 0 0 0 0 0 0 0 0 0 0 0 0 0 0 0 0 0 0 0 0 0 0 0 0 0 0 0 0 0 0 0 0 0 0 0 0 0 0 0 0 0 0 0 0 0 0 0 0 0 0 83 0 0 0 0 0 0 0 0 0 0 0 0 0 0 0 0 0 0 0 0 0 0 0 0 0 0 0 0 0 0 0 0 0 0 0 0 0 243 0 0 0 0 0 0 0 100 0 0 0 0 0 0 0 0 64 0 0 0 0 0 0 0 0 0 0 0 0 0 0 0 0 0 0 0 0 0 0 0 13 0 0 0 0 0 0 0 0 0 64 0 0 0 0 
106 0 0 0 0 0 0 0 0 0 0 0 0 0 0 40 0 0 0 0 0 0 0 125 0 26 0 0 0 0 276 0 0 0 0 0 0 0 0 0 0 0 0 0 0 0 0 0 0 0 0 0 0 0 0 0 0 40 0 0 0 0 0 0 0 0 0 0 0 0 0 0 0 0 0 0 39 20 0 0 0 0 0 0 0 0 0 0 64 0 0 0 0 0 0 0 0 0 80 0 0 0 20 0 0 0 0 0 0 0 0 0 0 0 0 0 0 105 0 0 0 0 0 0 0 0 0 0 0 0 0 0 0 0 0 0 0 0 0 0 0 0 0 0 0 0 0 0 0 0 0 0 0 0 100 20 0 200 0 0 0 0 64 0 0 0 0 32 0 0 0 13 0 0 0 0 0 0 0 0 0 0 0 0 0 0 0 0 0 0 0 0 0 0 0 0 0 0 0 0 0 0 0 0 0 0 0 0 0 0 0 
0 0 0 0 0 0 0 0 0 0 0 0 0 0 0 0 0 0 0 0 0 0 0 0 0 0 0 0 0 0 0 0 0 0 0 0 0 0 0 0 0 0 0 0 0 0 0 0 0 0 0 0 0 0 0 0 0 0 0 0 0 0 0 0 0 0 0 0 0 0 0 0 0 0 0 0 0 0 0 0 0 0 0 0 0 0 0 0 0 0 0 0 0 0 0 0 0 0 0 0 0 0 0 0 0 0 0 0 0 0 0 0 0 0 0 0 0 0 0 0 0 0 0 0 0 0 0 0 0 0 0 0 0 0 0 0 0 0 0 0 0 0 0 0 0 0 0 0 0 0 0 0 0 0 0 0 0 0 0 0 0 0 0 0 0 0 0 0 0 0 0 0 0 0 0 0 0 0 0 0 0 0 0 0 0 0 0 0 0 0 0 0 0 0 0 0 0 0 0 0 0 0 0 0 0 0 0 0 0 0 0 
0 0 0 0 0 0 0 0 0 0 0 0 0 0 0 0 0 0 0 0 64 0 0 153 0 0 0 0 0 0 51 0 0 0 0 0 0 0 0 0 0 0 0 0 0 0 0 0 0 0 0 0 0 0 0 0 0 0 0 0 0 0 0 13 0 0 0 0 0 0 0 0 0 0 0 0 0 83 0 0 0 0 40 229 0 0 0 0 0 0 61 0 0 0 0 0 0 0 0 0 0 0 0 0 0 0 0 0 0 0 0 0 0 0 0 0 0 40 0 0 0 32 0 0 26 0 0 0 0 0 0 0 0 0 0 0 0 0 0 0 0 0 0 0 0 0 0 0 0 0 0 0 0 0 0 51 0 0 0 0 0 0 0 20 0 0 0 0 0 0 0 151 0 0 0 0 0 0 0 0 51 26 0 0 0 0 0 0 0 0 0 0 0 0 0 0 26 0 0 0 0 0 64 0 0 0 0 0 0 0 0 
0 0 0 0 0 0 0 0 0 0 0 0 0 0 0 0 0 0 0 0 0 0 0 32 0 0 0 0 0 0 0 0 0 0 0 0 0 0 0 0 0 0 0 0 0 0 0 0 0 0 0 0 0 0 0 0 0 0 0 0 0 0 0 0 0 0 0 0 0 0 0 0 0 0 0 0 0 0 0 0 0 0 0 0 0 0 0 0 0 0 0 0 0 0 0 0 0 0 0 0 0 0 0 0 0 0 0 0 0 0 0 80 0 0 0 0 0 0 0 0 0 0 0 0 0 0 0 0 0 0 0 0 0 0 0 0 0 0 0 0 0 0 0 0 0 0 0 0 0 0 0 0 0 0 0 90 0 0 0 0 0 0 0 0 0 0 0 0 0 0 0 51 0 0 0 0 20 0 0 0 0 0 0 0 0 0 0 0 40 0 0 0 0 0 0 0 0 0 0 0 0 0 0 0 0 0 0 0 0 0 0 
244 0 0 0 26 0 0 0 0 0 0 0 0 0 214 0 0 0 0 0 0 0 0 819 0 0 0 0 0 0 81 0 0 0 342 13 0 0 0 40 0 0 0 0 0 0 0 0 32 64 0 0 0 0 0 0 0 0 0 0 0 0 0 0 0 0 13 0 0 0 0 0 0 0 0 0 80 211 0 0 0 0 0 885 0 0 0 0 51 93 218 40 0 0 40 0 0 0 0 0 26 0 16 64 51 64 0 0 0 0 0 0 0 0 0 0 0 684 51 140 206 115 0 0 0 40 0 0 106 0 26 40 0 0 0 0 0 0 0 0 0 100 0 0 0 64 0 0 141 80 0 0 145 0 211 1283 92 0 0 0 0 64 80 80 0 57 0 0 0 0 0 993 16 0 0 0 0 0 0 0 104 0 0 0 0 0 0 0 13 0 0 0 0 0 40 0 13 0 0 0 0 0 0 0 0 0 160 0 73 192 0 
0 0 0 0 0 0 0 0 0 0 0 0 0 0 0 0 0 0 0 0 0 0 0 114 0 0 0 0 0 0 34 0 0 0 0 0 0 0 0 0 0 0 0 0 0 80 0 0 0 0 0 0 0 0 0 0 0 0 0 0 0 0 0 13 0 0 0 0 0 0 0 0 0 0 0 0 0 0 0 0 0 0 0 0 0 0 0 0 0 0 80 0 0 0 0 0 0 0 0 0 0 0 0 0 0 0 0 0 0 0 0 0 0 0 0 0 0 26 0 0 0 0 0 0 0 0 0 0 0 0 0 0 0 0 0 0 0 0 0 0 0 0 0 0 0 0 0 0 0 0 0 0 0 0 51 84 0 0 0 0 0 0 0 0 0 0 0 0 0 0 0 13 0 0 0 0 0 0 0 0 0 0 0 0 0 0 0 0 0 0 0 0 0 0 0 0 0 0 0 0 0 0 0 0 0 0 0 0 0 0 0 
0 0 0 0 20 0 0 0 0 0 0 0 0 0 26 0 0 0 0 0 0 0 0 78 0 32 0 0 0 0 0 0 0 0 0 0 0 0 0 0 0 0 0 0 0 0 0 0 0 26 0 0 0 0 0 0 0 0 0 0 0 0 0 0 0 0 0 0 0 0 0 0 0 0 0 0 0 100 0 0 0 0 0 26 0 0 0 0 0 0 0 0 0 0 0 0 0 0 0 0 0 0 0 0 0 0 0 0 0 0 0 0 0 0 0 0 0 64 0 0 0 0 0 0 0 0 0 0 0 0 0 0 0 0 0 0 0 0 0 0 0 0 0 0 0 0 0 0 0 0 0 0 0 0 100 90 0 0 0 0 0 0 32 0 0 0 0 0 0 0 0 200 0 0 0 0 0 0 0 0 0 40 0 0 0 0 0 0 0 0 0 0 0 0 0 0 0 0 0 0 0 0 0 0 0 0 40 0 0 0 0 
2027 0 0 0 26 26 0 0 0 40 80 149 0 0 231 0 0 0 0 0 16 0 761 2983 0 93 0 0 0 16 2401 0 0 0 322 80 0 0 0 0 16 0 0 0 0 80 0 51 51 329 0 0 0 120 0 0 0 324 0 0 80 0 0 80 0 32 128 0 0 0 0 0 0 0 0 0 389 152 26 0 0 0 64 864 0 26 0 0 0 79 595 144 0 0 0 100 0 0 340 0 51 0 32 0 616 64 200 0 32 0 0 120 61 0 20 0 0 1090 51 114 0 34 0 0 0 0 0 0 93 0 90 160 13 0 0 0 0 0 0 0 0 64 0 0 0 77 0 0 474 0 0 0 155 13 3347 2400 178 51 0 0 0 51 405 148 0 0 80 0 0 0 0 1950 16 0 0 0 0 0 0 0 0 189 20 0 0 0 0 0 0 51 299 0 0 0 0 0 244 0 13 0 0 0 0 0 0 64 425 0 0 269 0 
326 0 0 0 0 0 0 0 40 0 131 13 0 0 32 53 0 0 0 0 96 0 16 1939 0 40 0 0 0 160 225 0 0 0 240 0 0 0 0 451 0 0 0 0 0 42 0 0 133 64 0 0 0 0 0 0 0 77 0 0 0 0 0 20 0 0 0 0 0 0 0 0 0 0 0 0 268 412 0 0 0 0 0 778 0 0 0 0 0 120 209 83 64 0 0 26 0 0 64 51 0 0 285 104 20 0 16 0 0 0 0 0 0 0 0 0 0 2736 0 46 0 181 0 0 412 380 0 0 57 0 100 100 0 0 0 0 0 0 0 0 0 0 0 0 0 26 0 0 52 334 0 0 49 156 376 2870 380 40 32 0 0 266 220 64 0 0 20 20 0 0 0 1184 64 0 32 0 0 0 0 0 20 260 0 0 0 0 0 0 0 0 80 0 153 0 0 80 521 0 42 0 311 0 0 0 0 20 219 0 0 64 0 
0 0 0 0 0 0 0 0 0 0 0 0 0 0 0 0 0 0 0 0 0 0 0 0 0 0 0 0 0 0 0 0 0 0 0 0 0 0 0 0 0 0 0 0 0 0 0 0 0 0 0 0 0 0 0 0 0 0 0 0 0 0 0 0 0 0 0 0 0 0 0 0 0 0 0 0 0 0 0 0 0 0 0 0 0 0 0 0 0 0 0 0 0 0 0 0 0 0 0 0 0 0 0 0 0 0 0 0 0 0 0 0 0 0 0 0 0 0 0 0 0 0 0 0 0 0 0 0 0 0 0 0 0 0 0 0 0 0 0 0 0 0 0 0 0 0 0 0 0 0 0 0 0 0 0 0 0 0 0 0 0 0 0 0 0 0 0 0 0 0 0 0 0 0 0 0 0 0 0 0 0 0 0 0 0 0 0 0 0 0 0 0 0 0 0 0 0 0 0 0 0 0 0 0 0 0 0 0 0 0 0 
218 0 0 0 20 0 0 0 0 0 0 0 0 0 0 0 0 0 0 0 0 0 0 129 0 0 0 0 0 0 0 0 0 0 16 0 0 0 0 0 0 0 0 0 0 0 0 0 0 13 0 0 0 0 0 0 0 0 0 0 0 0 0 0 0 0 0 0 0 0 0 0 0 0 0 0 0 77 0 0 0 0 0 272 0 0 0 0 0 0 0 0 0 0 200 0 0 0 0 0 0 0 0 0 0 0 0 0 0 0 40 0 0 0 0 0 0 156 0 0 0 0 0 0 0 0 0 0 0 0 0 0 0 0 0 0 0 0 0 0 0 0 0 0 0 0 0 0 0 0 0 0 32 0 0 326 0 0 0 0 0 0 0 0 0 80 0 0 0 0 0 212 0 0 0 0 0 0 0 0 0 0 0 0 0 0 0 0 0 0 0 0 0 0 0 0 13 0 0 0 64 0 0 0 0 0 0 0 0 0 0 
4847 0 0 0 32 0 0 0 0 0 77 33 0 0 58 0 0 0 0 0 32 0 1088 1886 20 32 0 0 0 0 1991 0 0 0 177 0 0 0 0 0 92 0 0 0 0 0 0 0 125 310 96 0 0 0 0 0 0 167 0 0 51 0 0 0 0 0 49 0 0 0 0 0 0 77 0 0 20 139 16 0 0 0 0 723 0 20 0 0 0 20 239 49 0 0 0 26 0 0 0 64 0 0 0 26 73 0 32 0 0 40 0 110 0 0 0 0 0 1724 0 51 32 58 0 0 0 0 0 0 26 0 32 0 0 0 0 0 0 0 0 0 0 0 0 64 0 92 0 0 151 32 0 0 128 0 771 1827 79 0 0 0 0 128 148 307 0 105 0 0 0 0 0 1525 0 0 0 0 64 0 0 0 0 108 0 64 0 0 0 0 13 0 0 0 0 0 0 0 224 0 0 0 26 0 0 0 0 51 159 0 0 306 0 
151 0 0 0 0 0 0 0 20 0 51 0 0 0 0 64 0 0 0 0 0 0 40 304 0 80 0 0 0 0 32 0 0 0 51 0 0 0 0 0 0 0 0 0 0 0 0 0 0 81 0 0 0 0 0 0 0 26 0 0 0 0 0 0 0 0 13 0 0 0 0 0 0 0 0 0 80 32 0 0 0 0 0 303 0 0 0 0 0 0 113 0 0 0 100 0 0 0 0 0 0 0 0 0 0 0 0 0 0 0 0 0 0 0 0 0 0 661 0 104 0 180 0 0 0 170 0 0 0 0 0 64 0 0 0 0 0 0 0 0 0 0 0 0 0 0 0 0 0 0 0 0 102 0 100 1513 0 0 0 0 0 26 169 151 0 112 64 0 0 0 0 243 0 0 64 0 0 0 0 0 0 0 0 0 0 0 0 0 0 0 0 0 0 0 0 0 225 0 0 0 171 0 0 0 0 0 13 0 0 100 0 
3580 0 0 0 450 0 0 0 113 102 293 199 0 0 1914 178 0 96 0 0 184 0 608 5323 106 444 0 0 0 20 1580 0 0 0 1248 32 0 0 0 233 61 0 0 0 0 0 100 51 304 869 387 64 0 124 0 0 0 1292 40 0 191 0 0 269 16 121 354 0 0 0 98 0 0 64 0 0 1052 437 91 0 0 0 1187 3465 0 0 0 0 280 305 3214 305 51 0 40 105 0 0 318 0 960 0 384 172 98 698 128 0 0 0 111 720 200 0 0 252 0 6795 26 920 67 658 0 0 298 186 0 0 185 0 129 333 0 0 0 0 0 0 0 0 0 13 0 0 0 2329 0 0 398 200 0 0 1193 103 1406 14098 685 51 293 0 0 634 3759 1378 0 100 196 163 0 0 73 5296 92 0 164 0 0 0 0 0 146 488 26 64 134 0 0 0 0 161 492 0 70 0 152 32 841 0 53 0 574 100 39 0 13 430 825 0 195 2804 0 
13840 0 0 0 928 732 0 83 437 437 1047 868 0 0 4686 1081 0 202 0 0 673 0 3208 66229 387 700 0 0 0 606 6380 110 0 0 6946 851 0 0 80 1726 133 420 0 0 0 748 278 370 2109 6916 381 141 0 315 0 0 0 2413 51 0 1340 110 195 922 217 125 1191 0 0 0 175 0 16 576 0 380 4877 4275 331 0 0 1295 569 20194 0 529 40 0 61 3374 6436 1532 1147 268 312 285 0 0 772 110 516 0 1703 6305 469 576 448 0 0 0 1347 1172 0 16 32 139 61 107223 508 7498 412 3600 0 761 2301 5867 0 213 879 61 1635 1931 100 0 0 49 0 0 0 0 112 49 0 134 0 1136 90 145 3006 1302 0 26 1526 380 10578 77548 3410 992 1334 90 16 1961 7193 4663 0 1534 827 1526 57 0 409 29193 1246 0 921 0 0 0 650 0 967 3135 47 222 2272 0 0 0 505 32 1755 0 2424 0 262 441 19325 0 919 0 4826 40 806 0 307 863 9283 323 446 2632 0 
1523 0 0 0 77 126 0 0 0 0 64 208 0 0 1127 0 0 0 0 0 0 0 436 3425 64 160 0 0 0 0 1109 0 0 0 938 132 0 0 0 13 0 51 0 0 0 54 0 151 128 617 13 0 0 0 0 0 0 163 0 0 196 100 0 0 0 26 0 0 0 0 151 0 0 16 0 0 193 421 0 0 0 0 0 1987 0 0 0 0 0 390 576 40 32 0 100 57 0 0 32 73 0 0 113 13 90 40 100 0 0 26 0 220 0 0 0 0 0 1935 0 416 112 261 0 0 357 147 0 0 0 0 92 54 26 0 0 0 0 0 0 0 0 83 0 0 0 61 0 0 835 151 0 0 160 144 1311 4812 527 67 26 0 0 113 1185 164 0 0 316 186 0 0 0 4477 100 0 0 0 0 0 0 0 608 63 0 0 0 0 0 0 358 0 96 0 277 0 0 64 616 0 96 0 190 0 54 0 0 100 2045 0 100 512 0 
247 0 0 0 0 0 0 0 0 0 0 0 0 0 80 51 0 0 0 0 0 0 26 635 0 0 0 0 0 0 113 0 0 0 13 0 0 0 0 100 0 0 0 0 0 0 0 0 100 100 0 0 0 0 0 0 0 26 0 0 116 0 0 0 0 0 0 0 0 0 0 0 0 0 0 0 147 51 0 0 0 0 0 519 0 0 0 0 0 100 100 20 0 0 0 80 0 0 0 0 20 0 131 100 0 0 51 0 0 0 0 0 0 0 0 0 0 353 0 295 0 0 0 0 100 0 0 0 0 0 51 0 0 0 0 0 0 0 0 0 0 0 0 0 0 53 0 0 64 100 0 0 0 0 142 1033 170 13 0 0 80 0 179 0 0 0 26 40 0 0 0 617 0 0 0 0 0 0 0 0 120 154 0 0 0 0 0 0 0 0 0 0 0 0 0 0 137 0 0 0 64 0 0 0 0 13 379 0 100 0 0 
765 0 40 0 0 0 0 0 0 0 0 32 0 0 92 160 0 0 0 0 0 0 134 1043 0 0 0 0 0 67 183 0 0 0 58 197 0 0 0 40 51 0 13 0 100 0 0 13 51 169 0 0 0 0 0 0 0 16 0 0 128 0 0 0 0 0 160 0 0 0 0 0 0 20 0 0 273 275 0 0 0 0 26 633 0 0 0 0 100 13 435 0 115 0 0 0 0 0 0 0 0 0 0 0 0 64 0 0 0 0 0 213 0 0 0 0 0 551 0 211 16 0 0 0 0 0 0 0 67 0 51 0 0 0 0 0 0 0 0 0 0 0 0 0 0 51 0 16 148 100 0 0 0 0 378 2101 136 0 0 0 0 0 455 51 0 80 100 32 0 0 16 1722 57 0 51 0 0 0 0 0 118 121 0 0 0 0 0 0 80 0 261 0 0 0 0 0 80 0 0 0 57 0 0 0 0 0 243 0 51 80 0 
0 0 0 0 0 40 0 0 0 0 0 0 0 0 0 64 0 0 0 0 0 0 0 0 0 0 0 0 0 0 0 0 0 0 0 0 0 0 0 0 0 0 0 0 0 0 0 0 0 0 0 0 0 0 0 0 0 0 0 0 0 0 0 0 0 0 0 0 0 0 0 0 0 0 0 0 0 0 0 0 0 0 0 0 0 0 0 0 0 0 0 0 0 0 0 0 0 0 0 0 0 0 0 0 0 0 0 0 0 0 0 0 0 0 0 0 0 32 0 0 0 0 0 0 0 0 0 0 0 0 0 0 0 0 0 0 0 0 0 0 0 0 0 0 0 0 0 0 0 0 0 0 0 0 0 154 0 0 0 0 0 0 0 0 0 0 0 80 0 0 0 0 16 0 0 0 0 0 0 0 0 0 0 0 0 0 0 0 0 0 0 0 0 0 0 0 0 0 0 0 0 0 0 0 0 0 0 0 0 0 0 
51 0 0 0 0 0 0 0 0 0 13 0 0 0 0 0 0 0 0 0 0 0 0 217 0 0 0 0 0 0 0 0 0 0 141 0 0 0 0 0 0 0 0 0 0 0 0 0 72 0 0 0 0 0 0 0 0 0 32 0 0 0 0 0 0 0 0 0 0 0 0 0 0 0 0 0 106 0 0 0 0 0 0 303 0 0 0 0 0 0 16 0 0 0 0 0 0 0 0 0 0 0 0 0 0 0 0 0 0 0 0 260 0 0 0 0 0 16 13 40 0 0 0 0 0 0 0 0 0 0 0 0 0 0 0 0 0 0 0 0 0 0 0 0 0 32 0 0 0 0 0 0 0 0 438 304 26 20 0 0 0 0 0 40 0 0 0 0 0 0 0 172 0 0 0 0 0 0 0 0 0 0 0 0 0 0 0 0 0 0 0 0 0 0 0 0 0 0 0 0 0 0 0 0 0 0 0 0 0 92 0 
536 0 0 0 0 40 0 0 0 0 0 0 0 0 206 13 0 0 0 0 132 0 26 3205 0 34 0 0 0 0 264 0 0 0 242 0 0 0 0 40 0 13 0 0 0 0 0 26 200 237 32 13 0 0 0 0 0 20 0 0 110 0 0 20 0 0 158 0 0 0 0 0 0 0 0 0 247 165 0 0 0 160 80 1072 0 0 0 0 0 101 132 100 0 0 13 0 0 0 103 0 32 0 51 54 20 80 0 0 0 0 0 86 0 0 0 16 0 1974 0 263 0 179 0 0 0 421 0 0 0 0 51 0 0 0 0 0 0 0 0 0 0 0 0 144 0 0 96 0 160 201 0 0 0 0 518 3160 256 16 13 0 0 102 519 61 0 20 16 94 0 0 0 1540 0 0 0 0 0 0 0 0 47 181 0 0 102 0 0 0 32 0 46 0 0 0 0 16 589 0 0 0 172 0 57 0 0 16 543 0 0 115 0 
2464 0 0 0 273 199 0 0 724 40 90 154 0 0 1098 368 0 13 0 0 151 0 498 5398 179 366 0 0 0 80 967 0 0 0 1069 64 0 0 0 199 26 0 0 0 0 20 0 0 416 621 400 51 0 0 0 0 0 1036 0 0 347 0 0 178 138 156 115 0 0 0 0 0 0 13 0 0 655 771 0 0 0 755 70 3971 0 0 0 0 0 605 1443 153 0 0 200 407 0 0 134 513 511 0 114 84 40 315 184 0 0 0 32 374 0 0 0 160 0 3427 93 1029 0 591 0 30 238 170 0 51 376 80 277 0 0 0 0 0 0 0 0 0 32 164 0 64 0 1277 0 0 411 599 0 0 206 30 1260 8928 583 592 300 0 215 437 1166 526 0 26 56 222 0 0 80 7879 49 0 195 0 0 0 16 0 739 1009 77 296 51 0 0 0 269 13 220 0 20 0 61 37 757 0 64 0 263 0 51 0 0 200 1599 0 120 702 0 
1995 0 0 0 20 0 0 80 0 0 107 401 0 0 420 144 0 0 0 0 0 0 619 3995 80 51 0 0 0 0 1030 0 0 0 488 0 0 0 80 182 100 0 0 0 0 13 0 100 420 937 40 0 0 0 0 0 0 257 0 0 108 80 0 37 0 0 51 0 0 0 0 0 0 40 0 0 224 250 144 0 0 519 26 1873 0 100 0 0 0 402 1116 16 128 0 0 61 0 0 39 400 95 0 59 154 16 100 53 0 0 0 20 201 0 0 0 0 0 4681 0 459 32 495 0 0 39 59 0 0 175 0 165 20 0 0 0 0 0 0 0 0 0 0 0 0 0 240 0 13 405 197 0 51 78 106 1151 6788 202 0 13 0 0 52 400 83 0 58 93 32 30 0 0 2718 92 0 80 0 0 0 0 0 49 181 96 26 51 0 0 0 172 0 377 0 0 0 0 0 744 0 80 0 90 0 20 0 16 130 663 0 20 583 0 
0 0 0 0 0 0 0 0 0 0 0 0 0 0 0 0 0 0 0 0 0 0 0 0 0 0 0 0 0 0 0 0 0 0 0 0 0 0 0 0 0 0 0 0 0 0 0 0 0 0 0 0 0 0 0 0 0 0 0 0 0 0 0 0 0 0 0 0 0 0 0 0 0 0 0 0 0 0 0 0 0 0 0 0 0 0 0 0 0 0 0 0 0 0 0 0 0 0 0 0 0 0 0 0 0 0 0 0 0 0 0 0 0 0 0 0 0 0 0 0 0 0 0 0 0 0 0 0 0 0 0 0 0 0 0 0 0 0 0 0 0 0 0 0 0 0 0 0 0 0 0 0 0 0 0 0 0 0 0 0 0 0 0 0 0 0 0 0 0 0 0 0 0 0 0 0 0 0 0 0 0 0 0 0 0 0 0 0 0 0 0 0 0 0 0 0 0 0 0 0 0 0 0 0 0 0 0 0 0 0 0 
312 0 0 0 32 16 0 0 0 0 0 51 0 0 0 0 0 0 0 0 0 0 0 1062 0 13 0 0 0 0 243 0 0 0 42 0 0 0 0 100 100 0 0 0 0 0 0 80 0 335 40 0 0 0 0 0 0 83 0 0 0 0 0 0 0 0 80 0 0 0 80 0 0 0 0 0 275 0 0 0 0 0 0 623 0 0 0 0 0 40 372 0 0 46 0 0 0 0 0 0 0 0 39 81 73 0 0 0 0 0 64 64 0 0 0 0 0 1375 0 332 0 106 0 0 65 100 0 0 0 0 13 0 0 0 0 0 0 0 0 0 0 0 0 0 0 0 0 0 40 0 0 0 80 0 206 1432 134 105 0 0 0 0 120 26 0 151 0 0 0 0 0 1090 0 0 0 0 0 0 0 0 115 20 0 0 0 0 0 0 64 0 112 0 0 0 0 0 326 0 0 0 2043 0 280 0 0 32 252 113 64 312 0 
211 0 0 0 26 0 0 0 0 0 0 0 0 0 124 0 0 0 0 0 0 0 92 409 0 0 0 0 0 0 307 0 0 0 100 0 0 0 0 57 0 0 0 0 0 0 0 0 39 13 80 0 0 0 0 0 0 16 0 0 0 0 0 0 0 0 51 0 0 0 0 0 0 0 0 0 0 64 0 0 0 0 0 741 0 0 0 0 0 40 466 64 0 0 0 0 0 0 120 0 80 0 164 0 0 80 0 0 0 0 0 145 0 0 0 0 0 518 0 215 0 0 0 0 0 20 0 0 40 0 0 0 0 0 0 0 0 0 0 0 0 0 0 0 0 0 0 0 40 57 0 0 20 0 125 695 26 0 0 0 0 20 480 212 0 80 0 0 0 0 0 219 0 0 0 0 0 0 0 0 0 0 0 0 0 0 0 0 51 0 100 0 0 0 0 0 16 0 0 0 32 0 0 0 0 0 92 0 0 122 0 
868 0 0 0 0 96 0 0 0 0 0 0 0 0 560 0 0 26 0 0 0 0 260 1196 0 20 0 0 0 0 0 0 0 0 49 0 0 0 0 54 0 0 0 0 0 42 0 0 20 46 0 0 0 0 0 0 0 67 0 0 42 0 100 0 0 0 16 0 0 0 0 0 0 0 0 0 73 32 0 0 0 0 0 194 0 0 0 0 0 64 212 177 0 0 32 0 0 0 0 51 0 0 0 224 16 26 0 0 0 0 0 0 0 0 0 0 0 1695 0 32 0 0 0 20 0 20 0 0 20 0 180 153 0 0 0 0 0 0 0 0 0 0 0 0 0 26 0 0 65 0 0 0 0 0 261 5609 220 0 0 0 0 80 131 52 0 0 0 0 0 0 0 429 49 0 0 0 0 0 0 0 16 96 0 0 0 0 0 0 47 0 184 0 0 0 0 0 793 0 0 0 0 0 0 0 0 0 250 0 40 77 0 
61 0 0 0 0 0 0 0 0 0 0 0 0 0 126 0 0 0 0 0 0 0 0 113 0 0 0 0 0 0 0 0 0 0 0 0 0 0 0 0 0 0 0 0 0 0 0 0 0 0 0 0 0 0 0 0 0 0 0 0 0 0 0 0 0 0 40 0 0 0 0 0 0 0 0 0 0 0 0 0 0 0 0 64 0 0 0 0 0 0 0 90 0 0 0 0 0 0 0 0 0 0 0 100 0 0 0 0 0 0 0 0 0 0 0 0 0 106 0 0 0 32 0 0 0 0 0 0 0 0 0 0 0 0 0 0 0 0 0 0 0 0 0 0 0 0 0 0 0 0 0 0 0 0 0 520 0 0 0 0 0 0 0 0 0 0 0 0 0 0 0 40 0 0 0 0 0 0 0 0 0 0 0 0 0 0 0 0 0 0 0 0 0 0 0 0 0 0 0 0 0 0 0 0 0 0 26 0 0 0 0 
0 0 0 0 0 0 0 0 0 0 0 0 0 0 0 0 0 0 0 0 0 0 0 0 0 0 0 0 0 0 0 0 0 0 0 0 0 0 0 0 0 0 0 0 0 0 0 0 0 0 0 0 0 0 0 0 0 0 0 0 0 0 0 0 0 0 0 0 0 0 0 0 0 0 0 0 0 0 0 0 0 0 0 0 0 0 0 0 0 0 0 0 0 0 0 0 0 0 0 0 0 0 0 0 0 0 0 0 0 0 0 0 0 0 0 0 0 0 0 0 0 0 0 0 0 0 0 0 0 0 0 0 0 0 0 0 0 0 0 0 0 0 0 0 0 0 0 0 0 0 0 0 0 0 0 0 0 0 0 0 0 0 0 0 0 0 0 0 0 0 0 0 0 0 0 0 0 0 0 0 0 0 0 0 0 0 0 0 0 0 0 0 0 0 0 0 0 0 0 0 0 0 0 0 0 0 0 0 0 0 0 
53 0 0 0 0 40 0 0 0 0 0 0 0 0 0 0 0 0 0 0 0 0 0 161 0 0 0 0 0 0 0 0 0 0 0 32 0 0 0 0 0 0 0 0 0 0 0 0 0 26 0 0 0 0 0 0 0 13 0 0 0 0 0 0 0 0 0 0 0 0 0 0 0 0 0 0 0 0 0 0 0 0 0 0 0 0 0 0 0 0 0 0 0 0 0 26 0 0 0 0 0 0 0 0 0 0 0 0 0 0 80 100 0 0 0 0 0 54 0 0 0 0 0 0 0 0 0 0 0 0 0 0 0 0 0 0 0 0 0 0 0 0 0 0 0 0 0 0 0 0 0 0 0 0 0 311 0 0 96 0 0 0 216 0 0 0 0 0 0 0 0 90 0 0 0 0 0 0 0 0 64 0 0 0 0 0 0 0 0 0 0 0 0 0 0 0 37 0 0 0 0 0 0 0 0 13 0 0 0 0 0 
9898 0 0 0 581 181 0 64 100 356 437 855 0 0 3477 167 0 172 0 0 746 0 1721 23368 674 2690 0 0 0 197 3860 0 0 0 2791 650 0 0 51 389 195 16 0 0 0 179 53 131 985 3739 210 80 0 164 0 0 40 572 0 0 758 0 211 863 115 0 908 0 0 0 97 0 0 72 0 0 3009 2286 160 0 0 222 833 9809 0 424 20 0 0 1789 4784 1287 164 201 250 0 0 0 264 67 189 0 637 831 464 240 20 0 0 0 203 745 0 100 80 74 80 17419 389 2993 358 1761 0 26 936 967 0 106 762 0 928 342 20 0 0 0 0 0 0 0 80 320 0 151 16 489 20 51 1512 1321 0 120 1846 393 4492 55722 6483 597 605 20 0 1646 2769 2993 0 1290 628 1002 13 0 121 15536 308 0 354 0 51 0 215 0 1102 2081 392 0 256 0 0 0 1304 68 663 0 946 0 272 289 3878 0 701 0 1501 0 803 0 174 300 4470 67 491 876 0 
319 0 0 0 0 0 0 0 0 0 40 26 0 0 20 64 0 0 0 0 0 0 64 456 0 0 0 0 0 0 37 0 0 0 187 0 0 0 0 0 13 0 0 0 0 51 0 0 80 64 0 40 0 96 0 0 0 0 0 0 0 0 64 100 0 0 51 0 0 0 0 0 0 40 0 0 0 47 0 0 0 0 0 178 0 0 0 0 0 67 84 0 0 0 0 0 0 0 0 0 0 0 40 0 0 32 0 0 0 0 0 0 0 0 0 0 0 368 13 0 0 26 0 0 0 160 0 0 0 0 0 0 0 0 0 0 0 0 0 0 0 0 0 0 0 0 0 0 94 51 0 0 40 20 225 3672 140 0 0 0 0 51 120 16 0 0 0 160 0 0 0 176 16 0 0 0 0 0 128 0 0 13 0 0 0 0 0 0 0 0 0 0 147 0 0 0 310 0 0 0 39 0 0 0 0 0 224 0 0 0 0 
0 0 0 0 0 0 0 0 0 0 0 0 0 0 0 0 0 0 0 0 0 0 0 0 0 0 0 0 0 0 0 0 0 0 0 0 0 0 0 0 0 0 0 0 0 0 0 0 0 0 0 0 0 0 0 0 0 0 0 0 0 0 0 0 0 0 0 0 0 0 0 0 0 0 0 0 0 0 0 0 0 0 0 0 0 0 0 0 0 0 0 0 0 0 0 0 0 0 0 0 0 0 0 0 0 0 0 0 0 0 0 0 0 0 0 0 0 0 0 0 0 0 0 0 0 0 0 0 0 0 0 0 0 0 0 0 0 0 0 0 0 0 0 0 0 0 0 0 0 0 0 0 0 0 0 0 0 0 0 0 0 0 0 0 0 0 0 0 0 0 0 0 0 0 0 0 0 0 0 0 0 0 0 0 0 0 0 0 0 0 0 0 0 0 0 0 0 0 0 0 0 0 0 0 0 0 0 0 0 0 0 
364 0 0 0 0 0 0 0 0 0 0 0 0 0 64 0 0 0 0 0 0 0 13 371 0 0 0 0 0 0 64 0 0 0 51 32 0 0 0 0 0 0 0 0 0 0 0 0 64 26 98 0 0 0 0 0 0 20 0 0 32 0 0 0 0 32 26 0 0 0 0 0 26 0 0 0 0 26 0 0 0 0 0 113 0 0 0 0 0 20 106 240 26 0 0 0 0 0 0 0 0 0 0 13 0 0 40 0 0 0 0 41 0 0 0 0 0 1040 0 13 0 42 0 0 64 51 0 0 0 0 0 0 0 0 0 0 0 0 0 0 0 0 0 0 0 32 0 0 0 0 0 0 300 0 0 2011 37 32 0 0 0 100 209 51 0 0 64 0 0 0 0 473 0 0 51 0 0 0 144 0 20 46 0 0 0 0 0 0 0 0 147 0 0 0 0 0 132 0 0 0 120 0 32 0 100 0 20 0 0 0 0 
0 0 0 0 0 0 0 0 0 0 0 0 0 0 0 0 0 0 0 0 0 0 0 0 0 0 0 0 0 0 0 0 0 0 0 0 0 0 0 0 0 0 0 0 0 0 0 0 0 0 0 0 0 0 0 0 0 0 0 0 0 0 0 0 0 0 0 0 0 0 0 0 0 0 0 0 0 0 0 0 0 0 0 0 0 0 0 0 0 0 0 0 0 0 0 0 0 0 0 0 0 0 0 0 0 0 0 0 0 0 0 0 0 0 0 0 0 0 0 0 0 0 0 0 0 0 0 0 0 0 0 0 0 0 0 0 0 0 0 0 0 0 0 0 0 0 0 0 0 0 0 0 0 0 0 0 0 0 0 0 0 0 0 0 0 0 0 0 0 0 0 0 0 0 0 0 0 0 0 0 0 0 0 0 0 0 0 0 0 0 0 0 0 0 0 0 0 0 0 0 0 0 0 0 0 0 0 0 0 0 0 
0 0 0 0 0 0 0 0 0 0 0 0 0 0 0 0 0 0 0 0 0 0 0 32 0 0 0 0 0 0 32 0 0 0 0 0 0 0 0 0 0 0 0 0 0 0 0 0 0 0 0 0 0 0 0 0 0 0 0 0 0 0 0 0 0 0 0 0 0 0 0 0 0 0 0 0 0 0 0 0 0 0 0 20 0 0 0 0 0 0 64 0 0 0 0 0 0 0 0 0 0 0 0 0 0 0 0 0 0 0 0 0 0 0 0 0 0 0 0 0 0 0 0 0 0 0 0 0 0 0 0 0 0 0 0 0 0 0 0 0 0 0 0 0 0 0 0 0 0 0 0 0 0 0 0 0 0 0 0 0 0 0 0 0 0 0 0 0 0 0 0 102 0 0 0 0 0 0 0 0 0 0 0 0 0 0 0 0 0 0 0 0 0 0 0 0 0 0 0 0 0 0 0 0 0 0 0 0 0 0 0 
0 0 0 0 0 0 0 0 0 0 0 0 0 0 0 0 0 0 0 0 0 0 0 0 0 0 0 0 0 0 0 0 0 0 0 0 0 0 0 0 0 0 0 0 0 0 0 0 0 0 0 0 0 0 0 0 0 0 0 0 0 0 0 0 0 0 0 0 0 0 0 0 0 0 0 0 0 0 0 0 0 0 0 0 0 0 0 0 0 0 0 0 0 0 0 0 0 0 0 0 0 0 0 0 0 0 0 0 0 0 0 0 0 0 0 0 0 0 0 0 0 0 0 0 0 0 0 0 0 0 0 0 0 0 0 0 0 0 0 0 0 0 0 0 0 0 0 0 0 0 0 0 0 0 0 0 0 0 0 0 0 0 0 0 0 0 0 0 0 0 0 0 0 0 0 0 0 0 0 0 0 0 0 0 0 0 0 0 0 0 0 0 0 0 0 0 0 0 0 0 0 0 0 0 0 0 0 0 0 0 0 
113 0 0 0 0 0 0 0 0 0 0 0 0 0 0 0 0 0 0 0 0 0 26 88 0 0 0 0 0 0 0 0 0 0 400 0 0 0 0 0 0 0 0 0 0 0 0 0 0 0 0 0 0 0 0 0 0 0 0 0 0 0 0 0 0 51 0 0 0 0 0 0 0 0 0 0 40 0 0 0 0 0 0 0 0 0 0 0 0 0 100 0 0 0 0 0 0 0 0 0 0 0 0 0 0 0 64 0 0 0 0 0 0 0 0 0 0 73 0 0 0 0 0 0 0 0 0 0 0 0 0 0 0 0 0 0 0 0 0 0 0 0 0 0 0 384 0 0 0 0 0 0 0 0 13 541 58 0 0 0 0 0 200 0 0 0 0 0 0 0 0 198 0 0 0 0 0 0 0 0 0 32 0 0 0 0 0 0 0 0 64 0 37 0 0 0 39 0 0 0 0 0 0 0 0 20 0 0 0 0 0 
0 0 0 0 0 0 0 0 0 0 0 0 0 0 0 0 0 0 0 0 0 0 0 0 0 0 0 0 0 0 0 0 0 0 0 0 0 0 0 0 0 0 0 0 0 0 0 0 0 0 0 0 0 0 0 0 0 0 0 0 0 0 0 0 0 0 0 0 0 0 0 0 0 0 0 0 0 0 0 0 0 0 0 0 0 0 0 0 0 0 0 0 0 0 0 0 0 0 0 0 0 0 0 0 0 0 0 0 0 0 0 0 0 0 0 0 0 0 0 0 0 0 0 0 0 0 0 0 0 0 0 0 0 0 0 0 0 0 0 0 0 0 0 0 0 0 0 0 0 0 0 0 0 0 0 0 0 0 0 0 0 0 0 0 0 0 0 0 0 0 0 0 0 0 0 0 0 0 0 0 0 0 0 0 0 0 0 0 0 0 0 0 0 0 0 0 0 0 0 0 0 0 0 0 0 0 0 0 0 0 0 
860 0 0 0 0 94 0 0 0 0 51 80 0 0 204 0 0 20 0 0 80 0 43 1341 20 0 0 0 0 0 80 0 0 0 26 0 0 0 0 51 0 0 0 0 0 0 0 0 0 215 0 0 0 0 0 0 0 32 0 0 93 0 0 0 0 0 80 0 0 0 0 0 0 80 0 0 78 0 0 0 0 0 0 937 0 0 16 0 0 0 215 64 40 0 0 64 0 0 0 0 0 0 0 0 0 0 200 0 0 0 0 0 0 0 0 0 0 793 64 104 0 26 0 0 0 0 0 0 0 16 93 0 0 0 0 0 0 0 0 0 51 0 0 0 0 0 0 0 0 64 0 0 0 80 0 3026 54 16 0 0 100 0 142 77 0 104 32 100 0 0 51 2366 0 0 0 0 0 0 0 0 0 211 0 0 0 0 0 0 0 0 116 0 0 0 0 0 234 0 20 0 67 0 0 0 0 0 652 0 0 51 0 
1734 0 0 0 0 0 0 0 0 0 80 51 0 0 201 64 0 0 0 0 0 0 735 3247 80 100 0 0 0 0 372 0 0 0 557 64 0 0 0 39 0 0 0 0 0 0 77 0 80 320 0 0 0 0 0 0 0 30 0 0 13 0 16 64 0 0 230 0 0 0 0 0 0 0 0 0 283 166 0 0 0 0 0 936 0 0 0 0 80 166 1113 96 0 0 106 131 0 0 26 32 64 0 96 104 26 16 16 0 0 0 0 26 0 0 64 0 64 2482 20 118 26 374 0 0 115 262 0 0 0 0 87 160 0 0 0 0 0 0 0 0 0 0 0 0 0 26 0 0 215 137 0 0 115 96 278 10259 2090 0 0 0 0 0 527 387 0 167 0 20 0 0 32 894 53 0 16 0 0 0 32 0 67 181 0 32 0 0 0 0 30 0 228 0 20 0 51 0 774 0 0 0 64 0 64 0 0 51 832 32 20 83 0 
93 0 0 0 0 0 0 0 0 0 0 0 0 0 0 0 0 0 0 0 0 0 0 40 0 0 0 0 0 0 0 0 0 0 0 0 0 0 0 0 0 0 0 0 0 0 0 0 0 0 0 0 0 0 0 0 0 0 0 0 0 0 0 0 0 0 0 0 0 0 0 0 0 0 0 0 0 0 0 0 0 0 0 0 0 0 0 0 80 0 72 0 0 0 0 0 0 0 0 0 0 0 0 0 0 0 0 0 0 0 0 100 0 0 0 0 0 128 0 0 0 0 0 0 32 0 0 0 0 0 26 0 0 0 0 0 0 0 0 0 0 0 0 0 0 0 0 0 80 0 0 0 0 0 100 0 32 0 0 0 0 0 0 51 0 0 0 0 0 0 0 140 0 0 0 0 0 0 0 0 0 64 0 0 0 0 0 0 0 0 0 0 0 0 0 0 0 0 0 0 0 0 0 0 0 0 80 0 0 0 0 
92 0 0 0 0 0 0 0 0 0 0 0 0 0 0 0 0 0 0 0 0 0 40 135 0 0 0 0 0 0 100 0 0 0 100 0 0 0 0 0 0 0 0 0 0 0 0 0 0 51 0 0 0 0 0 0 0 0 0 0 0 0 0 0 0 0 0 0 0 0 0 0 0 0 0 0 140 0 0 0 0 0 0 447 0 0 0 0 0 0 0 0 0 0 0 0 0 0 0 0 0 0 0 0 0 0 0 0 0 0 0 0 0 0 0 0 0 77 0 57 0 0 0 0 51 26 0 0 0 0 0 0 0 0 0 0 0 0 0 0 0 0 0 0 0 0 0 0 0 32 0 0 0 0 0 268 0 0 0 0 0 16 0 0 0 80 0 0 0 0 0 357 0 0 0 0 0 0 0 0 0 0 0 0 0 0 0 0 0 0 0 0 0 0 0 0 13 0 0 0 0 0 0 0 0 0 0 0 0 0 0 
26 0 0 0 100 0 0 80 0 0 0 0 0 0 64 26 0 0 0 0 0 0 26 643 0 0 0 0 0 0 161 0 0 0 51 0 0 0 0 0 0 0 0 0 0 0 0 0 0 0 0 0 0 0 0 0 0 0 0 0 0 0 0 13 0 0 0 0 0 0 0 0 0 0 0 0 32 0 0 0 0 0 32 254 0 0 0 0 0 80 182 0 0 0 0 0 0 0 20 16 0 0 0 0 0 0 0 0 0 0 0 0 0 0 0 0 0 1035 0 40 0 20 0 0 13 200 0 0 0 0 80 0 0 0 0 0 0 0 0 0 0 0 0 0 0 0 0 0 16 0 0 0 32 0 92 820 0 0 13 0 0 16 51 0 0 64 51 40 0 0 0 307 0 0 0 0 0 0 0 0 0 67 0 0 0 0 0 0 0 0 0 0 0 0 0 0 350 0 51 0 0 0 144 0 0 0 32 0 0 0 0 
0 0 0 0 0 0 0 0 0 0 0 0 0 0 0 0 0 0 0 0 0 0 0 0 0 0 0 0 0 0 0 0 0 0 0 0 0 0 0 0 0 0 0 0 0 0 0 0 0 0 0 0 0 0 0 0 0 0 0 0 0 0 0 0 0 0 0 0 0 0 0 0 0 0 0 0 0 0 0 0 0 0 0 0 0 0 0 0 0 0 0 0 0 0 0 0 0 0 0 0 0 0 0 0 0 0 0 0 0 0 0 0 0 0 0 0 0 0 0 0 0 0 0 0 0 0 0 0 0 0 0 0 0 0 0 0 0 0 0 0 0 0 0 0 0 0 0 0 0 0 0 0 0 0 0 0 0 0 0 0 0 0 0 0 0 0 0 0 0 0 0 0 0 0 0 0 0 0 0 0 0 0 0 0 0 0 0 0 0 0 0 0 0 0 0 0 0 0 0 0 0 0 0 0 0 0 0 0 0 0 0 
0 0 0 0 0 0 0 0 0 0 0 0 0 0 0 0 0 0 0 0 0 0 0 0 0 0 0 0 0 0 0 0 0 0 0 0 0 0 0 0 0 0 0 0 0 0 0 0 0 0 0 0 0 0 0 0 0 0 0 0 0 0 0 0 0 0 0 0 0 0 0 0 0 0 0 0 0 0 0 0 0 0 0 0 0 0 0 0 0 0 0 0 0 0 0 0 0 0 0 0 0 0 0 0 0 0 0 0 0 0 0 0 0 0 0 0 0 0 0 0 0 0 0 0 0 0 0 0 0 0 0 0 0 0 0 0 0 0 0 0 0 0 0 0 0 0 0 0 0 0 0 0 0 0 0 0 0 0 0 0 0 0 0 0 0 0 0 0 0 0 0 0 0 0 0 0 0 0 0 0 0 0 0 0 0 0 0 0 0 0 0 0 0 0 0 0 0 0 0 0 0 0 0 0 0 0 0 0 0 0 0 
0 0 0 0 0 0 0 0 0 0 0 0 0 0 0 0 0 0 0 0 0 0 0 0 0 0 0 0 0 0 0 0 0 0 0 0 0 0 0 0 0 0 0 0 0 0 0 0 0 0 0 0 0 0 0 0 0 0 0 0 0 0 0 0 0 0 0 0 0 0 0 0 0 0 0 0 0 0 0 0 0 0 0 0 0 0 0 0 0 0 0 0 0 0 0 0 0 0 0 0 0 0 0 0 0 0 0 0 0 0 0 0 0 0 0 0 0 0 0 0 0 0 0 0 0 0 0 0 0 0 0 0 0 0 0 0 0 0 0 0 0 0 0 0 0 0 0 0 0 0 0 0 0 0 0 0 0 0 0 0 0 0 0 0 0 0 0 0 0 0 0 0 0 0 0 0 0 0 0 0 0 0 0 0 0 0 0 0 0 0 0 0 0 0 0 0 0 0 0 0 0 0 0 0 0 0 0 0 0 0 0 
442 0 0 0 0 16 0 0 0 0 0 0 0 0 32 0 0 0 0 0 0 0 0 208 0 0 0 0 0 0 16 0 0 0 118 0 0 0 0 26 0 0 0 0 0 0 0 0 0 0 0 0 0 0 0 0 0 80 0 0 0 0 0 0 32 0 0 0 0 0 0 0 0 80 0 0 51 84 51 0 0 0 0 421 0 51 0 0 0 0 373 0 0 0 0 0 0 0 0 0 100 0 0 0 0 0 0 0 0 0 0 80 0 0 0 0 0 352 0 40 0 0 0 0 102 0 0 0 0 0 0 0 0 0 0 0 0 0 0 0 0 0 0 0 0 404 0 16 64 0 0 0 26 0 115 607 0 0 0 0 0 32 713 100 0 0 0 0 0 0 0 963 0 0 0 0 64 0 0 0 0 0 0 0 0 0 0 0 40 0 0 0 13 0 0 0 100 0 0 0 0 0 0 0 0 80 51 64 34 264 0 
0 0 0 0 0 0 0 0 0 0 0 200 0 0 0 0 0 0 0 0 0 0 0 215 0 0 0 0 0 0 0 0 0 0 0 0 0 0 0 0 0 0 0 0 0 0 0 0 0 51 0 0 0 0 0 0 0 0 0 0 0 0 0 0 0 0 0 0 0 0 0 0 0 0 0 0 0 0 0 0 0 0 20 110 0 0 0 0 0 0 64 0 0 0 0 0 0 0 0 0 100 0 0 0 0 0 0 0 0 0 0 0 0 0 0 0 0 161 0 90 0 0 0 0 0 0 0 0 0 0 0 0 0 0 0 0 0 0 0 0 0 0 0 0 0 80 0 0 0 0 0 0 0 0 20 92 0 0 0 0 0 32 100 0 0 26 0 0 0 0 0 102 0 0 0 0 0 0 0 0 0 0 0 0 0 0 0 0 0 0 0 0 100 0 0 0 13 0 0 0 0 0 0 0 0 0 0 0 0 32 0 
494 0 0 0 158 0 0 0 0 0 0 64 0 0 282 0 0 0 0 0 54 0 517 677 0 134 0 0 0 51 339 0 0 0 741 64 0 0 0 61 0 0 0 0 0 0 0 0 40 115 0 0 0 40 0 0 0 80 0 0 77 0 0 0 0 16 100 0 0 0 0 0 0 13 0 0 225 174 0 0 0 240 39 688 0 0 0 0 16 137 714 32 103 0 0 54 0 0 0 0 0 0 0 20 0 26 94 0 0 0 0 0 0 0 0 0 0 1095 26 325 0 231 0 32 20 42 0 0 283 0 92 26 0 0 0 0 0 0 0 0 0 26 0 0 0 224 0 0 210 0 0 0 100 0 485 4623 0 20 0 0 100 117 1621 395 0 47 0 0 0 0 0 951 0 0 0 0 0 0 0 0 0 66 0 0 16 0 0 0 0 0 0 0 26 0 0 0 157 0 0 0 96 0 0 0 0 0 333 0 0 67 0 
100 0 0 0 0 0 0 0 0 0 0 0 0 0 0 0 0 0 0 0 0 0 151 0 0 0 0 0 0 0 0 0 0 0 0 0 0 0 0 0 0 0 0 0 0 0 0 0 0 0 0 0 0 0 0 0 0 0 0 0 0 0 0 0 0 0 0 0 0 0 0 0 0 0 0 0 51 0 0 0 0 0 0 0 0 0 0 0 0 0 37 0 0 0 0 0 0 0 0 0 0 0 0 0 0 0 0 0 0 0 0 0 0 0 0 0 0 77 0 0 0 0 0 0 64 0 0 0 0 0 0 0 0 0 0 0 0 0 0 0 0 0 0 0 0 0 0 0 0 0 0 0 0 0 0 92 0 0 0 0 0 0 26 0 0 0 0 0 0 0 0 0 0 0 0 0 0 0 0 0 0 0 0 0 0 0 0 0 0 0 0 0 0 0 0 0 0 0 0 0 0 0 0 0 0 0 26 0 0 0 0 
477 0 0 0 0 0 0 0 0 0 20 0 0 0 80 0 0 0 0 0 0 0 0 679 0 0 0 0 0 0 42 0 0 0 200 0 0 0 0 0 0 0 0 0 0 16 0 0 0 0 128 100 0 0 0 0 0 240 0 0 26 0 0 0 0 0 0 0 0 0 64 0 0 0 0 0 78 26 0 0 0 0 0 493 0 0 0 0 0 13 200 0 0 0 0 0 0 0 0 0 26 0 0 0 0 40 0 0 0 0 0 0 0 0 0 0 0 526 0 20 16 67 0 0 115 0 0 0 0 64 32 20 0 0 0 0 0 0 0 0 0 0 0 0 0 80 0 0 0 128 0 0 0 0 96 2132 122 64 77 0 0 200 851 51 0 0 100 0 0 0 0 566 0 0 51 0 0 0 0 0 26 46 0 0 0 0 0 0 0 0 0 0 0 0 0 0 139 0 0 0 0 0 0 0 0 0 26 0 0 111 0 
0 0 0 0 0 0 0 0 0 0 0 0 0 0 0 0 0 0 0 0 0 0 0 0 0 0 0 0 0 0 0 0 0 0 0 0 0 0 0 0 0 0 0 0 0 0 0 0 0 0 0 0 0 0 0 0 0 0 0 0 0 0 0 0 0 0 0 0 0 0 0 0 0 0 0 0 0 0 0 0 0 0 0 0 0 0 0 0 0 0 0 0 0 0 0 0 0 0 0 0 0 0 0 0 0 0 0 0 0 0 0 0 0 0 0 0 0 0 0 0 0 0 0 0 0 0 0 0 0 0 0 0 0 0 0 0 0 0 0 0 0 0 0 0 0 0 0 0 0 0 0 0 0 0 0 0 0 0 0 0 0 0 0 0 0 0 0 0 0 0 0 0 0 0 0 0 0 0 0 0 0 0 0 0 0 0 0 0 0 0 0 0 0 0 0 0 0 0 0 0 0 0 0 0 0 0 0 0 0 0 0 
0 0 0 0 0 16 0 0 0 0 0 0 0 0 0 0 0 0 0 0 0 0 0 139 0 0 0 0 0 0 0 0 0 0 40 0 0 0 0 0 0 0 0 0 0 0 0 0 0 0 0 0 0 0 0 51 0 80 0 0 0 0 0 0 0 0 0 0 0 0 0 0 0 0 0 0 40 0 0 0 0 0 0 131 0 0 0 0 0 0 132 0 0 0 0 0 0 0 0 80 186 0 0 0 0 0 0 0 0 0 0 0 0 0 0 0 0 117 0 0 0 0 0 0 0 0 0 0 0 0 0 0 0 0 0 0 0 0 0 0 0 0 0 0 0 80 0 0 0 0 0 0 0 0 40 229 0 0 0 0 0 0 200 0 0 0 0 0 0 0 0 61 0 0 0 0 0 0 0 0 0 0 51 0 0 0 0 0 0 0 0 0 0 0 0 0 0 0 0 0 0 0 0 0 0 0 0 0 0 40 0 
0 0 0 0 0 0 0 0 0 0 0 26 0 0 51 13 0 0 0 0 0 0 0 141 0 0 0 0 0 0 0 0 0 0 0 0 0 0 100 0 0 0 0 0 0 0 0 0 0 0 0 0 0 0 0 0 0 0 0 0 64 0 0 0 0 0 13 0 0 0 0 0 0 0 0 0 51 0 0 0 0 0 80 42 0 0 0 0 0 0 0 0 0 0 0 0 0 0 0 0 0 0 0 0 0 0 0 0 0 0 0 0 0 0 0 0 0 96 0 47 0 16 0 0 193 0 0 16 32 0 16 0 0 0 0 0 0 0 0 0 0 0 0 0 0 160 0 0 0 51 0 0 0 26 0 574 0 0 0 0 0 40 100 0 0 0 0 13 0 0 0 216 0 0 0 0 0 0 0 0 0 0 0 0 0 0 0 0 0 0 0 0 0 0 0 0 72 0 0 0 0 0 0 0 0 0 40 0 0 16 0 
2214 0 0 0 331 182 0 0 0 0 131 58 0 0 1025 115 0 32 0 0 126 0 639 4004 100 54 0 0 0 108 1030 0 0 0 877 105 0 0 0 144 0 0 0 0 0 181 32 40 193 1158 492 80 0 0 0 0 0 1487 0 0 356 0 79 67 51 0 481 0 0 0 0 0 0 126 0 0 695 841 42 0 0 100 0 4086 0 39 0 0 0 523 2042 416 32 96 0 64 0 0 46 484 244 0 258 239 85 0 32 0 0 0 0 278 0 0 32 100 0 4388 26 710 30 359 0 0 224 124 0 165 185 0 305 164 40 0 0 64 0 0 0 0 51 0 0 0 0 115 0 115 869 280 0 0 383 105 722 13174 744 96 49 0 0 292 3699 327 0 490 61 223 0 0 0 5637 20 0 237 0 0 0 0 0 72 1121 0 326 0 0 0 0 40 0 149 0 32 0 0 0 365 0 49 0 67 0 58 0 0 627 1018 90 122 1235 0 
0 0 0 0 0 0 0 0 0 0 0 0 0 0 0 0 0 0 0 0 0 0 0 0 0 0 0 0 0 0 0 0 0 0 0 0 0 0 0 0 0 0 0 0 0 0 0 0 64 0 0 0 0 0 0 0 0 0 0 0 0 0 0 0 16 0 0 0 0 0 0 0 0 0 0 0 0 0 0 0 0 0 0 32 0 0 0 0 0 0 0 0 0 0 13 0 0 0 0 64 0 0 0 0 0 0 0 0 0 0 0 0 0 0 0 0 0 0 0 0 0 0 0 0 0 0 0 0 0 0 0 0 0 0 0 0 0 0 0 0 0 0 0 0 0 0 0 0 0 0 0 0 0 0 0 26 0 0 0 0 0 0 180 0 0 0 0 0 0 0 0 32 0 0 0 0 0 0 0 0 0 0 0 0 0 0 0 0 0 0 0 0 0 0 0 0 0 0 0 0 0 0 0 0 0 0 0 0 0 0 0 
376 0 0 0 0 0 64 0 0 0 0 0 0 0 100 51 0 0 0 0 16 0 77 436 0 0 0 0 0 32 32 0 0 0 261 51 0 0 0 0 0 0 0 0 0 20 0 0 32 98 0 0 0 0 0 0 0 58 0 0 0 0 32 0 0 0 0 0 0 0 0 0 0 0 0 0 153 26 0 0 0 51 0 536 0 0 0 0 0 37 51 0 0 16 0 0 0 0 0 0 0 0 0 0 0 0 0 0 0 0 0 0 0 0 0 0 0 293 0 248 0 120 0 0 0 141 0 151 0 0 0 0 0 0 0 0 0 0 0 0 0 0 0 0 0 0 0 0 51 0 0 0 0 0 39 1561 0 0 0 0 0 64 132 51 0 164 0 0 0 0 0 349 32 0 0 0 0 0 0 0 0 20 0 0 0 0 0 0 13 0 0 0 0 0 0 0 16 0 0 0 0 0 40 0 0 0 20 0 0 0 0 
0 0 0 0 0 0 0 0 0 0 0 0 0 0 0 0 0 0 0 0 0 0 0 0 0 0 0 0 0 0 0 0 0 0 0 0 0 0 0 0 0 0 0 0 0 0 0 0 0 0 0 0 0 0 0 0 0 0 0 0 0 0 0 0 0 0 0 0 0 0 0 0 0 0 0 0 0 0 0 0 0 0 0 0 0 0 0 0 0 0 0 0 0 0 0 0 0 0 0 0 0 0 0 0 0 0 0 0 0 0 0 0 0 0 0 0 0 0 0 0 0 0 0 0 0 0 0 0 0 0 0 0 0 0 0 0 0 0 0 0 0 0 0 0 0 0 0 0 0 0 0 0 0 0 0 0 0 0 0 0 0 0 0 0 0 0 0 0 0 0 0 0 0 0 0 0 0 0 0 0 0 0 0 0 0 0 0 0 0 0 0 0 0 0 0 0 0 0 0 0 0 0 0 0 0 0 0 0 0 0 0 
578 0 0 0 40 0 0 0 80 0 98 26 0 0 55 32 0 0 0 0 0 0 61 1881 0 145 0 0 0 80 306 0 0 0 664 16 0 0 0 42 0 77 0 0 0 0 0 0 0 219 100 0 0 0 0 0 0 440 0 0 0 0 13 0 0 0 0 0 0 0 0 0 0 40 0 0 197 72 32 0 0 0 13 1761 0 0 0 0 0 54 469 20 0 20 100 0 0 0 51 0 26 0 90 160 0 0 67 0 16 0 80 100 0 0 0 0 0 1227 0 422 0 304 0 0 346 53 0 51 0 0 122 0 0 0 0 0 0 0 0 0 0 0 0 51 0 16 0 0 313 0 0 0 90 0 264 2766 372 131 0 0 0 80 217 195 0 293 120 42 0 0 0 2003 0 0 32 0 0 0 0 0 20 226 0 0 0 0 0 0 0 0 13 0 16 0 0 0 76 0 92 0 251 0 61 0 0 151 427 51 64 416 0 
0 0 0 0 0 0 0 0 0 0 0 0 0 0 16 0 0 0 0 0 0 0 0 0 0 0 0 0 0 0 0 0 0 0 0 0 0 0 0 0 0 0 0 0 0 0 0 0 0 0 0 0 0 0 0 0 0 0 0 0 0 0 0 0 0 0 0 0 0 0 0 0 0 0 0 0 0 0 0 0 0 0 0 0 0 0 0 0 0 0 0 0 0 0 0 0 0 0 0 0 0 0 0 0 0 0 0 0 0 0 0 0 0 0 0 0 0 20 0 0 0 0 0 0 0 0 0 0 0 0 0 0 0 0 0 0 0 0 0 0 0 0 0 0 0 140 0 0 0 0 0 0 0 0 0 0 0 0 0 0 0 0 0 64 0 0 0 0 0 0 0 0 0 0 0 0 0 0 0 0 0 0 0 0 0 0 0 0 0 0 0 0 0 0 0 0 0 0 0 0 0 0 0 0 0 0 0 0 0 0 0 
20 0 0 0 0 0 0 0 0 0 0 0 0 0 0 0 0 0 0 0 0 0 0 203 0 32 0 0 0 0 190 0 0 0 13 0 0 0 0 20 0 0 0 0 0 0 0 0 64 67 0 0 0 0 0 0 0 160 0 0 26 0 0 0 0 0 0 0 0 0 0 0 0 0 0 0 73 0 0 0 0 0 0 333 0 0 0 0 0 64 126 0 0 51 0 0 0 0 0 0 0 0 0 40 0 16 0 0 0 0 0 0 0 0 0 0 0 104 0 0 0 0 0 0 20 20 0 0 0 0 51 0 0 0 0 0 0 0 0 0 0 0 0 0 0 0 0 0 51 32 0 0 100 0 80 825 0 0 0 0 0 0 200 40 0 100 0 0 0 0 0 179 0 0 0 0 0 0 0 0 0 32 0 0 0 0 0 0 0 0 0 0 0 0 0 0 0 0 0 0 30 0 0 0 0 0 0 0 0 64 0 
0 0 0 0 0 0 0 0 0 0 0 0 0 0 0 0 0 0 0 0 0 0 0 0 0 0 0 0 0 0 0 0 0 0 0 0 0 0 0 0 0 0 0 0 0 0 0 0 0 0 0 0 0 0 0 0 0 0 0 0 0 0 0 0 0 0 0 0 0 0 0 0 0 0 0 0 0 0 0 0 0 0 0 0 0 0 0 0 0 0 0 0 0 0 0 0 0 0 0 0 0 0 0 0 0 0 0 0 0 0 0 0 0 0 0 0 0 0 0 0 0 0 0 0 0 0 0 0 0 0 0 0 0 0 0 0 0 0 0 0 0 0 0 0 0 0 0 0 0 0 0 0 0 0 0 0 0 0 0 0 0 0 0 0 0 0 0 0 0 0 0 0 0 0 0 0 0 0 0 0 0 0 0 0 0 0 0 0 0 0 0 0 0 0 0 0 0 0 0 0 0 0 0 0 0 0 0 0 0 0 0 
47 0 0 0 0 0 0 0 0 0 0 0 0 0 0 0 0 0 0 0 0 0 0 366 0 0 0 0 0 0 0 0 0 0 0 0 0 0 0 0 0 0 0 0 0 0 0 0 0 32 0 0 0 0 0 0 0 0 0 0 0 0 0 0 0 0 13 0 0 0 0 0 0 0 0 0 20 0 0 0 0 0 0 67 0 0 0 0 0 26 13 0 0 0 0 0 0 0 0 0 0 0 0 32 0 0 0 0 0 0 0 0 0 0 0 0 0 0 0 39 0 0 0 0 13 0 0 0 0 0 0 0 0 0 0 0 0 0 0 0 0 0 0 0 0 0 0 0 0 0 0 0 0 0 0 47 0 40 0 0 0 0 160 0 0 0 0 0 0 0 0 67 0 0 0 0 0 0 0 0 20 0 0 0 0 0 0 0 0 0 0 0 0 0 0 0 16 0 0 0 0 0 0 0 32 0 32 0 0 0 0 
211 0 0 0 0 0 0 0 0 0 16 194 0 0 80 20 0 0 0 0 0 0 0 422 73 51 0 0 0 0 101 0 0 0 83 80 0 0 0 51 0 0 0 0 0 0 0 0 0 168 40 0 0 0 0 0 0 0 0 0 0 0 0 32 0 64 64 0 0 0 0 0 0 0 0 40 102 20 51 0 0 0 13 37 0 0 0 0 0 0 208 13 0 51 0 64 0 0 0 0 0 0 174 0 0 0 0 0 0 0 65 144 0 0 13 0 0 561 0 208 0 0 0 0 0 0 0 0 0 0 0 0 0 0 0 0 0 0 32 0 0 0 0 0 0 20 0 0 20 51 0 0 51 40 508 911 80 80 0 0 0 0 0 93 0 0 0 0 0 0 0 398 0 0 0 0 0 0 0 0 0 323 40 0 0 0 0 0 0 100 0 0 40 0 0 0 72 0 0 0 0 0 0 0 0 40 84 0 0 0 0 
5210 0 0 0 80 20 0 0 0 61 13 0 0 0 1841 143 0 0 0 0 26 0 1014 12474 40 265 0 0 0 197 875 0 0 0 730 0 0 0 0 40 124 40 40 0 0 0 0 0 233 506 58 0 0 0 0 0 0 131 0 0 34 0 20 140 32 0 416 0 0 0 0 0 0 141 0 0 664 381 0 0 0 0 106 2434 0 180 0 0 20 416 969 190 0 51 80 96 0 0 358 0 91 0 140 104 276 13 0 0 0 32 0 361 0 0 0 16 0 8079 0 756 51 322 0 0 384 714 0 0 120 0 268 41 0 0 0 0 0 0 0 0 0 0 0 100 26 0 0 0 445 490 0 100 741 104 1362 14064 1385 92 80 0 0 323 919 765 0 283 13 191 0 0 0 3417 146 0 104 0 0 0 64 0 83 443 58 0 281 0 0 0 73 32 0 0 143 0 13 0 2254 0 16 0 331 0 164 0 40 59 765 0 90 98 0 
0 0 0 0 0 0 0 0 0 0 0 0 0 0 0 0 0 0 0 0 51 0 0 594 0 0 0 0 0 0 0 0 0 0 0 0 0 0 0 0 80 0 0 0 0 0 0 0 0 0 0 0 0 0 0 0 0 0 0 0 0 0 0 0 0 0 0 0 0 0 0 0 0 0 0 0 16 13 0 0 0 0 32 80 0 0 0 0 0 0 26 100 0 0 0 0 0 0 0 0 64 0 32 0 0 0 0 0 0 0 0 0 0 0 0 0 0 137 0 52 0 0 0 0 0 0 0 0 0 0 0 0 0 0 0 0 0 0 0 0 0 0 0 0 0 0 0 0 32 0 0 0 0 0 0 409 0 0 0 0 0 0 26 0 0 0 0 0 0 0 0 90 0 0 0 0 0 0 0 0 0 0 0 0 0 0 0 0 0 0 0 0 0 0 0 0 0 0 0 0 0 0 0 0 0 0 164 0 160 0 0 
73 0 0 0 0 0 0 0 0 0 0 0 0 0 32 0 0 0 0 0 0 0 0 439 0 443 0 0 0 0 0 0 0 0 61 51 0 0 0 0 0 0 0 0 0 0 0 0 0 64 0 0 0 0 0 0 0 0 0 0 80 0 0 0 100 0 0 0 0 0 0 0 0 0 0 0 40 0 0 0 0 0 0 83 0 0 0 0 0 0 26 0 0 0 0 16 0 0 0 0 0 0 51 0 0 0 0 0 0 0 0 0 0 0 0 0 0 293 0 40 0 0 0 0 20 0 0 0 0 0 0 0 0 0 0 0 0 0 0 0 0 0 0 0 0 0 0 0 0 151 0 0 0 0 0 803 84 80 0 0 0 0 0 40 0 0 0 0 0 0 80 310 0 0 0 0 0 0 0 0 0 0 0 0 0 0 0 0 40 0 0 0 0 0 0 0 33 0 0 0 0 0 0 0 0 0 200 0 0 80 0 
818 0 0 0 57 0 0 0 0 0 20 52 0 0 361 0 0 0 0 0 64 0 213 1803 0 174 0 0 0 0 338 0 0 0 648 40 0 0 0 83 0 0 0 0 0 51 0 0 250 393 0 0 0 0 0 41 0 141 80 0 172 13 0 64 0 0 170 0 0 0 0 0 0 0 0 0 357 128 0 0 0 80 247 826 0 64 0 0 0 51 163 61 0 0 0 92 0 0 42 0 16 0 90 144 64 13 0 0 0 0 0 166 0 0 0 26 0 1155 64 440 115 115 0 0 135 40 0 0 144 0 90 0 0 0 0 0 0 0 0 0 0 0 0 0 0 68 0 0 251 163 0 0 233 16 442 3050 699 40 40 0 100 147 143 80 0 118 26 115 40 0 32 2216 0 0 72 0 0 0 0 0 157 113 0 0 0 0 0 0 0 80 0 0 83 0 51 0 70 0 40 0 203 0 20 0 37 0 598 0 192 195 0 
0 0 0 0 0 0 0 0 0 0 0 0 0 0 0 0 0 0 0 0 0 0 0 0 0 0 0 0 0 0 0 0 0 0 0 0 0 0 0 0 0 0 0 0 0 0 0 0 0 0 0 0 0 0 0 0 0 0 0 0 0 0 0 0 0 0 0 0 0 0 0 0 0 0 0 0 0 0 0 0 0 0 0 0 0 0 0 0 0 0 0 0 0 0 0 0 0 0 0 0 0 0 0 0 0 0 0 0 0 0 0 0 0 0 0 0 0 0 0 0 0 0 0 0 0 0 0 0 0 0 0 0 0 0 0 0 0 0 0 0 0 0 0 0 0 0 0 0 0 0 0 0 0 0 0 0 0 0 0 0 0 0 0 0 0 0 0 0 0 0 0 0 0 0 0 0 0 0 0 0 0 0 0 0 0 0 0 0 0 0 0 0 0 0 0 0 0 0 0 0 0 0 0 0 0 0 0 0 0 0 0 
