3082 0 0 0 914 342 0 0 0 161 355 32 0 0 614 47 0 0 0 0 217 0 249 8450 58 260 0 0 0 96 1643 0 0 0 849 75 0 0 224 351 102 26 0 0 40 275 80 20 175 496 40 0 0 96 0 0 0 175 0 0 414 0 32 131 0 0 80 0 0 0 0 0 0 2247 0 0 2388 718 20 0 0 0 190 4246 0 102 0 0 80 596 2775 151 51 0 144 7322 0 0 640 0 110 0 553 51 135 240 410 0 0 0 202 75 0 64 0 0 0 7702 283 444 153 551 0 32 923 179 0 128 1096 51 486 200 0 0 0 0 0 0 0 0 520 0 0 0 53 244 0 26 844 305 0 115 0 77 1588 7819 159 0 661 0 0 0 624 387 0 0 40 13 0 0 0 3924 0 339 160 0 0 0 72 0 591 1066 41 0 26 0 0 0 334 0 419 0 526 0 0 47 2032 0 364 0 20 0 0 0 0 234 1336 0 53 804 0 
0 0 0 0 0 0 0 0 0 0 0 0 0 0 0 0 0 0 0 0 0 0 0 0 0 0 0 0 0 0 0 0 0 0 0 0 0 0 0 0 0 0 0 0 0 0 0 0 0 0 0 0 0 0 0 0 0 0 0 0 0 0 0 0 0 0 0 0 0 0 0 0 0 0 0 0 0 0 0 0 0 0 0 0 0 0 0 0 0 0 0 0 0 0 0 0 0 0 0 0 0 0 0 0 0 0 0 0 0 0 0 0 0 0 0 0 0 0 0 0 0 0 0 0 0 0 0 0 0 0 0 0 0 0 0 0 0 0 0 0 0 0 0 0 0 0 0 0 0 0 0 0 0 0 0 0 0 0 0 0 0 0 0 0 0 0 0 0 0 0 0 0 0 0 0 0 0 0 0 0 0 0 0 0 0 0 0 0 0 0 0 0 0 0 0 0 0 0 0 0 0 0 0 0 0 0 0 0 0 0 0 
0 0 0 0 0 0 0 0 0 0 0 0 0 0 0 0 0 0 0 0 0 0 0 0 0 0 0 0 0 0 0 0 0 0 0 0 0 0 0 0 0 0 0 0 0 0 0 0 0 0 0 0 0 0 0 0 0 0 0 0 0 0 0 0 0 0 0 0 0 0 0 0 0 0 0 0 0 0 0 0 0 0 0 0 0 0 0 0 0 0 0 0 0 0 0 0 0 0 0 0 0 0 0 0 0 0 0 0 0 0 0 0 0 0 0 0 0 0 0 0 0 0 0 0 0 0 0 0 0 0 0 0 0 0 0 0 0 0 0 0 0 0 0 0 0 0 0 0 0 0 0 0 0 0 0 0 0 0 0 0 0 0 0 0 0 0 0 0 0 0 0 0 0 0 0 0 0 0 0 0 0 0 0 0 0 0 0 0 0 0 0 0 0 0 0 0 0 0 0 0 0 0 0 0 0 0 0 0 0 0 0 
0 0 0 0 0 0 0 0 0 0 0 0 0 0 0 0 0 0 0 0 0 0 0 0 0 0 0 0 0 0 0 0 0 0 0 0 0 0 0 0 0 0 0 0 0 0 0 0 0 0 0 0 0 0 0 0 0 0 0 0 0 0 0 0 0 0 0 0 0 0 0 0 0 0 0 0 0 0 0 0 0 0 0 0 0 0 0 0 0 0 0 0 0 0 0 0 0 0 0 0 0 0 0 0 0 0 0 0 0 0 0 0 0 0 0 0 0 0 0 0 0 0 0 0 0 0 0 0 0 0 0 0 0 0 0 0 0 0 0 0 0 0 0 0 0 0 0 0 0 0 0 0 0 0 0 0 0 0 0 0 0 0 0 0 0 0 0 0 0 0 0 0 0 0 0 0 0 0 0 0 0 0 0 0 0 0 0 0 0 0 0 0 0 0 0 0 0 0 0 0 0 0 0 0 0 0 0 0 0 0 0 
473 0 0 0 41 0 0 0 0 0 13 0 0 0 200 16 0 0 0 0 13 0 180 861 0 0 0 0 0 0 441 0 0 0 92 0 0 0 0 0 0 0 0 0 0 0 0 0 239 13 0 0 0 0 0 0 0 40 0 0 26 0 51 0 0 0 0 0 0 0 0 0 0 93 0 0 137 80 0 0 0 0 37 501 0 0 0 0 0 72 1258 0 0 0 0 92 0 0 0 0 0 0 16 0 20 40 0 0 0 0 0 0 0 0 0 0 0 272 16 16 0 0 0 0 0 100 0 64 34 0 77 0 0 0 0 0 0 0 0 0 64 0 0 0 0 40 0 0 26 20 0 26 100 80 351 1943 257 0 132 0 0 0 77 500 0 0 0 0 0 0 64 289 0 0 0 0 0 0 51 0 40 80 0 0 0 0 0 0 126 0 172 0 120 0 0 0 51 0 140 0 0 0 0 0 0 0 180 0 0 115 0 
273 0 0 0 0 0 0 0 0 0 0 0 0 0 0 0 0 0 0 0 0 0 0 279 0 0 0 0 0 0 32 0 0 0 100 0 0 0 0 0 0 0 0 0 0 0 0 0 0 0 40 0 0 0 0 0 0 0 0 0 0 0 0 0 0 0 0 0 0 0 0 0 0 0 0 0 64 0 0 0 0 0 0 240 0 0 0 0 0 0 0 0 0 0 0 138 0 0 0 0 0 0 0 0 0 0 0 0 0 0 0 0 0 0 0 0 0 94 0 42 0 0 0 40 0 0 0 0 0 0 0 20 0 0 0 0 0 0 0 0 0 0 0 0 0 0 0 0 0 0 0 0 0 0 16 697 104 0 0 0 0 0 77 0 0 0 0 0 0 0 0 32 0 0 0 0 0 0 0 0 0 0 0 0 0 0 0 0 0 0 0 0 100 0 0 0 0 0 0 0 0 0 0 0 0 0 0 0 0 0 0 
0 0 0 0 0 0 0 0 0 0 0 0 0 0 0 0 0 0 0 0 0 0 0 0 0 0 0 0 0 0 0 0 0 0 0 0 0 0 0 0 0 0 0 0 0 0 0 0 0 0 0 0 0 0 0 0 0 0 0 0 0 0 0 0 0 0 0 0 0 0 0 0 0 0 0 0 0 0 0 0 0 0 0 0 0 0 0 0 0 0 0 0 0 0 0 0 0 0 0 0 0 0 0 0 0 0 0 0 0 0 0 0 0 0 0 0 0 0 0 0 0 0 0 0 0 0 0 0 0 0 0 0 0 0 0 0 0 0 0 0 0 0 0 0 0 0 0 0 0 0 0 0 0 0 0 0 0 0 0 0 0 0 0 0 0 0 0 0 0 0 0 0 0 0 0 0 0 0 0 0 0 0 0 0 0 0 0 0 0 0 0 0 0 0 0 0 0 0 0 0 0 0 0 0 0 0 0 0 0 0 0 
0 0 0 0 0 0 0 0 0 0 0 0 0 0 0 0 0 0 0 0 0 0 0 0 0 0 0 0 0 0 0 0 0 0 0 0 0 0 0 0 0 0 0 0 0 0 0 0 0 0 0 0 0 0 0 0 0 0 0 0 0 0 0 0 0 0 0 0 0 0 0 0 0 0 0 0 0 0 0 0 0 0 0 0 0 0 0 0 0 0 0 0 0 0 0 0 0 0 0 0 0 0 0 0 0 0 0 0 0 0 0 0 0 0 0 0 0 0 0 0 0 0 0 0 0 0 0 0 0 0 0 0 0 0 0 0 0 0 0 0 0 0 0 0 0 0 0 0 0 0 0 0 0 0 0 0 0 0 0 0 0 0 0 0 0 0 0 0 0 0 0 0 0 0 0 0 0 0 0 0 0 0 0 0 0 0 0 0 0 0 0 0 0 0 0 0 0 0 0 0 0 0 0 0 0 0 0 0 0 0 0 
0 0 0 0 16 0 0 0 0 0 100 0 0 0 13 0 0 0 0 0 0 0 0 99 0 26 0 0 0 0 0 0 0 0 0 0 0 0 0 0 0 0 0 0 0 0 0 0 0 40 0 0 0 0 0 0 0 0 0 0 80 0 0 0 0 0 0 0 0 0 0 0 0 0 0 0 0 0 0 0 0 0 0 0 0 0 0 0 0 0 64 0 0 0 0 0 0 0 0 0 40 0 20 0 0 0 0 0 0 0 0 0 0 0 0 0 0 96 51 40 0 32 0 0 0 64 0 0 0 0 0 0 0 0 0 0 0 0 0 0 0 0 0 0 0 0 0 0 0 0 0 0 0 0 64 325 0 0 100 0 0 0 0 0 0 0 0 0 0 0 0 32 0 0 0 0 0 0 0 0 20 0 0 0 0 0 0 0 0 0 0 0 0 0 0 0 20 0 0 0 0 0 0 0 0 0 0 0 0 51 0 
155 0 0 0 40 20 0 0 0 0 0 0 0 0 0 20 0 0 0 0 0 0 0 401 0 0 0 0 0 0 13 0 0 0 83 0 0 0 0 16 0 0 0 0 0 0 0 0 0 0 0 0 0 0 0 0 0 32 0 0 64 0 0 0 0 0 0 0 0 0 0 0 0 0 0 0 0 251 0 0 0 0 0 32 0 0 0 0 0 32 46 0 0 0 0 129 0 0 0 0 0 0 0 0 0 0 0 0 0 0 0 0 0 0 0 0 0 120 0 0 0 80 0 0 0 40 0 0 0 0 0 0 0 0 0 0 0 0 0 0 0 0 0 0 0 0 0 0 224 0 0 0 26 0 51 1283 0 0 64 0 0 0 32 13 0 0 0 0 0 0 0 160 0 0 0 0 0 0 0 0 100 0 0 0 0 0 0 0 0 0 0 0 0 0 0 0 13 0 13 0 0 0 0 0 0 0 0 0 0 0 0 
1143 0 0 0 182 0 0 0 0 0 0 0 0 0 624 16 0 0 0 0 0 0 64 791 500 0 0 0 0 0 87 0 0 0 177 32 0 0 0 16 0 0 0 0 0 0 0 32 0 49 0 0 0 0 0 0 0 0 0 0 90 0 0 0 0 0 0 0 0 0 0 0 0 387 0 0 64 104 0 0 0 0 0 373 0 0 0 0 0 81 276 16 0 0 0 16 0 0 0 0 0 0 0 0 0 0 0 0 0 0 0 30 0 0 0 0 0 622 0 303 0 157 0 0 112 0 0 0 222 0 0 51 0 0 0 0 0 0 0 0 0 0 0 64 0 33 0 0 74 215 0 0 0 0 542 1801 132 51 64 0 0 0 768 646 0 0 20 0 0 0 0 731 0 46 0 0 0 0 0 0 78 96 0 0 100 0 0 0 16 0 80 0 0 0 0 0 0 0 0 0 0 0 0 0 0 0 201 0 0 78 0 
80 0 0 0 0 0 0 0 0 0 0 0 0 0 0 0 0 0 0 0 0 0 0 32 0 0 0 0 0 0 90 0 0 0 0 0 0 0 0 0 0 0 0 0 0 0 0 0 0 0 0 0 0 0 0 0 0 0 0 0 0 0 0 0 0 0 0 0 0 0 0 0 0 0 0 0 0 0 0 0 0 0 51 64 0 0 0 0 0 0 0 0 0 0 0 0 0 0 0 0 0 0 51 0 0 0 0 0 0 0 0 0 0 0 0 0 0 0 0 0 0 0 0 0 0 0 0 0 0 0 0 0 0 0 0 0 0 0 0 0 0 0 0 0 0 0 0 0 0 0 0 0 51 0 0 200 0 0 0 0 0 0 0 0 0 0 0 0 0 0 0 20 0 0 0 0 0 0 0 0 0 0 0 0 0 0 0 0 0 0 0 0 0 0 0 0 0 0 0 0 0 0 0 0 0 0 0 0 0 0 0 
0 0 0 0 0 0 0 0 0 0 0 0 0 0 0 0 0 0 0 0 0 0 0 0 0 0 0 0 0 0 0 0 0 0 0 0 0 0 0 0 0 0 0 0 0 0 0 0 0 0 0 0 0 0 0 0 0 0 0 0 0 0 0 0 0 0 0 0 0 0 0 0 0 0 0 0 0 0 0 0 0 0 0 0 0 0 0 0 0 0 0 0 0 0 0 0 0 0 0 0 0 0 0 0 0 0 0 0 0 0 0 0 0 0 0 0 0 0 0 0 0 0 0 0 0 0 0 0 0 0 0 0 0 0 0 0 0 0 0 0 0 0 0 0 0 0 0 0 0 0 0 0 0 0 0 0 0 0 0 0 0 0 0 0 0 0 0 0 0 0 0 0 0 0 0 0 0 0 0 0 0 0 0 0 0 0 0 0 0 0 0 0 0 0 0 0 0 0 0 0 0 0 0 0 0 0 0 0 0 0 0 
0 0 0 0 0 0 0 0 0 0 0 0 0 0 0 0 0 0 0 0 0 0 0 0 0 0 0 0 0 0 0 0 0 0 0 0 0 0 0 0 0 0 0 0 0 0 0 0 0 0 0 0 0 0 0 0 0 0 0 0 0 0 0 0 0 0 0 0 0 0 0 0 0 0 0 0 0 0 0 0 0 0 0 0 0 0 0 0 0 0 0 0 0 0 0 0 0 0 0 0 0 0 0 0 0 0 0 0 0 0 0 0 0 0 0 0 0 0 0 0 0 0 0 0 0 0 0 0 0 0 0 0 0 0 0 0 0 0 0 0 0 0 0 0 0 0 0 0 0 0 0 0 0 0 0 0 0 0 0 0 0 0 0 0 0 0 0 0 0 0 0 0 0 0 0 0 0 0 0 0 0 0 0 0 0 0 0 0 0 0 0 0 0 0 0 0 0 0 0 0 0 0 0 0 0 0 0 0 0 0 0 
555 0 0 0 226 0 0 0 0 0 0 0 0 0 137 32 0 0 0 0 0 0 0 2081 0 16 0 0 0 451 128 0 0 0 154 222 0 0 0 100 0 0 0 0 0 20 0 0 264 77 0 0 0 0 0 51 0 200 0 0 337 0 0 0 0 0 51 0 0 0 0 0 0 0 0 0 172 246 0 0 0 80 32 569 0 0 0 0 0 16 552 20 0 0 13 131 0 0 0 40 80 0 0 0 0 106 26 0 0 0 0 0 0 0 0 0 0 729 81 26 80 126 0 0 80 0 0 200 80 0 100 0 0 0 0 0 0 0 0 0 0 0 0 0 20 0 0 0 258 90 0 0 100 0 739 4229 154 0 49 0 0 40 274 16 0 416 16 0 0 0 64 1520 0 20 0 0 144 0 0 0 204 84 0 0 0 0 0 0 104 0 268 0 0 0 0 0 160 0 160 0 0 0 0 0 0 0 262 0 161 256 0 
106 0 0 0 0 0 0 0 0 0 100 0 0 0 64 51 0 0 0 0 64 0 13 1234 0 100 0 0 0 40 184 0 0 0 20 0 0 0 0 164 0 0 0 0 0 0 64 0 26 1164 0 0 0 0 0 0 0 13 0 0 26 0 0 0 0 0 80 0 0 0 0 0 0 0 0 0 64 100 0 0 0 0 0 137 0 0 0 0 0 0 231 0 0 0 0 51 0 0 0 0 0 0 0 0 40 16 0 0 0 0 0 0 0 0 0 0 0 496 0 0 0 80 0 0 0 16 0 0 221 0 100 0 0 0 0 0 0 0 0 0 0 0 0 51 0 40 0 0 126 0 0 0 0 0 39 2505 96 0 84 0 0 0 13 80 0 0 0 40 0 0 0 563 0 552 0 0 0 0 0 0 213 234 0 0 0 0 0 0 64 0 0 0 80 0 0 0 0 0 0 0 0 0 0 0 0 30 100 0 0 16 0 
0 0 0 0 0 0 0 0 0 0 0 0 0 0 0 0 0 0 0 0 0 0 0 0 0 0 0 0 0 0 0 0 0 0 0 0 0 0 0 0 0 0 0 0 0 0 0 0 0 0 0 0 0 0 0 0 0 0 0 0 0 0 0 0 0 0 0 0 0 0 0 0 0 0 0 0 0 0 0 0 0 0 0 0 0 0 0 0 0 0 0 0 0 0 0 0 0 0 0 0 0 0 0 0 0 0 0 0 0 0 0 0 0 0 0 0 0 0 0 0 0 0 0 0 0 0 0 0 0 0 0 0 0 0 0 0 0 0 0 0 0 0 0 0 0 0 0 0 0 0 0 0 0 0 0 0 0 0 0 0 0 0 0 0 0 0 0 0 0 0 0 0 0 0 0 0 0 0 0 0 0 0 0 0 0 0 0 0 0 0 0 0 0 0 0 0 0 0 0 0 0 0 0 0 0 0 0 0 0 0 0 
0 0 0 0 0 0 0 0 0 0 0 0 0 0 0 0 0 0 0 0 0 0 0 0 0 0 0 0 0 0 32 0 0 0 0 0 0 0 0 0 0 0 0 0 0 0 0 0 0 0 0 0 0 0 0 0 0 0 0 0 0 0 0 0 0 0 0 0 0 0 0 0 0 0 0 0 0 0 0 0 0 0 0 0 0 0 0 0 0 0 0 0 0 0 0 0 0 0 0 0 0 0 0 0 0 0 0 0 0 0 0 0 0 0 0 0 0 0 0 0 0 0 0 0 0 0 0 0 0 0 0 0 0 0 0 0 0 0 0 0 0 0 0 0 0 0 0 0 0 0 0 0 0 0 0 0 0 0 0 0 0 0 0 0 0 0 0 0 0 0 0 51 0 0 0 0 0 0 0 0 0 0 0 0 0 0 0 0 0 0 0 0 0 0 0 0 0 0 0 0 0 0 0 0 0 0 0 0 0 0 0 
0 0 0 0 0 0 0 0 0 0 0 0 0 0 0 0 0 0 0 0 0 0 0 0 0 0 0 0 0 0 0 0 0 0 0 0 0 0 0 0 0 0 0 0 0 0 0 0 0 0 0 0 0 0 0 0 0 0 0 0 0 0 0 0 0 0 0 0 0 0 0 0 0 0 0 0 0 0 0 0 0 0 0 0 0 0 0 0 0 0 0 0 0 0 0 0 0 0 0 0 0 0 0 0 0 0 0 0 0 0 0 0 0 0 0 0 0 0 0 0 0 0 0 0 0 0 0 0 0 0 0 0 0 0 0 0 0 0 0 0 0 0 0 0 0 0 0 0 0 0 0 0 0 0 0 0 0 0 0 0 0 0 0 0 0 0 0 0 0 0 0 0 0 0 0 0 0 0 0 0 0 0 0 0 0 0 0 0 0 0 0 0 0 0 0 0 0 0 0 0 0 0 0 0 0 0 0 0 0 0 0 
0 0 0 0 0 0 0 0 0 0 0 0 0 0 0 0 0 0 0 0 0 0 0 0 0 0 0 0 0 0 0 0 0 0 0 0 0 0 0 0 0 0 0 0 0 0 0 0 0 0 0 0 0 0 0 0 0 0 0 0 0 0 0 0 0 0 0 0 0 0 0 0 0 0 0 0 0 0 0 0 0 0 0 0 0 0 0 0 0 0 0 0 0 0 0 0 0 0 0 0 0 0 0 0 0 0 0 0 0 0 0 0 0 0 0 0 0 0 0 0 0 0 0 0 0 0 0 0 0 0 0 0 0 0 0 0 0 0 0 0 0 0 0 0 0 0 0 0 0 0 0 0 0 0 0 0 0 0 0 0 0 0 0 0 0 0 0 0 0 0 0 0 0 0 0 0 0 0 0 0 0 0 0 0 0 0 0 0 0 0 0 0 0 0 0 0 0 0 0 0 0 0 0 0 0 0 0 0 0 0 0 
124 0 0 0 0 16 0 0 0 0 0 0 0 0 0 0 0 0 0 0 0 0 0 309 0 0 0 0 0 0 0 0 0 0 64 0 0 0 0 20 0 0 0 0 0 0 0 0 0 0 0 0 0 0 0 0 0 0 0 0 0 0 0 0 0 0 0 0 0 0 0 0 0 0 0 0 0 0 0 0 0 0 0 80 0 0 0 0 0 0 0 0 0 0 0 32 0 0 0 0 0 0 13 0 0 0 13 0 0 0 0 0 0 0 0 0 0 0 64 0 0 0 0 0 0 0 0 0 0 0 0 0 0 0 0 0 0 0 0 0 0 0 0 0 0 0 0 0 0 100 0 0 0 0 0 951 100 0 0 0 0 0 0 0 0 0 0 0 0 0 0 40 0 0 51 0 0 0 0 0 83 0 0 0 0 0 0 0 13 0 0 0 64 0 0 0 0 0 0 0 51 0 0 0 0 0 0 0 0 20 0 
0 0 0 0 0 0 0 0 0 0 0 0 0 0 0 0 0 0 0 0 0 0 0 0 0 0 0 0 0 0 0 0 0 0 0 0 0 0 0 0 0 0 0 0 0 0 0 0 0 0 0 0 0 0 0 0 0 0 0 0 0 0 0 0 0 0 0 0 0 0 0 0 0 0 0 0 0 0 0 0 0 0 0 0 0 0 0 0 0 0 0 0 0 0 0 0 0 0 0 0 0 0 0 0 0 0 0 0 0 0 0 0 0 0 0 0 0 0 0 0 0 0 0 0 0 0 0 0 0 0 0 0 0 0 0 0 0 0 0 0 0 0 0 0 0 0 0 0 0 0 0 0 0 0 0 0 0 0 0 0 0 0 0 0 0 0 0 0 0 0 0 0 0 0 0 0 0 0 0 0 0 0 0 0 0 0 0 0 0 0 0 0 0 0 0 0 0 0 0 0 0 0 0 0 0 0 0 0 0 0 0 
193 0 0 0 0 0 0 0 0 0 32 0 0 0 96 0 0 0 0 0 0 0 84 670 13 0 0 0 0 0 0 0 0 0 0 0 120 0 0 80 64 0 0 0 0 0 0 0 0 32 0 0 0 0 0 0 0 0 0 0 32 0 0 0 0 0 0 0 0 0 0 0 0 0 0 0 197 13 0 0 0 0 51 183 0 0 0 0 0 40 57 0 0 0 0 96 0 0 0 0 0 0 40 0 0 0 0 0 0 0 0 0 0 0 0 0 16 433 40 0 51 70 0 0 103 0 0 0 39 0 0 0 0 0 0 0 0 0 0 0 20 0 0 0 0 0 0 0 64 0 0 0 0 0 160 350 0 0 0 0 0 0 0 0 0 0 0 0 0 0 0 490 0 32 51 0 0 0 0 0 0 16 0 0 0 0 0 0 0 0 0 0 0 0 0 0 32 0 0 0 0 0 0 0 0 0 224 0 0 0 0 
9301 0 0 0 626 219 0 0 160 282 1606 141 0 0 2308 1524 0 0 0 0 395 0 663 13103 440 329 0 0 0 313 3634 80 0 0 3160 1553 64 0 99 861 345 128 0 0 300 26 0 320 404 1658 635 0 0 80 0 40 0 1148 0 0 3745 0 54 41 0 101 268 0 0 0 0 0 0 480 0 117 1962 1339 0 0 0 0 1632 6422 0 47 0 0 51 1699 11099 262 116 0 457 1979 0 0 67 167 236 0 905 51 303 672 455 0 0 0 372 418 0 0 0 94 26 6275 1357 2207 131 1738 0 264 514 745 115 285 2980 80 1467 267 0 0 0 0 40 0 0 0 897 0 0 33 112 686 0 0 5545 1136 51 242 245 194 7718 25423 3169 80 8593 0 0 39 3808 1350 0 194 262 354 0 0 95 14138 0 1401 513 0 0 0 469 0 2308 2930 342 0 0 0 0 0 2016 51 1567 100 483 0 184 105 1001 0 831 0 398 0 16 0 0 2465 3586 40 117 1772 0 
46 0 0 0 20 0 0 0 0 0 0 0 0 0 0 0 0 0 0 0 0 0 0 403 0 26 0 0 0 0 100 0 0 0 0 0 0 0 0 0 0 0 0 0 0 0 0 0 0 100 0 0 0 0 0 0 0 0 0 0 16 0 0 0 0 0 0 0 0 0 0 0 0 0 0 0 64 40 0 0 0 0 0 114 0 0 0 0 0 64 0 80 0 0 100 64 0 0 0 0 0 0 0 0 0 0 0 0 0 0 0 0 0 0 0 0 0 470 0 0 0 0 0 0 0 0 51 0 16 0 0 0 0 0 0 0 0 0 0 0 0 0 0 0 0 0 0 0 47 0 0 0 0 0 80 274 0 0 120 0 0 0 164 0 0 0 0 0 0 0 0 188 0 0 0 0 0 0 0 0 51 30 0 0 0 0 0 0 26 0 32 0 0 0 0 0 132 0 0 0 0 0 0 0 0 16 0 0 0 0 0 
124 0 0 0 492 0 0 0 0 0 64 0 0 0 409 0 0 0 0 0 80 0 0 276 0 177 0 0 0 0 64 0 0 0 540 0 0 0 0 13 0 0 0 0 0 0 0 0 13 0 0 0 0 0 0 0 0 0 0 0 131 0 0 0 0 0 0 0 0 0 0 0 0 16 0 0 217 176 0 0 0 0 26 526 0 0 0 0 0 16 392 0 0 0 0 100 0 0 0 0 0 0 400 0 13 52 0 0 0 0 0 0 0 0 0 0 0 406 64 0 0 0 0 0 407 100 0 0 0 0 80 0 0 0 0 0 0 0 0 0 34 0 0 0 0 100 0 0 113 13 0 0 200 0 271 315 80 0 51 0 0 144 72 0 0 0 0 0 0 0 0 404 0 40 0 0 80 0 0 0 0 32 0 0 0 0 0 0 0 160 51 0 100 0 0 0 0 0 0 0 0 0 0 0 0 64 161 0 0 58 0 
0 0 0 0 0 0 0 0 0 0 0 0 0 0 0 0 0 0 0 0 0 0 0 0 0 0 0 0 0 0 0 0 0 0 0 0 0 0 0 0 0 0 0 0 0 0 0 0 0 0 0 0 0 0 0 0 0 0 0 0 0 0 0 0 0 0 0 0 0 0 0 0 0 0 0 0 0 0 0 0 0 0 0 0 0 0 0 0 0 0 0 0 0 0 0 0 0 0 0 0 0 0 0 0 0 0 0 0 0 0 0 0 0 0 0 0 0 0 0 0 0 0 0 0 0 0 0 0 0 0 0 0 0 0 0 0 0 0 0 0 0 0 0 0 0 0 0 0 0 0 0 0 0 0 0 0 0 0 0 0 0 0 0 0 0 0 0 0 0 0 0 0 0 0 0 0 0 0 0 0 0 0 0 0 0 0 0 0 0 0 0 0 0 0 0 0 0 0 0 0 0 0 0 0 0 0 0 0 0 0 0 
0 0 0 0 0 0 0 0 0 0 0 0 0 0 0 0 0 0 0 0 0 0 0 0 0 0 0 0 0 0 0 0 0 0 0 0 0 0 0 0 0 0 0 0 0 0 0 0 0 0 0 0 0 0 0 0 0 0 0 0 0 0 0 0 0 0 0 0 0 0 0 0 0 0 0 0 0 0 0 0 0 0 0 0 0 0 0 0 0 0 0 0 0 0 0 0 0 0 0 0 0 0 0 0 0 0 0 0 0 0 0 0 0 0 0 0 0 0 0 0 0 0 0 0 0 0 0 0 0 0 0 0 0 0 0 0 0 0 0 0 0 0 0 0 0 0 0 0 0 0 0 0 0 0 0 0 0 0 0 0 0 0 0 0 0 0 0 0 0 0 0 0 0 0 0 0 0 0 0 0 0 0 0 0 0 0 0 0 0 0 0 0 0 0 0 0 0 0 0 0 0 0 0 0 0 0 0 0 0 0 0 
0 0 0 0 0 0 0 0 0 0 0 0 0 0 0 0 0 0 0 0 0 0 0 0 0 0 0 0 0 0 0 0 0 0 0 0 0 0 0 0 0 0 0 0 0 0 0 0 0 0 0 0 0 0 0 0 0 0 0 0 0 0 0 0 0 0 0 0 0 0 0 0 0 0 0 0 0 0 0 0 0 0 0 0 0 0 0 0 0 0 0 0 0 0 0 0 0 0 0 0 0 0 0 0 0 0 0 0 0 0 0 0 0 0 0 0 0 0 0 0 0 0 0 0 0 0 0 0 0 0 0 0 0 0 0 0 0 0 0 0 0 0 0 0 0 0 0 0 0 0 0 0 0 0 0 0 0 0 0 0 0 0 0 0 0 0 0 0 0 0 0 0 0 0 0 0 0 0 0 0 0 0 0 0 0 0 0 0 0 0 0 0 0 0 0 0 0 0 0 0 0 0 0 0 0 0 0 0 0 0 0 
392 0 0 0 0 0 0 0 0 0 0 0 0 0 80 0 0 0 0 0 0 0 0 447 131 0 0 0 0 0 80 0 0 0 47 16 0 0 0 0 0 0 0 0 0 0 0 0 0 0 0 0 0 0 0 0 0 0 0 0 51 0 0 0 0 0 0 0 0 0 0 0 0 0 0 0 200 0 0 0 0 0 0 246 0 0 0 0 0 80 537 26 0 0 32 80 0 0 0 0 0 0 0 0 0 0 0 0 0 0 0 0 0 0 0 0 0 190 0 0 0 0 0 0 0 0 0 0 0 0 0 0 0 0 0 0 0 0 0 0 0 0 0 0 0 0 0 0 167 16 0 0 0 0 200 925 0 0 106 0 0 0 0 0 0 0 0 0 0 0 80 64 0 39 0 0 0 0 0 0 13 0 0 0 0 0 0 0 0 0 0 0 0 0 0 0 0 0 64 0 0 0 0 0 0 51 100 0 0 0 0 
1418 0 0 0 0 0 0 0 0 64 212 0 0 0 262 474 0 0 0 0 0 0 40 1132 80 170 0 0 0 154 2446 0 0 0 0 158 0 0 0 364 13 0 0 0 0 0 0 0 172 230 100 0 0 0 0 0 0 688 0 0 150 0 0 0 0 77 0 0 0 0 0 0 0 40 0 40 301 57 0 0 0 100 1803 874 0 0 0 0 0 138 2631 0 0 0 32 92 0 0 0 0 0 0 16 0 542 0 64 0 0 0 32 20 0 0 0 64 0 983 147 540 0 277 0 0 41 140 0 0 200 0 61 131 0 0 0 0 0 0 0 0 206 0 0 0 0 255 0 0 153 0 0 160 0 0 1073 3509 376 0 128 0 0 0 1500 340 0 51 53 20 0 0 0 4776 0 168 53 0 0 0 40 0 312 68 0 0 0 0 0 0 94 0 26 0 51 0 0 0 154 0 0 0 0 0 0 0 0 96 336 64 32 704 0 
40 0 0 0 0 0 0 0 0 0 0 0 0 0 0 0 0 0 0 0 0 0 0 100 0 0 0 0 0 0 0 0 0 0 0 0 0 0 0 0 0 0 0 0 0 0 0 0 0 51 0 0 0 0 0 0 0 0 0 0 0 0 0 0 0 0 0 0 0 0 0 0 0 0 0 0 40 0 0 0 0 0 0 26 0 0 0 0 0 0 0 0 0 0 0 0 0 0 0 0 0 0 0 0 0 0 0 0 0 0 0 0 0 0 0 32 0 0 0 0 0 0 0 0 0 0 0 0 0 0 0 0 0 0 0 0 0 0 0 0 64 0 0 0 0 0 0 0 0 0 0 0 0 0 0 20 0 0 0 0 0 0 0 0 0 0 0 0 0 0 0 100 0 0 0 0 0 0 0 0 0 0 0 0 0 0 0 0 0 0 0 0 0 0 0 0 0 0 0 0 0 0 0 0 0 0 0 0 0 0 0 
0 0 0 0 0 0 0 0 0 0 0 0 0 0 0 0 0 0 0 0 0 0 0 0 0 0 0 0 0 0 0 0 0 0 0 0 0 0 0 0 0 0 0 0 0 0 0 0 0 0 0 0 0 0 0 0 0 0 0 0 0 0 0 0 0 0 0 0 0 0 0 0 0 0 0 0 0 0 0 0 0 0 0 0 0 0 0 0 0 0 0 0 0 0 0 0 0 0 0 0 0 0 0 0 0 0 0 0 0 0 0 0 0 0 0 0 0 0 0 0 0 0 0 0 0 0 0 0 0 0 0 0 0 0 0 0 0 0 0 0 0 0 0 0 0 0 0 0 0 0 0 0 0 0 0 0 0 0 0 0 0 0 0 0 0 0 0 0 0 0 0 0 0 0 0 0 0 0 0 0 0 0 0 0 0 0 0 0 0 0 0 0 0 0 0 0 0 0 0 0 0 0 0 0 0 0 0 0 0 0 0 
0 0 0 0 0 0 0 0 0 0 0 0 0 0 0 0 0 0 0 0 0 0 0 0 0 0 0 0 0 0 0 0 0 0 0 0 0 0 0 0 0 0 0 0 0 0 0 0 0 0 0 0 0 0 0 0 0 0 0 0 0 0 0 0 0 0 0 0 0 0 0 0 0 0 0 0 0 0 0 0 0 0 0 0 0 0 0 0 0 0 0 0 0 0 0 0 0 0 0 0 0 0 0 0 0 0 0 0 0 0 0 0 0 0 0 0 0 0 0 0 0 0 0 0 0 0 0 0 0 0 0 0 0 0 0 0 0 0 0 0 0 0 0 0 0 0 0 0 0 0 0 0 0 0 0 0 0 0 0 0 0 0 0 0 0 0 0 0 0 0 0 0 0 0 0 0 0 0 0 0 0 0 0 0 0 0 0 0 0 0 0 0 0 0 0 0 0 0 0 0 0 0 0 0 0 0 0 0 0 0 0 
1097 0 0 0 96 102 0 0 0 0 20 0 0 0 1907 0 0 0 0 0 0 0 160 2063 0 113 0 0 0 32 358 0 0 0 276 26 0 0 0 64 0 0 0 0 0 49 0 0 170 265 20 0 0 26 0 0 0 34 0 0 129 0 72 0 0 0 13 0 0 0 0 0 0 0 0 0 295 152 0 0 0 160 0 364 0 0 0 0 0 116 605 37 0 0 0 605 0 0 64 0 0 0 67 0 0 64 112 0 0 0 16 51 0 0 0 0 0 1286 83 26 500 305 0 16 32 163 0 51 446 64 13 0 0 0 0 0 0 0 0 0 0 0 0 0 26 0 0 0 318 299 0 0 200 13 751 7080 16 0 166 0 0 304 402 816 0 64 26 0 0 0 26 887 0 26 0 0 0 0 0 0 84 200 0 0 0 0 0 0 90 0 51 0 227 0 0 0 105 0 0 0 32 0 0 0 0 0 483 0 96 285 0 
263 0 0 0 0 0 0 0 0 0 64 0 0 0 0 51 0 0 0 0 0 0 0 374 0 0 0 0 0 0 51 0 0 0 26 0 0 0 0 0 0 0 0 0 0 100 0 0 0 370 0 0 0 0 0 0 0 0 0 0 13 0 0 0 0 0 0 0 0 0 0 0 0 0 0 0 40 300 0 0 0 0 80 72 0 0 0 0 0 100 180 0 0 0 0 80 0 0 0 0 0 0 0 0 0 58 0 0 0 0 0 0 0 0 0 32 0 157 0 13 0 180 0 0 51 32 0 0 100 0 0 0 0 0 0 0 0 0 0 0 0 0 0 0 0 51 0 0 0 0 0 0 0 0 157 899 0 0 0 0 0 0 51 0 0 0 0 0 0 0 0 374 0 100 0 0 0 0 0 0 0 140 0 0 0 0 0 0 0 0 100 0 0 0 0 0 51 0 32 0 0 0 0 0 0 32 149 0 0 40 0 
0 0 0 0 0 0 0 0 0 0 0 0 0 0 0 0 0 0 0 0 0 0 0 64 0 0 0 0 0 0 0 0 0 0 0 0 0 0 0 0 0 0 0 0 0 0 0 0 0 0 0 0 0 0 0 0 0 0 0 0 0 0 0 0 0 0 0 0 0 0 0 0 0 0 0 0 100 0 0 0 0 0 0 0 0 0 0 0 0 0 0 0 0 0 0 0 0 0 0 0 0 0 0 0 0 0 0 0 0 0 0 0 0 0 0 0 0 0 0 0 0 51 0 0 40 0 0 0 0 0 0 0 0 0 0 0 0 0 0 0 0 0 0 0 0 0 0 0 0 0 0 0 0 0 0 0 0 0 0 0 0 0 0 0 0 0 0 0 0 0 0 0 0 0 0 0 0 0 0 0 0 0 0 0 0 0 0 0 0 0 0 0 0 0 0 0 0 0 0 0 0 0 0 0 0 0 0 0 0 0 0 
0 0 0 0 0 0 0 0 0 0 0 0 0 0 0 0 0 0 0 0 0 0 0 0 0 0 0 0 0 0 0 0 0 0 0 0 0 0 0 0 0 0 0 0 0 0 0 0 0 0 0 0 0 0 0 0 0 0 0 0 0 0 0 0 0 0 0 0 0 0 0 0 0 0 0 0 0 0 0 0 0 0 0 0 0 0 0 0 0 0 0 0 0 0 0 0 0 0 0 0 0 0 0 0 0 0 0 0 0 0 0 0 0 0 0 0 0 0 0 0 0 0 0 0 0 0 0 0 0 0 0 0 0 0 0 0 0 0 0 0 0 0 0 0 0 0 0 0 0 0 0 0 0 0 0 0 0 0 0 0 0 0 0 0 0 0 0 0 0 0 0 0 0 0 0 0 0 0 0 0 0 0 0 0 0 0 0 0 0 0 0 0 0 0 0 0 0 0 0 0 0 0 0 0 0 0 0 0 0 0 0 
112 0 0 0 0 0 0 0 0 0 0 0 0 0 0 0 0 0 0 0 0 0 0 170 0 0 0 0 0 0 20 0 0 0 0 40 0 0 0 0 0 0 0 0 0 16 0 0 20 0 0 0 0 0 0 0 0 51 0 0 0 0 0 0 0 0 0 0 0 0 0 0 0 0 0 0 13 32 51 0 0 0 100 191 0 0 0 0 0 0 267 0 0 0 0 0 0 0 0 0 0 0 64 0 37 0 0 0 0 0 0 0 0 0 0 0 0 92 0 0 0 0 0 0 0 0 0 0 0 0 0 0 0 0 0 0 0 0 0 0 0 0 0 0 0 0 0 0 39 26 0 0 0 40 115 177 0 0 0 0 0 0 400 0 0 0 0 0 0 0 0 200 0 0 0 0 0 0 0 0 0 0 0 0 0 0 0 0 0 0 0 0 0 0 0 0 0 0 0 0 0 0 0 0 0 0 49 0 0 163 0 
284 0 0 0 0 0 0 0 0 0 0 0 0 0 140 13 0 0 0 0 20 0 0 589 0 0 0 0 0 0 16 0 0 0 161 128 0 0 0 0 40 0 0 0 0 0 0 0 100 0 0 0 0 0 0 0 0 144 0 0 40 0 0 0 0 0 0 0 0 0 0 0 0 0 0 0 40 13 0 0 0 0 120 202 0 0 0 0 0 67 334 0 0 0 0 26 0 0 51 0 0 0 51 0 64 0 195 0 0 0 0 0 0 0 0 0 0 88 13 64 0 0 0 0 0 0 0 0 40 0 64 0 0 0 0 0 0 0 0 0 0 0 0 0 0 0 0 0 0 13 0 0 0 40 172 1861 172 0 0 0 0 0 501 0 0 0 0 64 0 0 0 634 0 0 16 0 0 0 0 0 119 16 0 0 0 0 0 0 0 0 0 0 0 0 0 0 46 0 0 0 0 0 0 0 0 0 49 0 0 0 0 
16 0 0 0 0 0 0 0 0 0 0 0 0 0 0 0 0 0 0 0 0 0 0 190 0 0 0 0 0 0 0 0 0 0 0 0 0 0 0 0 0 0 0 0 0 0 0 0 0 0 0 0 0 0 0 0 0 0 0 0 64 0 0 0 0 0 0 0 0 0 0 0 0 0 0 0 0 0 0 0 0 0 0 102 0 0 0 0 0 0 100 0 0 0 0 0 0 0 0 0 0 0 0 0 0 0 0 0 0 0 0 0 0 0 0 0 0 0 0 26 0 0 0 0 0 0 0 0 0 0 0 0 0 0 0 0 0 0 0 0 0 0 0 0 0 0 0 0 0 0 0 0 0 0 0 440 0 0 80 0 0 0 0 0 0 0 0 0 0 0 0 57 0 0 0 0 0 0 0 0 0 0 0 0 0 0 0 0 0 0 0 0 64 0 0 0 0 0 0 0 0 0 0 0 0 0 113 0 0 0 0 
0 0 0 0 0 0 0 0 0 0 0 0 0 0 0 0 0 0 0 0 0 0 0 0 0 0 0 0 0 0 0 0 0 0 0 0 0 0 0 0 0 0 0 0 0 0 0 0 0 0 0 0 0 0 0 0 0 0 0 0 0 0 0 0 0 0 0 0 0 0 0 0 0 0 0 0 0 20 0 0 0 0 0 40 0 0 0 0 0 0 0 0 0 0 13 0 0 0 0 0 0 0 0 0 0 0 0 0 0 0 0 0 0 0 0 0 0 0 0 0 0 0 0 0 0 0 0 0 0 0 0 0 0 0 0 0 0 0 0 0 0 0 0 0 0 0 0 0 0 0 0 0 0 0 0 16 0 0 0 0 0 0 0 100 0 0 0 0 0 0 0 0 0 0 0 0 0 0 0 0 0 0 0 0 0 0 0 0 0 0 0 0 100 0 0 0 0 0 0 0 0 0 0 0 0 0 0 0 0 0 0 
0 0 0 0 0 100 0 0 0 0 0 0 0 0 0 0 0 0 0 0 0 0 0 0 0 0 0 0 0 0 0 0 0 0 0 0 0 0 0 0 0 0 0 0 0 0 0 0 0 0 32 0 0 0 0 0 0 0 0 0 0 0 0 0 0 0 0 0 0 0 0 0 0 0 0 0 51 0 0 0 0 0 0 80 0 0 0 0 0 0 0 0 0 0 0 0 0 0 0 0 0 0 0 0 0 0 0 0 0 0 0 0 0 0 0 0 0 0 0 0 0 0 0 0 0 0 0 0 0 0 0 0 0 0 0 0 0 0 0 0 0 0 0 0 0 0 0 0 0 0 0 0 0 0 0 0 0 0 0 0 0 0 0 0 0 0 0 0 0 0 0 0 0 0 0 0 0 0 0 0 0 0 0 0 0 0 0 0 0 0 0 0 0 0 0 0 0 0 0 0 0 0 0 0 0 0 0 0 0 0 0 
0 0 0 0 0 0 0 0 0 0 0 0 0 0 0 0 0 0 0 0 0 0 0 0 0 0 0 0 0 0 0 0 0 0 0 0 0 0 0 0 0 0 0 0 0 0 0 0 0 0 0 0 0 0 0 0 0 0 0 0 0 0 0 0 0 0 0 0 0 0 0 0 0 0 0 0 0 0 0 0 0 0 0 0 0 0 0 0 0 0 0 0 0 0 0 0 0 0 0 0 0 0 0 0 0 0 0 0 0 0 0 0 0 0 0 0 0 0 0 0 0 0 0 0 0 0 0 0 0 0 0 0 0 0 0 0 0 0 0 0 0 0 0 0 0 0 0 0 0 0 0 0 0 0 0 0 0 0 0 0 0 0 0 0 0 0 0 0 0 0 0 0 0 0 0 0 0 0 0 0 0 0 0 0 0 0 0 0 0 0 0 0 0 0 0 0 0 0 0 0 0 0 0 0 0 0 0 0 0 0 0 
0 0 0 0 93 0 0 0 0 0 0 0 0 0 0 0 0 0 0 0 0 0 0 0 0 0 0 0 0 0 0 0 0 0 0 0 0 0 0 0 0 0 0 0 0 0 0 0 0 0 51 0 0 0 0 0 0 0 0 0 0 0 0 0 0 0 0 0 0 0 0 0 0 0 0 0 32 0 0 0 0 0 0 20 0 0 0 0 0 0 26 0 0 51 0 0 0 0 0 0 0 0 0 0 0 0 0 0 0 0 0 0 0 0 0 0 0 32 0 0 0 0 0 0 0 0 0 0 0 0 0 40 0 0 0 0 0 0 0 0 0 0 0 0 0 0 0 0 0 0 0 16 0 0 64 90 16 0 0 0 0 0 0 64 0 0 0 0 0 0 0 103 0 0 0 0 0 0 0 0 0 0 0 0 0 0 0 0 0 0 0 0 0 0 0 0 0 0 0 0 0 0 0 0 0 96 0 0 0 0 0 
183 0 0 0 0 0 0 0 0 0 0 0 0 0 0 0 0 0 0 0 13 0 0 255 0 64 0 0 0 0 54 0 0 0 0 0 0 0 0 0 0 0 0 0 0 0 0 32 0 0 0 0 0 0 0 0 0 26 0 0 0 0 0 0 0 0 0 0 0 0 0 0 0 0 0 0 0 13 0 0 0 0 0 0 0 0 0 0 0 0 16 0 0 0 0 0 0 0 0 0 0 0 0 0 0 0 0 0 0 0 13 0 0 0 0 0 0 98 0 0 0 0 0 0 0 0 0 0 0 0 0 0 0 0 0 0 0 0 0 0 0 0 0 0 0 0 0 0 102 0 0 0 0 0 40 334 100 0 0 0 0 100 0 0 0 0 100 0 0 0 0 129 0 0 0 0 0 0 0 0 0 0 0 0 0 0 0 0 0 0 0 0 0 0 0 0 0 0 0 0 0 0 0 0 0 0 0 0 80 0 0 
0 0 0 0 0 0 0 0 0 0 0 0 0 0 0 0 0 0 0 0 0 0 0 0 0 0 0 0 0 0 0 0 0 0 0 0 0 0 0 0 0 0 0 0 0 0 0 0 0 0 0 0 0 0 0 0 0 0 0 0 0 0 0 0 0 0 0 0 0 0 0 0 0 0 0 0 0 0 0 0 0 0 0 0 0 0 0 0 0 0 100 0 0 0 0 0 0 0 0 0 0 0 0 0 0 0 0 0 0 0 0 0 0 0 0 0 0 0 0 0 0 0 0 0 0 0 0 0 0 0 0 0 0 0 0 0 0 0 0 0 0 0 0 0 0 0 0 0 0 0 0 0 0 0 0 100 0 0 0 0 0 0 0 0 0 0 0 0 0 0 0 0 0 0 0 0 0 0 0 0 0 0 0 0 0 0 0 0 0 0 0 0 0 0 0 0 0 0 0 0 0 0 0 0 0 0 0 0 0 0 0 
98 0 0 0 0 0 0 0 0 0 0 0 0 0 32 0 0 0 0 0 0 0 0 93 0 0 0 0 0 0 0 0 0 0 16 20 0 0 0 0 0 0 0 0 0 0 0 0 0 100 0 0 0 0 0 0 0 100 0 0 112 0 0 0 0 0 0 0 0 0 0 0 0 0 0 0 0 0 0 0 0 0 0 0 0 0 0 0 0 0 156 0 0 0 0 0 0 0 16 0 20 0 0 0 0 51 0 0 0 0 0 0 0 0 0 0 0 0 0 32 0 13 0 0 0 0 0 0 0 0 0 0 0 0 0 0 0 0 0 0 0 0 0 0 0 0 0 0 0 0 0 0 0 0 32 34 0 0 0 0 0 100 64 0 0 0 80 0 0 0 0 133 0 0 0 0 0 0 0 0 77 90 0 0 0 0 0 0 26 0 0 0 0 0 0 0 26 0 0 0 51 0 0 0 0 0 67 0 0 64 0 
1218 0 0 0 73 51 0 0 0 53 55 0 0 0 263 126 0 32 0 0 0 0 0 1032 0 208 0 0 0 0 479 0 0 0 224 13 0 0 94 920 0 0 64 0 0 0 0 32 0 180 16 0 0 0 0 0 0 623 0 0 253 0 0 0 0 121 67 0 0 0 40 0 0 0 0 0 624 157 0 0 0 0 564 1075 0 0 0 0 0 0 3029 0 0 0 40 207 0 0 40 0 16 0 373 32 186 244 0 26 0 0 0 195 0 0 0 0 0 742 120 293 51 0 0 0 88 51 80 40 73 0 147 0 0 0 0 0 0 0 0 0 0 0 0 0 237 128 0 0 298 486 0 51 68 32 1370 2467 237 13 616 0 0 0 347 300 0 40 0 51 0 0 0 2646 0 126 0 0 0 0 0 0 77 120 0 51 0 0 0 0 199 0 400 0 190 0 0 73 134 0 0 0 0 0 0 0 0 431 262 0 0 542 0 
1205 0 0 0 80 0 0 0 0 0 20 0 0 0 102 26 0 0 0 0 0 0 64 1820 16 200 0 0 0 0 225 0 0 0 284 0 0 0 0 26 0 0 0 0 0 0 80 0 0 286 0 0 0 0 0 0 0 30 0 0 40 0 0 0 0 0 0 0 0 0 0 0 0 0 0 0 63 61 0 0 0 0 81 392 0 0 0 0 0 34 384 100 0 0 0 169 0 0 0 0 0 0 0 0 0 0 0 0 0 0 0 200 0 0 0 0 0 1211 37 51 26 180 0 0 20 113 0 0 217 0 97 13 0 0 0 0 0 0 0 0 26 0 0 0 0 106 0 0 196 120 0 142 0 0 588 4888 100 0 85 0 0 0 179 600 0 0 0 80 0 0 0 497 0 140 0 0 0 0 64 0 32 39 13 32 0 0 0 0 37 0 0 0 26 0 0 0 279 0 116 0 90 0 0 0 0 16 139 83 0 20 0 
242 0 0 0 51 0 0 0 0 0 0 0 0 0 26 90 0 0 0 0 0 0 40 373 0 0 0 0 0 0 107 0 0 0 20 0 0 0 0 26 0 0 0 0 0 0 13 0 0 100 0 0 0 0 0 0 0 0 0 0 0 0 0 0 0 0 0 0 0 0 0 0 0 0 0 0 80 0 0 0 0 0 149 192 0 0 0 0 0 0 847 0 0 0 0 64 0 0 0 0 0 0 0 0 84 0 0 0 0 0 0 0 0 0 0 0 0 88 0 90 16 144 0 0 40 26 0 96 307 0 0 0 0 0 0 0 0 0 0 0 0 0 0 0 0 0 0 0 90 80 0 80 0 0 67 642 121 0 0 0 0 0 100 0 0 0 0 0 0 0 0 393 0 0 0 0 0 0 0 0 104 125 0 0 0 0 0 0 53 0 64 0 0 0 0 0 0 0 64 0 0 0 0 0 0 13 144 0 0 0 0 
0 0 0 0 0 0 0 0 0 0 0 0 0 0 0 0 0 0 0 0 0 0 0 0 0 0 0 0 0 0 0 0 0 0 0 0 0 0 0 0 0 0 0 0 0 0 0 0 0 0 0 0 0 0 0 0 0 0 0 0 0 0 0 0 0 0 0 0 0 0 0 0 0 0 0 0 0 0 0 0 0 100 0 0 0 0 0 0 0 0 0 0 0 0 0 0 0 0 0 0 0 0 0 0 0 0 0 0 0 0 0 0 0 0 0 0 0 0 0 0 0 0 0 0 0 0 0 0 0 0 0 0 0 0 0 0 0 0 0 0 0 0 0 0 0 0 0 0 0 0 0 0 0 0 40 0 0 0 0 0 0 0 0 0 0 0 0 0 0 0 0 16 0 0 0 0 0 0 0 0 0 0 0 0 0 0 0 0 0 0 0 0 0 0 0 0 0 0 0 0 0 0 0 0 0 26 0 0 0 0 0 
0 0 0 0 0 0 0 0 0 0 0 0 0 0 0 0 0 0 0 0 0 0 0 0 0 0 0 0 0 0 0 0 0 0 0 0 0 0 0 0 0 0 0 0 0 0 0 0 0 0 0 0 0 0 0 0 0 0 0 0 0 0 0 0 0 0 0 0 0 0 0 0 0 0 0 0 0 0 0 0 0 0 0 0 0 0 0 0 0 0 0 0 0 0 0 0 0 0 0 0 0 0 0 0 0 0 0 0 0 0 0 0 0 0 0 0 0 0 0 0 0 0 0 0 0 0 0 0 0 0 0 0 0 0 0 0 0 0 0 0 0 0 0 0 0 0 0 0 0 0 0 0 0 0 0 0 0 0 0 0 0 0 0 0 0 0 0 0 0 0 0 0 0 0 0 0 0 0 0 0 0 0 0 0 0 0 0 0 0 0 0 0 0 0 0 0 0 0 0 0 0 0 0 0 0 0 0 0 0 0 0 
20 0 0 0 0 0 0 0 0 0 0 0 0 0 0 0 0 0 0 0 0 0 0 0 0 0 0 0 0 0 0 0 0 0 0 0 0 0 0 0 0 0 0 0 0 0 0 0 0 0 0 0 0 0 0 0 0 0 0 0 0 0 0 0 0 0 0 0 0 0 0 0 0 16 0 0 0 0 0 0 0 0 0 0 0 0 0 0 0 100 100 0 0 0 0 0 0 0 0 0 0 0 0 0 0 0 0 0 0 0 0 0 0 0 0 0 0 51 0 64 0 0 0 0 0 0 0 0 0 0 0 0 0 0 0 0 0 0 0 0 0 0 0 0 0 0 0 0 0 0 0 0 0 0 0 412 0 0 0 0 0 0 0 0 0 0 0 0 0 0 0 613 0 32 0 0 0 0 0 0 0 0 0 0 0 0 0 0 0 0 0 0 0 0 0 0 26 0 0 0 0 0 0 0 0 0 26 0 0 0 0 
0 0 0 0 0 0 0 0 0 0 0 0 0 0 0 0 0 0 0 0 0 0 0 0 0 0 0 0 0 0 0 0 0 0 0 0 0 0 0 0 0 0 0 0 0 0 0 0 0 0 0 0 0 0 0 0 0 0 0 0 0 0 0 0 0 0 0 0 0 0 0 0 0 0 0 0 0 0 0 0 0 0 0 0 0 0 0 0 0 0 0 0 0 0 0 0 0 0 0 0 0 0 0 0 0 0 0 0 0 0 0 0 0 0 0 0 0 0 0 0 0 0 0 0 0 0 0 0 0 0 0 0 0 0 0 0 0 0 0 0 0 0 0 0 0 0 0 0 0 0 0 0 0 0 0 0 0 0 0 0 0 0 0 0 0 0 0 0 0 0 0 0 0 0 0 0 0 0 0 0 0 0 0 0 0 0 0 0 0 0 0 0 0 0 0 0 0 0 0 0 0 0 0 0 0 0 0 0 0 0 0 
0 0 0 0 0 0 0 0 0 0 0 0 0 0 0 0 0 0 0 0 0 0 0 0 0 0 0 0 0 0 0 0 0 0 0 0 0 0 0 0 0 0 0 0 0 0 0 0 0 0 0 0 0 0 0 0 0 0 0 0 0 0 0 0 0 0 0 0 0 0 0 0 0 0 0 0 0 0 0 0 0 0 0 0 0 0 0 0 0 0 0 0 0 0 0 0 0 0 0 0 0 0 0 0 0 0 0 0 0 0 0 0 0 0 0 0 0 0 0 0 0 0 0 0 0 0 0 0 0 0 0 0 0 0 0 0 0 0 0 0 0 0 0 0 0 0 0 0 0 0 0 0 0 0 0 0 0 0 0 0 0 0 0 0 0 0 0 0 0 0 0 0 0 0 0 0 0 0 0 0 0 0 0 0 0 0 0 0 0 0 0 0 0 0 0 0 0 0 0 0 0 0 0 0 0 0 0 0 0 0 0 
0 0 0 0 0 0 0 0 0 0 0 0 0 0 0 0 0 0 0 0 0 0 0 0 0 0 0 0 0 0 0 0 0 0 0 0 0 0 0 0 0 0 0 0 0 0 0 0 0 0 0 0 0 0 0 0 0 0 0 0 0 0 0 0 0 0 0 0 0 0 0 0 0 0 0 0 0 0 0 0 0 0 0 0 0 0 0 0 0 0 0 0 0 0 0 0 0 0 0 0 0 0 0 0 0 0 0 0 0 0 0 0 0 0 0 0 0 0 0 0 0 0 0 0 0 0 0 0 0 0 0 0 0 0 0 0 0 0 0 0 0 0 0 0 0 0 0 0 0 0 0 0 0 0 0 0 0 0 0 0 0 0 0 0 0 0 0 0 0 0 0 0 0 0 0 0 0 0 0 0 0 0 0 0 0 0 0 0 0 0 0 0 0 0 0 0 0 0 0 0 0 0 0 0 0 0 0 0 0 0 0 
250 0 0 0 100 0 0 0 0 64 0 0 0 0 137 0 0 0 0 0 0 0 0 797 0 51 0 0 0 0 75 0 0 0 54 0 0 0 0 100 0 0 0 0 0 0 32 0 64 388 0 0 0 0 0 0 0 0 0 0 111 0 0 0 0 0 0 0 0 0 0 0 0 51 0 0 53 190 0 0 0 0 0 286 0 0 0 0 0 0 1053 0 0 0 32 71 0 0 0 0 0 0 0 0 0 0 80 0 0 0 0 100 0 0 0 0 0 214 26 80 0 106 0 0 13 0 0 0 179 0 40 0 0 0 0 0 0 0 0 0 0 0 0 0 0 0 0 0 93 20 0 0 51 0 270 753 307 0 251 0 0 0 13 0 0 0 40 0 0 0 0 420 0 32 0 0 0 0 0 0 80 128 0 0 0 0 0 0 80 0 0 0 13 0 0 80 51 0 51 0 0 0 0 0 0 0 123 0 0 92 0 
0 0 0 0 0 0 0 0 0 0 0 0 0 0 0 0 0 0 0 0 0 0 0 0 0 0 0 0 0 0 0 0 0 0 0 0 0 0 0 0 0 0 0 0 0 0 0 0 0 0 0 0 0 0 0 0 0 0 0 0 0 0 0 0 0 0 0 0 0 0 0 0 0 0 0 0 0 0 0 0 0 0 0 64 0 0 0 0 0 0 0 0 0 0 0 0 0 0 0 0 0 0 0 0 0 0 0 0 0 0 0 0 0 0 0 0 0 0 0 0 0 0 0 0 0 0 0 0 0 0 0 0 0 0 0 0 0 0 0 0 0 0 0 0 0 0 0 0 0 0 0 0 0 0 0 0 0 0 0 0 0 0 0 0 0 0 0 0 0 0 0 100 0 0 0 0 0 0 0 0 0 0 0 0 0 0 0 0 0 0 0 0 0 0 0 0 0 0 0 0 0 0 0 0 0 0 0 0 0 0 0 
0 0 0 0 0 0 0 0 0 0 0 0 0 0 0 0 0 0 0 0 0 0 0 0 0 0 0 0 0 0 0 0 0 0 0 0 0 0 0 0 0 0 0 0 0 0 0 0 0 0 0 0 0 0 0 0 0 0 0 0 0 0 0 0 0 0 0 0 0 0 0 0 0 0 0 0 0 0 0 0 0 0 0 0 0 0 0 0 0 0 0 0 0 0 0 0 0 0 0 0 0 0 0 0 0 0 0 0 0 0 0 0 0 0 0 0 0 0 0 0 0 0 0 0 0 0 0 0 0 0 0 0 0 0 0 0 0 0 0 0 0 0 0 0 0 0 0 0 0 0 0 0 0 0 0 0 0 0 0 0 0 0 0 0 0 0 0 0 0 0 0 0 0 0 0 0 0 0 0 0 0 0 0 0 0 0 0 0 0 0 0 0 0 0 0 0 0 0 0 0 0 0 0 0 0 0 0 0 0 0 0 
1377 0 0 0 42 0 0 0 0 0 67 32 0 0 144 32 0 0 0 0 0 0 16 3605 0 0 0 0 0 32 190 0 0 0 416 20 0 0 0 77 26 0 0 0 0 0 0 0 64 299 20 0 0 72 0 26 0 51 0 0 77 0 0 0 0 0 0 0 0 0 0 0 0 0 0 0 139 415 0 0 0 0 72 960 0 0 0 0 0 531 761 80 0 0 0 244 0 0 26 0 0 0 0 0 0 0 240 0 0 0 0 40 0 0 0 0 0 951 186 79 0 65 0 0 0 41 0 112 81 0 279 0 0 0 0 0 0 0 0 0 0 0 0 0 51 0 0 0 261 220 0 0 81 32 327 6672 252 0 216 0 0 40 194 180 0 0 100 300 0 0 0 2588 0 315 167 0 0 0 32 0 120 2234 51 0 0 0 0 0 160 0 146 0 77 0 0 0 155 0 0 0 32 0 0 0 0 113 828 0 0 134 0 
0 0 0 0 0 0 0 0 0 0 0 0 0 0 0 0 0 0 0 0 0 0 0 0 0 0 0 0 0 0 0 0 0 0 0 0 0 0 0 0 0 0 0 0 0 0 0 0 0 0 0 0 0 0 0 0 0 0 0 0 0 0 0 0 0 0 0 0 0 0 0 0 0 0 0 0 0 0 0 0 0 0 0 0 0 0 0 0 0 0 0 0 0 0 0 0 0 0 0 0 0 0 0 0 0 0 0 0 0 0 0 0 0 0 0 0 0 0 0 0 0 0 0 0 0 0 0 0 0 0 0 0 0 0 0 0 0 0 0 0 0 0 0 0 0 0 0 0 0 0 0 0 0 0 0 0 0 0 0 0 0 0 0 0 0 0 0 0 0 0 0 0 0 0 0 0 0 0 0 0 0 0 0 0 0 0 0 0 0 0 0 0 0 0 0 0 0 0 0 0 0 0 0 0 0 0 0 0 0 0 0 
26 0 0 0 0 0 0 0 0 0 0 0 0 0 0 0 0 0 0 0 0 0 0 98 0 0 0 0 0 0 0 0 0 0 0 0 0 0 0 0 0 0 0 0 0 0 0 0 0 0 0 0 0 0 0 0 0 0 0 0 0 0 0 0 0 0 0 0 0 0 0 0 0 0 0 0 0 0 0 0 0 0 0 0 0 0 0 0 0 0 0 0 0 0 0 0 0 0 0 0 0 0 0 0 0 0 0 0 0 0 0 0 0 0 0 0 0 64 0 0 0 0 0 0 0 0 0 0 0 0 0 0 0 0 0 0 0 0 0 0 0 0 0 0 0 0 0 0 0 0 0 0 0 0 0 251 40 0 0 0 0 0 0 0 0 0 0 0 0 0 0 0 0 0 0 0 0 0 0 0 0 0 0 0 0 0 0 0 0 0 0 0 0 0 0 0 0 0 0 0 0 0 0 0 0 0 0 0 0 0 0 
154 0 0 0 0 0 0 0 0 0 0 0 0 0 0 0 0 0 0 0 0 0 0 220 0 0 0 0 0 0 51 0 0 0 0 0 0 0 0 0 0 0 0 0 0 0 0 0 0 0 0 0 0 0 0 0 0 0 0 0 0 0 0 0 0 0 0 0 0 0 0 0 0 0 0 0 40 0 0 0 0 0 0 106 0 0 0 0 0 26 64 0 0 0 0 0 0 0 0 0 0 0 0 0 0 0 0 0 0 0 0 0 0 0 0 0 0 360 0 0 0 100 0 0 0 0 0 0 64 0 0 0 0 0 0 0 0 0 0 0 0 0 0 0 0 0 0 0 160 0 0 0 0 0 64 342 80 0 49 0 0 0 0 0 0 0 0 0 0 0 0 121 0 0 0 0 0 0 0 0 0 0 0 0 0 0 0 0 0 0 51 0 0 0 0 0 13 0 0 0 0 0 0 0 0 51 0 0 0 0 0 
0 0 0 0 0 0 0 0 0 0 0 0 0 0 0 0 0 0 0 0 0 0 0 0 0 0 0 0 0 0 0 0 0 0 0 0 0 0 0 0 0 0 0 0 0 0 0 0 0 0 0 0 0 0 0 0 0 0 0 0 0 0 0 0 0 0 0 0 0 0 0 0 0 0 0 0 0 0 0 0 0 0 0 0 0 0 0 0 0 0 0 0 0 0 0 0 0 0 0 0 0 0 0 0 0 0 0 0 0 0 0 0 0 0 0 0 0 0 0 0 0 0 0 0 0 0 0 0 0 0 0 0 0 0 0 0 0 0 0 0 0 0 0 0 0 0 0 0 0 0 0 0 0 0 0 0 0 0 0 0 0 0 0 0 0 0 0 0 0 0 0 0 0 0 0 0 0 0 0 0 0 0 0 0 0 0 0 0 0 0 0 0 0 0 0 0 0 0 0 0 0 0 0 0 0 0 0 0 0 0 0 
0 0 0 0 0 0 0 0 0 0 0 0 0 0 40 0 0 0 0 0 0 0 0 0 0 0 0 0 0 0 0 0 0 0 0 0 0 0 0 0 0 0 0 0 0 0 0 0 0 0 80 0 0 0 0 0 0 0 0 0 0 0 0 0 0 0 0 0 0 0 0 0 0 0 0 0 200 149 0 0 0 0 64 64 0 0 0 0 0 0 40 0 0 0 0 0 0 0 0 0 0 0 0 0 0 0 0 0 0 0 0 0 0 0 0 0 0 20 0 0 0 0 0 0 0 100 0 0 0 0 0 0 0 0 0 0 0 0 0 0 0 0 0 0 0 0 0 0 0 0 0 0 0 0 0 115 0 0 0 0 0 0 51 0 0 0 0 51 0 0 0 459 0 0 0 0 0 0 0 0 0 0 0 0 0 0 0 0 0 0 0 0 0 0 0 0 0 0 0 0 0 0 0 0 0 0 0 0 100 0 0 
0 0 0 0 0 0 0 0 0 0 0 0 0 0 0 0 0 0 0 0 0 0 0 308 0 64 0 0 0 0 0 0 0 0 0 0 0 0 0 80 0 0 0 0 0 0 0 0 0 80 0 0 0 0 0 0 0 0 0 0 0 0 0 0 0 0 0 0 0 0 0 0 0 0 0 0 0 0 0 0 0 0 0 51 0 0 0 0 0 0 20 0 0 0 0 0 0 0 0 0 0 0 0 0 0 0 0 0 0 0 0 0 0 0 0 0 0 0 0 0 0 0 0 0 0 0 0 0 16 0 0 0 0 0 0 0 0 0 0 0 0 0 0 0 0 0 0 0 0 0 0 0 0 0 0 128 13 0 0 0 0 0 0 0 0 0 0 0 0 0 0 595 0 0 0 0 0 0 0 0 0 80 0 0 0 0 0 0 0 0 0 0 0 0 0 0 0 0 0 0 0 0 0 0 0 0 80 0 0 0 0 
0 0 0 0 0 0 0 0 0 0 0 0 0 0 0 0 0 0 0 0 0 0 0 0 0 0 0 0 0 0 0 0 0 0 0 0 0 0 0 0 0 0 0 0 0 0 0 0 0 0 0 0 0 0 0 0 0 0 0 0 0 0 0 0 0 0 0 0 0 0 0 0 0 0 0 0 0 0 0 0 0 0 0 0 0 0 0 0 0 0 0 0 0 0 0 0 0 0 0 0 0 0 0 0 0 0 0 0 0 0 0 0 0 0 0 0 0 0 0 0 0 0 0 0 0 0 0 0 0 0 0 0 0 0 0 0 0 0 0 0 0 0 0 0 0 0 0 0 0 0 0 0 0 0 0 0 0 0 0 0 0 0 0 0 0 0 0 0 0 0 0 0 0 0 0 0 0 0 0 0 0 0 0 0 0 0 0 0 0 0 0 0 0 0 0 0 0 0 0 0 0 0 0 0 0 0 0 0 0 0 0 
0 0 0 0 0 0 0 0 0 0 0 0 0 0 0 0 0 0 0 0 0 0 0 0 0 0 0 0 0 0 0 0 0 0 0 0 0 0 0 0 0 0 0 0 0 0 0 0 0 0 0 0 0 0 0 0 0 0 0 0 0 0 0 0 0 0 0 0 0 0 0 0 0 0 0 0 0 0 0 0 0 0 0 0 0 0 0 0 0 0 0 0 0 0 0 0 0 0 0 0 0 0 0 0 0 0 0 0 0 0 0 0 0 0 0 0 0 0 0 0 0 0 0 0 0 0 0 0 0 0 0 0 0 0 0 0 0 0 0 0 0 0 0 0 0 0 0 0 0 0 0 0 0 0 0 0 0 0 0 0 0 0 0 0 0 0 0 0 0 0 0 0 0 0 0 0 0 0 0 0 0 0 0 0 0 0 0 0 0 0 0 0 0 0 0 0 0 0 0 0 0 0 0 0 0 0 0 0 0 0 0 
0 0 0 0 0 0 0 0 0 0 0 0 0 0 0 0 0 0 0 0 0 0 0 0 0 0 0 0 0 0 0 0 0 0 0 0 0 0 0 0 0 0 0 0 0 0 0 0 0 0 0 0 0 0 0 0 0 0 0 0 0 0 0 0 0 0 0 0 0 0 0 0 0 0 0 0 0 0 0 0 0 0 0 0 0 0 0 0 0 0 0 0 0 0 0 0 0 0 0 0 0 0 0 0 0 0 0 0 0 0 0 0 0 0 0 0 0 0 0 0 0 0 0 0 0 0 0 0 0 0 0 0 0 0 0 0 0 0 0 0 0 0 0 0 0 0 0 0 0 0 0 0 0 0 0 0 0 0 0 0 0 0 0 0 0 0 0 0 0 0 0 0 0 0 0 0 0 0 0 0 0 0 0 0 0 0 0 0 0 0 0 0 0 0 0 0 0 0 0 0 0 0 0 0 0 0 0 0 0 0 0 
100 0 0 0 0 0 0 0 0 0 0 0 0 0 0 0 0 0 0 0 0 0 0 32 0 0 0 0 0 0 0 0 0 0 0 0 0 0 0 0 0 0 0 0 0 0 0 0 0 0 0 0 0 0 0 0 0 0 0 0 0 0 0 0 0 0 0 0 0 0 0 0 0 0 0 0 0 20 0 0 0 0 0 0 0 0 0 0 0 0 0 0 0 0 0 0 0 0 0 0 0 0 0 0 0 0 0 0 0 0 0 0 0 0 0 0 0 51 0 0 0 0 0 0 0 0 0 0 0 0 0 0 0 0 0 0 0 0 0 0 0 0 0 0 0 0 0 0 0 0 0 0 0 0 0 16 0 0 0 0 0 0 0 0 0 0 0 0 0 0 0 0 0 0 0 0 0 0 0 0 0 0 0 0 0 0 0 0 0 0 0 0 0 0 0 0 0 0 0 0 0 0 0 0 0 0 0 0 0 0 0 
0 0 0 0 0 0 0 0 0 0 0 0 0 0 0 0 0 0 0 0 0 0 0 0 0 0 0 0 0 0 0 0 0 0 0 0 0 0 0 0 0 0 0 0 0 0 0 0 0 0 0 0 0 0 0 0 0 0 0 0 0 0 0 0 0 0 0 0 0 0 0 0 0 0 0 0 0 0 0 0 0 0 0 0 0 0 0 0 0 0 0 0 0 0 0 0 0 0 0 0 0 0 0 0 0 0 0 0 0 0 0 0 0 0 0 0 0 0 0 0 0 0 0 0 0 0 0 0 0 0 0 0 0 0 0 0 0 0 0 0 0 0 0 0 0 0 0 0 0 0 0 0 0 0 0 0 0 0 0 0 0 0 0 0 0 0 0 0 0 0 0 0 0 0 0 0 0 0 0 0 0 0 0 0 0 0 0 0 0 0 0 0 0 0 0 0 0 0 0 0 0 0 0 0 0 0 0 0 0 0 0 
0 0 0 0 0 0 0 0 0 0 0 0 0 0 0 0 0 0 0 0 0 0 0 0 0 0 0 0 0 0 0 0 0 0 0 0 0 0 0 0 0 0 0 0 0 0 0 0 0 0 0 0 0 0 0 0 0 0 0 0 0 0 0 0 0 0 0 0 0 0 0 0 0 0 0 0 0 0 0 0 0 0 0 0 0 0 0 0 0 0 0 0 0 0 0 0 0 0 0 0 0 0 0 0 0 0 0 0 0 0 0 0 0 0 0 0 0 0 0 0 0 0 0 0 0 0 0 0 0 0 0 0 0 0 0 0 0 0 0 0 0 0 0 0 0 0 0 0 0 0 0 0 0 0 0 0 0 0 0 0 0 0 0 0 0 0 0 0 0 0 0 0 0 0 0 0 0 0 0 0 0 0 0 0 0 0 0 0 0 0 0 0 0 0 0 0 0 0 0 0 0 0 0 0 0 0 0 0 0 0 0 
131 0 0 0 0 0 0 0 0 0 112 0 0 0 0 0 0 0 0 0 20 0 0 253 32 0 0 0 0 0 67 0 0 0 106 0 0 0 0 0 0 0 0 0 0 0 0 0 80 26 0 0 0 0 0 0 0 0 0 0 0 0 0 0 0 0 0 0 0 0 0 0 0 0 0 0 0 0 0 0 0 0 0 262 0 0 0 0 0 13 64 20 0 0 0 100 0 0 0 0 0 0 80 0 0 0 32 0 0 0 0 26 0 0 0 0 0 270 0 0 0 0 0 0 0 0 0 0 58 0 0 0 0 0 0 0 0 0 0 0 0 0 0 0 0 0 0 0 0 51 0 0 0 0 51 484 0 0 90 0 0 0 80 64 0 0 0 0 0 0 0 249 0 0 0 0 0 0 0 0 0 0 0 0 0 0 0 0 0 0 51 0 32 0 0 0 64 0 0 0 0 0 0 0 0 0 49 0 0 0 0 
0 0 0 0 0 0 0 0 0 0 0 0 0 0 0 0 0 0 0 0 0 0 0 0 0 0 0 0 0 0 0 0 0 0 0 0 0 0 0 0 0 0 0 0 0 0 0 0 0 0 0 0 0 0 0 0 0 0 0 0 0 0 0 0 0 0 0 0 0 0 0 0 0 0 0 0 0 0 0 0 0 0 0 0 0 0 0 0 0 0 0 0 0 0 0 0 0 0 0 0 0 0 0 0 0 0 0 0 0 0 0 0 0 0 0 0 0 0 0 0 0 0 0 0 0 0 0 0 0 0 0 0 0 0 0 0 0 0 0 0 0 0 0 0 0 0 0 0 0 0 0 0 0 0 0 0 0 0 0 0 0 0 0 0 0 0 0 0 0 0 0 0 0 0 0 0 0 0 0 0 0 0 0 0 0 0 0 0 0 0 0 0 0 0 0 0 0 0 0 0 0 0 0 0 0 0 0 0 0 0 0 
0 0 0 0 0 0 0 0 0 0 0 0 0 0 0 64 0 0 0 0 0 0 0 0 0 0 0 0 0 0 0 0 0 0 0 0 0 0 0 0 100 0 0 0 0 0 0 0 0 0 0 0 0 0 0 0 0 0 0 0 0 0 0 0 0 0 0 0 0 0 0 0 0 0 0 0 0 0 0 0 0 0 0 0 0 0 0 0 0 0 0 0 0 0 0 0 0 0 0 0 0 0 0 0 0 0 0 0 0 0 0 0 0 0 0 0 0 0 0 100 0 0 0 0 0 0 0 0 0 0 0 0 0 0 0 0 0 0 0 0 0 0 0 0 0 0 0 0 0 0 0 0 0 0 0 140 0 0 0 0 0 0 0 0 0 0 0 0 0 0 0 0 0 0 0 0 0 0 0 0 51 0 0 0 0 0 0 0 0 0 0 0 0 0 0 0 0 0 0 0 0 0 0 0 0 0 0 0 0 0 0 
2254 0 0 0 37 0 0 0 0 0 77 0 0 0 592 72 0 100 0 0 0 0 0 2161 100 235 0 0 0 0 270 0 0 0 122 16 0 0 0 20 0 0 0 0 0 0 0 16 128 0 160 0 0 64 0 0 0 265 0 0 72 0 0 0 0 0 0 0 0 0 0 0 0 0 0 0 187 114 0 0 0 0 164 842 0 0 0 0 0 16 1343 0 0 0 110 176 0 0 16 0 84 0 0 0 40 137 26 0 0 0 53 40 0 0 0 200 0 447 0 188 100 245 0 0 316 194 16 200 88 0 99 0 0 0 0 0 0 0 0 0 0 0 0 100 0 145 0 40 190 296 0 0 0 0 864 3112 203 0 356 0 0 26 364 138 0 0 324 0 0 0 0 2822 0 32 0 0 0 0 0 0 268 124 200 0 0 0 0 0 231 32 577 0 13 0 13 16 0 0 46 0 0 0 0 0 0 181 79 0 90 283 0 
1054 0 0 0 131 13 0 0 0 0 0 0 0 0 0 67 0 0 0 0 100 0 0 1150 0 0 0 0 0 20 121 0 0 0 26 93 0 0 0 118 0 0 0 0 0 0 0 0 0 128 0 0 0 0 0 0 0 84 0 0 133 0 0 51 0 0 100 0 0 0 0 0 0 0 0 0 83 51 0 0 0 0 104 223 0 0 0 0 0 92 79 0 0 0 26 20 0 0 0 0 0 0 0 0 80 0 26 0 0 0 0 0 0 0 0 0 0 693 40 26 0 220 0 0 80 72 0 20 64 0 39 0 0 0 0 0 0 0 0 0 0 0 0 0 0 62 0 0 142 46 0 20 32 51 241 4976 20 0 0 0 0 100 188 200 0 0 0 64 0 0 0 1294 0 37 20 0 0 0 0 0 32 98 0 0 0 0 0 0 200 0 72 0 64 0 0 0 211 0 0 0 0 0 0 0 0 26 40 0 0 0 0 
0 0 0 0 0 0 0 0 0 0 0 0 0 0 0 0 0 0 0 0 0 0 0 0 0 20 0 0 0 0 51 0 0 0 0 0 0 0 0 0 0 0 0 0 0 0 0 0 0 0 0 0 0 0 0 0 0 0 0 0 0 0 0 0 0 0 0 0 0 0 0 0 0 0 0 0 26 0 0 0 0 0 0 0 0 0 0 0 0 0 0 0 0 0 0 0 0 0 0 0 0 0 0 0 40 0 0 0 0 0 0 0 0 0 0 0 0 0 0 0 0 0 0 0 0 16 0 0 0 0 0 0 0 0 0 0 0 0 0 0 0 0 0 0 0 0 0 0 0 0 0 0 0 0 0 0 0 0 0 0 0 0 0 0 0 0 0 0 0 0 0 0 0 0 0 0 0 0 0 0 0 0 0 0 0 0 0 0 0 0 0 0 0 0 0 0 0 0 0 0 0 0 0 0 0 0 0 0 0 0 0 
0 0 0 0 0 0 0 0 0 0 0 0 0 0 0 0 0 0 0 0 0 0 0 0 0 0 0 0 0 0 0 0 0 0 0 0 0 0 0 0 0 0 0 0 0 0 0 0 0 0 0 0 0 0 0 0 0 0 0 0 0 0 0 0 0 0 0 0 0 0 0 0 0 0 0 0 0 0 0 0 0 0 0 0 0 0 0 0 0 0 0 0 0 0 0 0 0 0 0 0 0 0 0 0 0 0 0 0 0 0 0 0 0 0 0 0 0 0 0 0 0 0 0 0 0 0 0 0 0 0 0 0 0 0 0 0 0 0 0 0 0 0 0 0 0 0 0 0 0 0 0 0 0 0 0 0 0 0 0 0 0 0 0 0 0 0 0 0 0 0 0 0 0 0 0 0 0 0 0 0 0 0 0 0 0 0 0 0 0 0 0 0 0 0 0 0 0 0 0 0 0 0 0 0 0 0 0 0 0 0 0 
0 0 0 0 0 0 0 0 0 0 0 0 0 0 0 0 0 0 0 0 0 0 0 0 0 0 0 0 0 0 0 0 0 0 0 0 0 0 0 0 0 0 0 0 0 0 0 0 0 0 0 0 0 0 0 0 0 0 0 0 0 0 0 0 0 0 0 0 0 0 0 0 0 0 0 0 0 0 0 0 0 0 0 0 0 0 0 0 0 0 0 0 0 0 0 0 0 0 0 0 0 0 0 0 0 0 0 0 0 0 0 0 0 0 0 0 0 0 0 0 0 0 0 0 0 0 0 0 0 0 0 0 0 0 0 0 0 0 0 0 0 0 0 0 0 0 0 0 0 0 0 0 0 0 0 0 0 0 0 0 0 0 0 0 0 0 0 0 0 0 0 0 0 0 0 0 0 0 0 0 0 0 0 0 0 0 0 0 0 0 0 0 0 0 0 0 0 0 0 0 0 0 0 0 0 0 0 0 0 0 0 
138 0 0 0 26 0 0 0 0 0 100 0 0 0 20 0 0 0 0 0 0 0 0 278 0 0 0 0 0 0 40 0 0 0 42 40 0 0 0 0 0 0 0 0 0 0 0 0 129 0 40 0 0 0 0 0 0 0 0 0 64 0 0 16 0 0 0 0 0 0 0 0 0 51 0 0 77 0 0 0 0 0 0 219 0 0 0 0 0 40 223 32 0 0 40 104 0 0 0 64 0 0 51 0 0 0 0 0 0 0 0 51 0 0 0 0 0 154 0 32 0 0 0 0 0 51 0 0 0 0 20 0 0 0 0 0 0 0 0 0 0 0 0 0 0 0 0 0 51 20 0 26 0 0 500 440 16 0 0 0 0 0 100 134 0 0 0 0 0 0 0 429 0 0 0 0 0 0 0 0 0 20 0 0 0 0 0 0 0 0 0 0 0 0 0 0 16 0 0 0 0 0 0 0 0 32 0 0 0 0 0 
845 0 0 0 77 0 0 0 0 0 32 0 0 0 111 26 0 0 0 0 0 0 0 568 0 172 0 0 0 0 206 0 0 0 98 229 0 0 0 0 0 0 0 0 0 0 0 100 0 65 218 0 0 0 0 0 0 173 0 0 73 0 0 0 0 51 0 0 0 0 0 0 0 32 0 51 105 20 64 0 0 0 52 221 0 0 0 0 0 0 961 0 0 0 104 67 0 0 13 0 0 0 0 0 53 95 0 0 0 0 0 77 0 0 0 0 0 188 0 26 0 0 0 0 16 0 0 0 40 0 0 0 0 0 0 0 0 0 0 0 0 0 0 0 16 499 0 0 184 73 0 0 0 0 546 661 98 0 64 0 0 80 808 0 0 0 40 0 0 0 0 1387 0 0 0 0 0 0 0 0 115 0 0 0 0 0 0 0 67 0 83 0 0 0 0 0 0 0 13 0 0 0 0 0 0 233 53 0 67 498 0 
9052 0 0 0 46 13 0 0 0 0 216 0 0 0 1078 40 0 0 0 0 32 0 562 6391 252 378 0 0 0 88 990 0 0 0 690 67 32 0 0 118 13 54 0 0 0 179 0 132 267 649 116 0 0 100 0 0 0 137 0 0 111 0 0 40 0 64 152 0 0 0 0 0 0 531 0 0 598 450 0 0 0 64 109 1591 100 212 0 0 40 111 1855 264 80 0 92 700 0 0 26 32 0 0 265 0 0 98 144 0 0 0 16 40 0 0 0 16 0 3438 145 302 40 801 0 64 585 354 0 300 440 0 198 26 0 0 0 0 0 0 0 0 137 0 0 100 0 164 0 0 696 595 0 68 626 144 1354 15595 216 0 362 0 0 0 567 515 0 0 64 256 0 0 77 3070 0 241 94 0 90 0 96 0 489 703 0 90 100 0 0 0 79 64 150 0 216 0 0 40 1023 0 125 0 0 0 80 0 0 287 1236 0 51 284 0 
0 0 0 0 0 0 0 0 0 0 0 0 0 0 80 0 0 0 0 0 0 0 0 0 0 0 0 0 0 0 0 0 0 0 0 0 0 0 0 0 0 0 0 0 0 0 0 0 0 0 0 0 0 0 0 0 0 0 0 0 0 0 0 0 0 0 0 0 0 0 0 0 0 0 0 0 0 0 0 0 0 0 0 0 0 0 0 0 0 0 0 0 0 0 0 0 0 0 0 0 0 0 0 0 0 0 0 0 0 0 0 0 0 0 0 0 0 100 0 0 0 0 0 0 0 0 0 0 0 0 0 0 0 0 0 0 0 0 0 0 0 0 0 0 0 0 0 0 0 0 0 0 0 0 0 0 0 0 0 0 0 0 0 0 0 0 0 0 0 0 0 0 0 0 0 0 0 0 0 0 0 0 0 0 0 0 0 0 0 0 0 0 0 0 0 0 0 0 0 0 0 0 0 0 0 0 0 0 0 0 0 
0 0 0 0 0 0 0 0 0 0 64 0 0 0 0 0 0 0 0 0 0 0 0 140 0 0 0 0 0 0 0 0 0 0 0 0 0 0 0 0 0 0 0 0 0 0 0 0 0 100 0 0 0 0 0 0 0 0 0 0 0 0 0 0 0 0 0 0 0 0 0 0 0 0 0 0 0 100 0 0 0 0 0 100 0 0 0 0 0 0 0 0 0 0 0 0 0 0 0 0 0 0 0 0 0 0 0 0 0 0 0 0 0 0 0 0 0 32 0 0 0 0 0 0 0 0 0 0 0 0 0 0 0 0 0 0 0 0 0 0 0 0 0 0 0 0 0 0 0 0 0 0 0 0 0 350 0 0 0 0 0 0 0 0 0 0 0 0 0 0 0 0 0 0 0 0 0 0 0 0 0 0 0 0 0 0 0 0 0 0 0 0 0 0 0 0 16 0 0 0 0 0 0 0 0 0 0 0 0 0 0 
0 0 0 0 0 0 0 0 0 0 0 0 0 0 0 0 0 0 0 0 0 0 0 0 0 0 0 0 0 0 0 0 0 0 0 0 0 0 0 0 0 0 0 0 0 0 0 0 0 0 0 0 0 0 0 0 0 0 0 0 0 0 0 0 0 0 0 0 0 0 0 0 0 0 0 0 0 0 0 0 0 0 0 0 0 0 0 0 0 0 0 0 0 0 0 0 0 0 0 0 0 0 0 0 0 0 0 0 0 0 0 0 0 0 0 0 0 0 0 0 0 0 0 0 0 0 0 0 0 0 0 0 0 0 0 0 0 0 0 0 0 0 0 0 0 0 0 0 0 0 0 0 0 0 0 0 0 0 0 0 0 0 0 0 0 0 0 0 0 0 0 0 0 0 0 0 0 0 0 0 0 0 0 0 0 0 0 0 0 0 0 0 0 0 0 0 0 0 0 0 0 0 0 0 0 0 0 0 0 0 0 
0 0 0 0 0 0 0 0 0 0 0 0 0 0 0 0 0 0 0 0 0 0 0 0 0 0 0 0 0 0 0 0 0 0 0 0 0 0 0 0 0 0 0 0 0 0 0 0 0 0 0 0 0 0 0 0 0 0 0 0 0 0 0 0 0 0 0 0 0 0 0 0 0 0 0 0 0 0 0 0 0 0 0 0 0 0 0 0 0 0 0 0 0 0 0 0 0 0 0 0 0 0 0 0 0 0 0 0 0 0 0 0 0 0 0 0 0 0 0 0 0 0 0 0 0 0 0 0 0 0 0 0 0 0 0 0 0 0 0 0 0 0 0 0 0 0 0 0 0 0 0 0 0 0 0 0 0 0 0 0 0 0 0 0 0 0 0 0 0 0 0 0 0 0 0 0 0 0 0 0 0 0 0 0 0 0 0 0 0 0 0 0 0 0 0 0 0 0 0 0 0 0 0 0 0 0 0 0 0 0 0 
0 0 0 0 0 0 0 0 0 20 0 0 0 0 0 0 0 0 0 0 0 0 0 64 0 0 0 0 0 0 40 0 0 0 0 0 0 0 0 0 0 0 0 0 0 0 0 0 0 26 0 0 0 0 0 0 0 0 0 0 32 0 0 0 0 0 0 0 0 0 0 0 0 0 0 0 0 0 0 0 0 100 0 0 0 0 0 0 0 0 40 0 0 0 0 0 0 0 0 0 0 0 0 0 0 0 0 0 0 0 0 0 0 0 0 0 0 480 0 26 0 0 0 0 0 40 0 0 0 0 0 0 0 0 0 0 0 0 0 0 0 0 0 0 0 0 0 0 0 0 0 0 0 0 0 152 0 0 0 0 0 0 16 80 0 0 0 0 0 0 0 0 0 0 0 0 0 0 0 0 0 0 0 0 0 0 0 0 0 0 0 0 0 0 0 0 0 0 0 0 0 0 0 0 0 0 64 0 0 26 0 
799 0 0 0 0 64 0 0 0 0 51 0 0 0 0 0 0 0 0 0 0 0 20 2279 0 0 0 0 0 0 67 0 0 0 51 47 0 0 0 13 96 0 0 0 0 0 0 0 0 26 0 0 0 64 0 0 0 32 0 0 176 0 0 0 0 0 0 0 0 0 0 0 0 53 0 0 26 79 0 0 0 0 0 83 0 100 0 0 0 103 397 300 0 0 0 192 0 0 0 0 0 0 32 0 26 0 0 0 0 0 13 0 0 0 0 0 0 506 81 51 0 90 0 0 0 106 0 134 33 0 0 0 0 0 0 0 0 0 0 0 16 0 0 0 0 20 0 0 147 40 0 0 0 0 172 6958 82 0 145 0 0 0 77 251 0 0 0 0 0 0 0 566 0 37 0 0 0 0 122 0 65 183 0 0 0 0 0 0 0 0 51 0 77 0 0 0 205 0 0 0 0 0 0 0 0 53 42 0 0 77 0 
6159 0 0 0 347 20 0 0 0 308 332 0 0 0 1659 77 0 0 0 0 0 0 311 6923 26 237 0 0 0 117 1888 0 0 0 692 321 0 0 170 442 0 0 0 0 0 0 0 241 533 713 216 64 0 13 0 16 0 239 20 0 1854 0 0 0 0 195 40 0 0 0 0 0 0 224 0 0 2234 515 0 0 0 115 340 3708 0 0 0 0 0 639 3537 453 64 0 211 869 0 0 125 0 135 0 108 0 866 285 163 0 0 0 13 367 0 0 0 80 0 1928 404 1587 115 607 0 32 562 378 0 211 1669 80 1009 83 0 0 0 0 0 0 0 0 513 0 0 54 0 368 0 0 2318 608 0 0 127 140 2492 7433 241 0 1091 0 0 13 491 286 0 0 164 211 0 0 132 6736 0 158 501 0 0 0 100 0 1910 1429 209 0 0 0 0 0 39 0 527 0 152 0 0 32 319 0 80 0 49 0 100 0 0 1375 1677 0 208 3519 0 
26 0 0 0 0 0 0 0 0 0 0 0 0 0 0 0 0 0 0 0 0 0 0 478 0 0 0 0 0 0 32 0 0 0 32 0 0 0 0 0 0 0 0 0 0 0 0 0 0 0 0 0 0 0 0 0 0 0 0 0 0 0 0 0 0 0 0 0 0 0 0 0 0 0 0 0 0 0 0 0 0 0 0 80 0 0 0 0 0 0 13 80 0 0 0 20 0 0 0 0 0 0 64 0 0 0 80 0 0 0 0 0 0 0 0 0 0 144 0 20 160 57 0 0 64 0 0 0 0 0 0 0 0 0 0 0 0 0 0 0 0 0 0 0 0 0 0 0 40 0 0 0 0 0 90 385 16 0 192 0 0 0 0 0 0 0 0 0 0 0 0 201 0 80 0 0 0 0 0 0 0 0 0 0 0 0 0 0 0 0 0 0 0 0 0 0 0 0 0 0 0 0 0 0 0 0 0 0 0 0 0 
0 0 0 0 0 0 0 0 0 0 0 0 0 0 0 0 0 0 0 0 0 0 0 80 0 0 0 0 0 0 0 0 0 0 40 0 0 0 0 0 0 0 0 0 0 0 0 0 0 0 0 0 0 0 0 0 0 0 0 0 0 0 0 0 0 0 0 0 0 0 0 0 0 0 0 0 16 0 0 0 0 0 0 0 0 0 0 0 0 0 0 0 0 0 0 0 0 0 0 0 0 0 164 0 0 0 0 0 0 0 0 0 0 0 0 0 0 51 0 0 0 0 0 0 0 0 0 0 0 0 0 0 0 0 0 0 0 0 0 0 0 0 0 0 0 0 0 0 0 0 0 0 0 0 0 134 0 0 0 0 0 0 0 0 0 0 0 0 0 0 0 16 0 0 0 0 0 0 51 0 0 0 0 0 0 0 0 0 0 0 26 0 0 0 0 0 0 0 0 0 0 0 0 0 0 0 0 0 0 0 0 
0 0 0 0 0 0 0 0 0 0 0 0 0 0 0 0 0 0 0 0 0 0 0 0 0 0 0 0 0 0 0 0 0 0 0 0 0 0 0 0 64 0 0 0 0 0 0 0 0 0 0 0 0 0 0 0 0 0 0 0 0 0 0 0 0 0 0 0 0 0 0 0 0 0 0 0 16 0 0 0 0 0 0 0 0 0 0 0 0 0 0 0 0 0 0 0 0 0 0 0 0 0 0 0 0 0 0 0 0 0 0 0 0 0 0 0 0 100 0 0 0 0 0 0 0 0 0 0 0 0 0 0 0 0 0 0 0 0 0 0 0 0 0 0 0 0 0 0 0 0 0 0 0 26 0 0 0 0 0 0 0 0 0 0 0 0 0 0 0 0 0 64 0 0 0 0 0 0 0 0 0 0 0 0 0 0 0 0 0 0 0 0 0 0 0 0 0 0 0 0 0 0 0 0 0 0 0 0 0 0 0 
724 0 0 0 0 0 0 0 0 0 0 0 0 0 0 20 0 0 0 0 0 0 100 314 0 0 0 0 0 0 164 0 0 0 0 0 0 0 0 0 0 0 0 0 0 0 0 0 0 0 0 0 0 0 0 0 0 0 0 0 20 0 0 0 0 0 0 0 0 0 0 0 0 0 0 0 54 0 0 0 0 0 32 64 0 0 0 0 0 0 20 0 0 0 30 80 0 0 0 0 0 0 0 0 72 0 0 0 0 0 51 0 0 0 0 0 0 205 0 0 0 0 0 0 0 160 0 100 0 0 0 0 0 0 0 0 0 0 0 0 0 0 0 0 0 0 0 0 32 0 0 0 0 0 348 972 40 0 32 0 0 0 39 0 0 0 0 51 0 0 0 1039 0 0 0 0 0 0 0 0 0 0 0 0 0 0 0 0 26 0 0 0 0 0 0 0 0 0 0 0 0 0 0 0 0 40 106 0 0 53 0 
673 0 0 0 140 260 0 0 0 0 96 0 0 0 220 0 0 0 0 0 0 0 64 1931 13 0 0 0 0 100 282 0 0 0 497 16 0 0 0 160 0 0 0 0 0 80 100 0 0 247 26 0 0 0 0 0 0 0 0 0 20 0 40 0 0 0 100 0 0 0 0 0 0 0 0 0 391 40 0 0 0 0 0 905 0 0 0 0 0 245 400 20 0 0 80 67 0 0 26 0 0 0 200 0 0 40 172 0 0 0 0 0 0 0 0 0 0 923 100 119 0 199 0 26 160 0 0 13 181 0 95 13 0 0 0 0 0 0 0 0 37 0 0 0 0 51 0 0 392 0 0 0 0 32 362 1895 77 0 344 0 0 0 51 40 0 0 0 0 0 0 0 859 0 0 26 0 0 0 0 0 230 296 0 0 0 0 0 0 106 0 0 0 138 0 0 0 381 0 226 0 80 0 0 0 0 100 239 0 0 49 0 
0 0 0 0 0 0 0 0 0 0 0 0 0 0 0 0 0 0 0 0 0 0 0 0 0 0 0 0 0 0 0 0 0 0 0 0 0 0 0 0 0 0 0 0 0 0 0 0 0 0 0 0 0 0 0 0 0 0 0 0 0 0 0 0 0 0 0 0 0 0 0 0 0 0 0 0 0 0 0 0 0 0 0 0 0 0 0 0 0 0 0 0 0 0 0 0 0 0 0 0 0 0 0 0 0 0 0 0 0 0 0 0 0 0 0 0 0 0 0 0 0 0 0 0 0 0 0 0 0 0 0 0 0 0 0 0 0 0 0 0 0 0 0 0 0 0 0 0 0 0 0 0 0 0 0 0 0 0 0 0 0 0 0 0 0 0 0 0 0 0 0 0 0 0 0 0 0 0 0 0 0 0 0 0 0 0 0 0 0 0 0 0 0 0 0 0 0 0 0 0 0 0 0 0 0 0 0 0 0 0 0 
0 0 0 0 0 0 0 0 0 0 0 0 0 0 0 0 0 0 0 0 0 0 0 0 0 0 0 0 0 0 0 0 0 0 0 0 0 0 0 0 0 0 0 0 0 0 0 0 0 0 0 0 0 0 0 0 0 0 0 0 0 0 0 0 0 0 0 0 0 0 0 0 0 0 0 0 0 0 0 0 0 0 0 0 0 0 0 0 0 0 0 0 0 0 0 0 0 0 0 0 0 0 0 0 0 0 0 0 0 0 0 0 0 0 0 0 0 0 0 0 0 0 0 0 0 0 0 0 0 0 0 0 0 0 0 0 0 0 0 0 0 0 0 0 0 0 0 0 0 0 0 0 0 0 0 0 0 0 0 0 0 0 0 0 0 0 0 0 0 0 0 0 0 0 0 0 0 0 0 0 0 0 0 0 0 0 0 0 0 0 0 0 0 0 0 0 0 0 0 0 0 0 0 0 0 0 0 0 0 0 0 
0 0 0 0 80 0 0 0 0 0 0 0 0 0 0 0 0 0 0 0 0 0 0 78 0 26 0 0 0 0 0 0 0 0 26 0 0 0 0 0 0 0 0 0 64 0 0 0 0 0 0 0 0 0 0 0 0 0 0 0 0 0 0 13 0 0 26 0 0 0 0 0 0 0 0 0 0 32 0 0 0 0 51 64 0 0 0 0 0 0 0 0 0 0 0 0 0 0 0 0 0 0 0 0 0 51 0 0 0 0 0 0 0 0 0 0 0 83 0 0 0 26 0 0 0 100 0 0 0 0 0 0 0 0 0 0 0 0 0 0 0 0 0 0 0 26 0 0 0 0 0 0 0 0 80 213 0 0 0 0 0 0 0 0 0 0 0 0 0 0 0 16 0 0 0 0 16 0 0 0 0 179 0 0 0 0 0 0 0 0 0 0 0 0 0 0 0 0 0 0 0 0 0 0 0 0 32 0 0 0 0 
0 0 0 0 0 0 0 0 0 0 0 0 0 0 0 0 0 0 0 0 0 0 0 81 40 0 0 0 0 0 0 0 0 0 80 0 0 0 0 0 0 0 0 0 0 0 0 0 0 0 0 0 0 0 0 0 0 0 0 0 0 0 0 0 0 0 0 0 0 0 0 0 0 0 0 0 64 0 0 0 0 0 0 72 0 0 0 0 0 0 0 0 0 0 0 0 0 0 0 0 0 0 0 0 0 0 0 0 0 0 0 0 0 0 0 0 0 40 0 0 0 0 0 0 0 0 0 0 0 0 0 0 0 0 0 0 0 0 0 0 0 0 0 0 0 0 0 0 0 40 0 0 0 0 0 0 0 0 0 0 0 0 0 0 0 0 0 0 0 0 0 39 0 0 0 0 0 0 0 0 0 64 0 0 0 0 0 0 0 0 0 0 0 0 0 0 0 0 0 0 0 0 0 0 0 26 64 0 0 0 0 
51 0 0 0 13 0 0 0 0 0 0 0 0 0 32 0 0 0 0 0 0 0 0 343 0 0 0 0 0 26 0 0 0 0 0 0 0 0 0 0 0 0 0 0 0 0 0 0 131 64 0 0 0 0 0 0 0 0 0 0 106 0 0 0 0 0 0 0 0 0 0 0 0 0 0 0 20 0 0 0 0 32 0 337 0 0 0 0 0 40 127 0 0 0 0 0 0 0 0 0 0 0 0 0 0 0 0 0 0 0 26 0 0 0 0 0 0 30 0 0 0 0 0 0 96 0 0 0 40 0 0 0 0 0 0 0 0 0 0 0 0 0 0 0 0 32 0 0 0 20 0 0 0 0 211 496 182 0 0 0 0 0 0 0 0 0 0 0 0 0 16 344 0 0 0 0 0 0 20 0 32 64 0 16 0 0 0 0 0 0 0 0 0 0 0 0 26 0 0 0 0 0 0 0 0 0 104 0 0 0 0 
0 0 0 0 0 0 0 0 0 0 0 0 0 0 0 0 0 0 0 0 0 0 0 0 0 0 0 0 0 0 0 0 0 0 0 0 0 0 0 0 0 0 0 0 0 0 0 0 0 0 0 0 0 0 0 0 0 0 0 0 0 0 0 0 0 0 0 0 0 0 0 0 0 0 0 0 0 0 0 0 0 0 0 0 0 0 0 0 0 0 0 0 0 0 0 0 0 0 0 0 0 0 0 0 0 0 0 0 0 0 0 0 0 0 0 0 0 0 0 0 0 0 0 0 0 0 0 0 0 0 0 0 0 0 0 0 0 0 0 0 0 0 0 0 0 0 0 0 0 0 0 0 0 0 0 0 0 0 0 0 0 0 0 0 0 0 0 0 0 0 0 0 0 0 0 0 0 0 0 0 0 0 0 0 0 0 0 0 0 0 0 0 0 0 0 0 0 0 0 0 0 0 0 0 0 0 0 0 0 0 0 
218 0 0 0 251 0 0 0 0 0 0 0 0 0 0 0 0 0 0 0 0 0 0 1105 0 51 0 0 0 0 77 0 0 0 359 0 0 0 0 0 40 0 0 0 0 0 0 0 93 0 0 0 0 0 0 0 0 0 0 0 108 0 0 0 0 0 0 0 0 0 0 0 0 20 0 0 180 0 0 0 0 0 0 188 0 0 0 0 0 72 176 0 0 80 0 0 0 0 0 0 0 0 180 0 0 32 51 0 0 0 0 0 0 0 0 0 0 407 0 49 0 51 0 0 100 0 0 0 16 0 0 64 0 0 0 0 0 0 0 0 16 0 0 0 0 0 0 0 0 0 0 0 0 466 104 596 51 0 104 0 0 0 0 51 0 0 32 0 0 0 0 525 0 0 0 0 0 0 264 0 16 173 0 0 0 0 0 0 0 0 0 0 0 0 0 0 131 0 0 0 0 0 0 0 0 0 80 32 0 75 0 
0 0 0 0 120 0 0 0 0 0 0 0 0 0 0 0 0 0 0 0 0 0 0 0 0 0 0 0 0 0 0 0 0 0 0 0 0 0 0 0 0 0 0 0 0 0 0 0 0 0 0 0 0 0 0 0 0 0 0 0 0 0 0 0 0 0 0 0 0 0 0 0 0 0 0 0 13 0 0 0 0 0 0 0 0 0 0 0 0 0 32 0 0 0 0 0 0 0 0 0 0 0 51 0 0 0 0 0 0 0 0 64 0 0 0 0 0 0 0 0 0 0 0 0 0 0 0 0 0 0 0 0 0 0 0 0 0 0 0 0 0 0 0 0 0 0 0 0 0 0 0 0 0 26 0 0 0 0 0 0 0 0 0 64 0 0 0 0 0 0 0 0 0 0 0 0 0 0 0 0 0 0 0 0 0 0 0 0 0 0 0 0 0 0 0 0 0 0 0 0 0 0 0 0 0 0 0 0 0 16 0 
126 0 0 0 100 0 0 0 0 0 0 0 0 0 0 20 0 100 0 0 0 0 0 661 0 80 0 0 0 0 437 0 0 0 240 0 0 0 0 40 0 0 0 0 0 0 0 0 173 0 0 0 0 0 0 0 0 0 0 0 80 0 0 0 0 16 0 0 0 0 0 0 0 0 0 0 196 0 0 0 0 0 160 236 0 0 0 0 0 0 386 0 0 0 0 0 0 0 0 0 0 0 200 0 0 80 20 0 0 0 0 0 0 0 0 0 0 395 0 40 0 0 0 0 0 51 0 0 13 0 0 0 0 0 0 0 0 0 0 0 0 0 0 0 0 26 0 0 172 80 0 0 0 252 163 292 0 0 0 0 0 0 73 128 0 0 0 0 0 0 0 598 0 0 26 0 0 0 0 0 13 20 0 0 0 0 0 0 13 0 26 0 13 0 0 0 0 0 0 0 0 0 0 0 0 0 240 0 0 135 0 
451 0 0 0 51 0 0 0 0 0 0 0 0 0 215 0 0 0 0 0 26 0 80 555 0 154 0 0 0 0 0 0 0 0 64 0 0 0 39 0 0 0 0 0 0 0 0 0 0 217 0 0 0 0 0 0 0 0 0 0 47 0 0 0 0 0 0 0 0 0 0 0 0 0 0 0 160 0 0 0 0 0 16 474 0 0 0 0 0 0 322 0 0 0 0 51 0 0 40 0 0 0 0 0 0 0 64 0 0 0 0 0 0 0 0 0 0 128 0 120 0 0 0 0 61 67 0 0 0 0 0 0 0 0 0 0 0 0 0 0 80 0 0 0 0 0 0 0 0 96 0 0 0 0 62 765 80 0 51 0 0 0 0 0 0 0 0 32 0 0 0 500 0 0 0 0 40 0 112 0 0 61 0 0 0 0 0 0 51 137 0 0 26 0 40 26 0 0 0 0 0 0 0 0 0 0 104 0 32 30 0 
84 0 0 0 53 0 0 0 0 0 0 0 0 0 13 20 0 0 0 0 0 0 26 693 0 0 0 0 0 0 0 0 0 0 0 0 0 0 51 26 0 0 0 0 0 0 0 0 0 0 0 0 0 0 0 0 0 0 0 0 64 0 0 64 0 100 0 0 0 0 0 0 0 16 0 0 0 39 0 0 0 0 0 84 0 0 0 0 0 0 348 0 0 0 0 64 0 0 0 0 0 0 0 0 0 0 0 0 0 0 0 0 0 0 0 0 0 329 92 133 0 106 0 0 13 0 0 0 0 0 40 0 0 0 0 0 0 0 0 0 0 0 0 0 0 0 0 0 0 0 0 0 0 0 53 1819 100 0 174 0 0 0 80 0 0 0 0 0 0 0 0 407 0 0 0 0 0 0 0 0 0 0 0 0 0 0 0 0 0 0 0 0 64 0 0 0 115 0 0 0 0 0 0 0 0 0 49 0 0 13 0 
200 0 0 0 0 0 0 0 0 0 0 0 0 0 0 0 0 0 0 0 0 0 0 20 0 0 0 0 0 0 0 0 0 0 0 0 0 0 0 0 0 0 0 0 0 0 0 0 0 0 32 0 0 0 0 0 0 0 0 0 0 0 0 0 0 0 0 0 0 0 0 0 0 0 0 0 0 0 0 0 0 0 0 0 0 0 0 0 0 0 0 0 0 0 0 0 0 0 0 0 0 0 0 0 0 0 0 0 0 0 0 0 0 0 0 0 0 0 0 0 0 0 0 0 0 0 0 0 0 0 0 0 0 0 0 0 0 0 0 0 0 0 0 0 0 0 0 0 16 0 0 0 0 51 0 0 0 0 0 0 0 0 0 0 0 0 0 0 0 0 0 13 0 0 0 0 0 0 0 0 0 0 0 0 0 0 0 0 0 0 0 0 0 0 0 0 0 0 0 0 0 0 0 0 0 0 0 0 0 0 0 
0 0 0 0 0 0 0 0 0 0 0 0 0 0 0 0 0 0 0 0 0 0 0 0 0 0 0 0 0 0 0 0 0 0 0 0 0 0 0 0 0 0 0 0 0 0 0 0 0 0 0 0 0 0 0 0 0 0 0 0 0 0 0 0 0 0 0 0 0 0 0 0 0 0 0 0 0 0 0 0 0 0 0 0 0 0 0 0 0 0 0 0 0 0 0 0 0 0 0 0 0 0 0 0 0 0 0 0 0 0 0 0 0 0 0 0 0 0 0 0 0 0 0 0 0 0 0 0 0 0 0 0 0 0 0 0 0 0 0 0 0 0 0 0 0 0 0 0 0 0 0 0 0 0 0 0 0 0 0 0 0 0 0 0 0 0 0 0 0 0 0 0 0 0 0 0 0 0 0 0 0 0 0 0 0 0 0 0 0 0 0 0 0 0 0 0 0 0 0 0 0 0 0 0 0 0 0 0 0 0 0 
0 0 0 0 0 0 0 0 0 0 0 0 0 0 0 0 0 0 0 0 0 0 0 0 0 0 0 0 0 0 0 0 0 0 0 0 0 0 0 0 0 0 0 0 0 0 0 0 0 0 0 0 0 0 0 0 0 0 0 0 0 0 0 0 0 0 0 0 0 0 0 0 0 0 0 0 0 0 0 0 0 0 0 0 0 0 0 0 0 0 0 0 0 0 0 0 0 0 0 0 0 0 0 0 0 0 0 0 0 0 0 0 0 0 0 0 0 0 0 0 0 0 0 0 0 0 0 0 0 0 0 0 0 0 0 0 0 0 0 0 0 0 0 0 0 0 0 0 0 0 0 0 0 0 0 0 0 0 0 0 0 0 0 0 0 0 0 0 0 0 0 0 0 0 0 0 0 0 0 0 0 0 0 0 0 0 0 0 0 0 0 0 0 0 0 0 0 0 0 0 0 0 0 0 0 0 0 0 0 0 0 
0 0 0 0 0 0 0 0 0 0 26 0 0 0 0 0 0 0 0 0 0 0 0 166 0 0 0 0 0 0 0 0 0 0 26 0 0 0 0 0 0 0 0 0 0 0 0 0 0 0 0 0 0 0 0 0 0 0 0 0 80 0 0 0 0 0 0 0 0 0 0 0 0 0 0 0 51 0 0 0 0 0 51 0 0 0 0 0 0 0 102 0 0 0 0 0 0 0 0 0 0 0 0 0 0 0 0 0 0 0 0 0 0 0 0 0 0 120 40 0 0 100 0 0 0 20 0 0 0 0 57 0 0 0 0 0 0 0 0 0 0 0 0 0 0 0 0 0 0 0 0 0 0 0 80 368 0 0 0 0 0 0 0 0 0 0 0 0 0 0 0 394 0 0 0 0 0 0 0 0 20 77 0 0 0 0 0 0 0 0 80 0 0 0 0 0 0 0 0 0 0 0 0 0 0 0 80 0 0 80 0 
182 0 0 0 221 0 0 0 0 0 0 0 0 0 40 51 0 0 0 0 0 0 0 249 0 32 0 0 0 0 102 0 0 0 51 20 0 0 0 0 0 0 0 0 0 80 0 0 224 204 0 0 0 0 0 0 0 64 0 0 51 0 0 0 0 0 0 0 0 0 80 0 0 0 0 0 191 13 0 0 0 0 0 272 0 0 0 0 0 0 471 0 0 0 0 13 0 0 0 0 0 0 300 0 0 51 0 0 0 0 0 80 0 0 0 0 0 208 0 16 0 0 0 0 0 51 0 0 0 0 72 0 0 0 0 0 0 0 0 0 0 0 0 0 0 0 0 0 40 13 0 51 0 51 208 551 26 0 0 0 0 0 26 0 0 0 64 0 0 0 0 558 0 20 26 0 40 0 0 0 88 240 113 0 0 0 0 0 64 0 0 0 0 0 0 0 0 0 0 0 0 0 0 0 0 51 32 0 0 67 0 
0 0 0 0 0 0 0 0 0 0 0 0 0 0 0 0 0 0 0 0 0 0 0 0 0 0 0 0 0 0 0 0 0 0 0 0 0 0 0 0 0 0 0 0 0 0 0 0 0 0 0 0 0 0 0 0 0 0 0 0 0 0 0 0 0 0 0 0 0 0 0 0 0 0 0 0 0 0 0 0 0 0 0 0 0 0 0 0 0 0 0 0 0 0 0 0 0 0 0 0 0 0 0 0 0 0 0 0 0 0 0 0 0 0 0 0 0 0 0 0 0 0 0 0 0 0 0 0 0 0 0 0 0 0 0 0 0 0 0 0 0 0 0 0 0 0 0 0 0 0 0 0 0 0 0 0 80 0 0 0 0 0 0 0 0 0 0 0 0 0 0 0 0 0 0 0 0 0 0 0 0 0 0 0 0 0 0 0 0 0 0 0 0 0 0 0 0 0 0 0 0 0 0 0 0 0 0 0 0 0 0 
0 0 0 0 0 0 0 0 0 0 0 0 0 0 0 0 0 0 0 0 0 0 0 0 0 0 0 0 0 0 0 0 0 0 0 0 0 0 0 0 0 0 0 0 0 0 0 0 80 0 0 0 0 0 0 0 0 0 0 0 0 0 0 0 0 0 0 0 0 0 0 0 0 0 0 0 0 0 0 0 0 0 0 0 0 0 0 0 0 0 0 0 0 0 0 0 0 0 0 0 0 0 0 0 0 0 0 0 0 0 0 0 0 0 0 0 0 0 0 0 0 0 0 0 0 0 0 0 0 0 0 0 0 0 0 0 0 0 0 0 0 0 0 0 0 0 0 0 0 0 0 0 0 0 0 0 0 0 0 0 0 0 26 0 0 0 0 0 0 0 0 0 0 0 0 0 0 0 0 0 0 0 0 0 0 0 0 0 0 0 0 0 104 0 0 0 0 0 0 0 0 0 0 0 0 0 0 0 0 0 0 
0 0 0 0 0 0 0 0 0 0 0 0 0 0 0 0 0 0 0 0 0 0 0 0 0 0 0 0 0 0 0 0 0 0 0 0 0 0 0 0 0 0 0 0 0 0 0 0 0 0 0 0 0 0 0 0 0 0 0 0 0 0 0 0 0 0 0 0 0 0 0 0 0 0 0 0 0 0 0 0 0 0 0 0 0 0 0 0 0 0 0 0 0 0 0 0 0 0 0 0 0 0 0 0 0 0 0 0 0 0 0 0 0 0 211 0 0 0 0 0 0 0 0 0 0 0 0 0 0 0 0 0 0 0 0 0 0 0 0 0 0 0 0 0 0 0 0 0 0 0 0 0 0 0 0 83 0 0 0 0 0 0 0 0 0 0 0 0 0 0 0 104 0 0 0 0 0 0 0 0 0 0 0 0 0 0 0 0 0 0 0 0 0 0 0 0 0 0 0 0 0 0 0 0 0 163 0 0 0 0 0 
83 0 0 0 0 0 0 0 0 0 0 0 0 0 0 0 0 0 0 0 0 0 0 0 0 0 0 0 0 0 0 0 0 0 0 0 0 0 0 0 0 0 0 0 0 0 0 0 300 0 0 0 0 0 0 0 0 0 0 0 0 0 0 0 0 0 0 0 0 0 0 0 0 0 0 0 40 0 0 0 0 0 0 0 0 0 0 0 0 0 0 0 0 0 0 0 0 0 0 0 0 0 0 0 0 0 0 0 0 0 0 0 0 0 0 0 0 26 0 0 0 0 0 0 32 0 0 0 32 0 0 0 0 0 0 0 0 0 0 0 0 0 0 0 0 0 0 0 0 80 0 0 0 0 0 96 0 0 0 0 0 0 0 0 0 0 0 0 0 0 0 20 0 0 0 0 0 0 0 0 0 0 0 0 0 0 0 0 0 0 0 0 0 0 0 0 0 0 0 0 0 0 0 0 0 0 0 0 0 0 0 
0 0 0 0 0 0 0 0 0 0 0 0 0 0 0 0 0 0 0 0 0 0 0 0 0 0 0 0 0 0 0 0 0 0 0 0 0 0 0 0 0 0 0 0 0 0 0 0 0 0 0 0 0 0 0 0 0 0 0 0 0 0 0 0 0 0 0 0 0 0 0 0 0 0 0 0 0 0 0 0 0 0 0 0 0 0 0 0 0 0 0 0 0 0 0 0 0 0 0 0 0 0 0 0 0 0 0 0 0 0 0 0 0 0 0 0 0 0 0 0 0 0 0 0 0 0 0 0 0 0 0 0 0 0 0 0 0 0 0 0 0 0 0 0 0 0 0 0 0 0 0 0 0 0 0 0 0 0 0 0 0 0 0 0 0 0 0 0 0 0 0 0 0 0 0 0 0 0 0 0 0 0 0 0 0 0 0 0 0 0 0 0 0 0 0 0 0 0 0 0 0 0 0 0 0 0 0 0 0 0 0 
4559 0 0 0 99 40 0 0 0 140 67 13 0 0 643 127 0 0 0 0 64 0 328 8745 349 506 0 0 0 194 1198 13 0 0 749 103 0 0 0 323 226 0 0 0 0 33 0 64 185 440 100 0 0 156 0 0 0 67 0 0 431 0 0 100 0 20 0 0 0 0 0 0 0 73 0 20 1077 608 32 0 0 0 170 2267 0 32 0 0 64 886 4949 151 80 13 61 538 0 0 51 96 0 0 178 0 26 0 118 0 0 0 208 26 0 0 0 92 0 2765 103 612 96 625 0 13 429 249 0 126 858 0 225 77 0 0 0 0 0 0 0 0 450 0 0 140 0 51 0 20 610 424 0 200 126 20 1857 23226 1312 40 494 0 0 500 680 707 0 0 0 49 0 0 0 3086 0 525 175 0 0 0 16 0 546 887 88 30 0 0 0 0 172 0 298 51 309 0 0 51 1460 0 211 0 51 0 40 0 0 459 1478 0 49 758 0 
686 0 0 0 0 0 0 0 0 0 280 0 0 0 77 0 0 0 0 0 0 0 0 877 0 0 0 0 0 64 151 0 0 0 167 0 0 0 0 140 0 0 0 0 0 0 0 0 0 164 0 0 0 0 0 0 0 0 0 0 54 0 0 151 0 0 0 0 0 0 0 0 0 40 0 0 0 570 0 0 0 0 0 393 0 0 0 0 0 273 355 0 0 0 0 181 0 0 0 20 0 0 13 0 32 0 80 0 0 0 0 16 0 0 0 0 0 313 0 100 0 80 0 0 0 0 0 0 52 0 0 0 0 0 0 0 0 0 0 0 67 0 0 64 0 0 0 0 147 0 0 0 0 0 173 2501 96 0 80 0 0 0 100 80 0 0 0 0 0 0 0 1512 0 77 0 0 0 0 0 0 135 0 0 0 0 0 0 0 0 0 100 0 0 0 0 0 121 0 0 0 0 0 0 0 0 20 402 0 0 132 0 
884 0 0 0 0 0 0 0 0 0 0 0 0 0 275 40 0 0 0 0 0 0 0 2135 0 200 0 0 0 16 115 0 0 0 53 46 0 0 0 100 132 0 0 0 0 0 0 100 0 141 26 0 0 0 0 0 0 0 0 0 229 0 0 300 0 13 0 0 0 0 0 0 0 0 0 80 374 0 0 0 0 0 26 498 0 0 0 0 0 0 762 242 0 0 0 126 0 0 64 0 0 0 131 0 0 51 32 0 0 0 0 0 0 0 0 0 0 483 16 131 64 564 0 80 0 389 0 0 156 0 100 0 0 0 0 0 0 0 0 0 147 0 0 0 0 0 0 0 13 200 0 0 0 0 389 3934 247 20 182 0 0 0 260 300 0 0 0 80 0 0 13 617 0 195 0 0 0 0 142 0 94 209 0 0 0 0 0 0 16 0 61 0 228 0 0 0 220 0 20 0 0 0 0 0 0 32 971 0 0 209 0 
211 0 0 0 0 0 0 0 0 0 0 0 0 0 51 0 0 0 0 0 0 0 100 196 0 0 0 0 0 0 180 0 0 0 13 0 0 0 0 0 0 0 0 0 0 0 0 0 0 100 0 0 0 0 0 0 0 0 0 0 0 0 0 0 0 0 0 0 0 0 0 0 0 0 0 0 13 0 0 0 0 0 0 231 0 0 0 0 0 0 34 0 0 0 0 0 0 0 0 0 0 0 300 0 0 0 0 0 0 0 0 0 0 0 0 0 0 68 0 13 0 40 0 0 100 0 0 32 0 0 0 0 0 0 0 0 0 0 0 0 0 0 0 0 0 0 0 0 20 64 0 0 0 0 140 174 0 0 0 0 0 0 0 0 0 0 0 0 0 0 0 334 0 0 0 0 0 0 0 0 0 0 0 0 0 0 0 0 0 0 0 0 51 0 0 0 0 0 0 0 40 0 0 0 0 0 32 0 0 0 0 
409 0 0 0 26 0 0 0 0 0 260 0 0 0 49 0 0 0 0 0 0 0 0 1938 423 0 0 0 0 0 264 0 0 0 0 0 0 0 0 32 0 0 0 0 0 0 0 54 0 41 64 0 0 0 0 0 0 0 0 0 143 0 0 64 0 16 0 0 0 0 0 0 0 0 0 0 195 0 0 0 0 80 0 395 0 0 0 0 0 108 522 0 0 0 64 121 0 0 0 0 67 0 0 0 0 0 74 0 0 0 16 0 0 0 0 40 0 2072 144 123 0 71 0 64 704 575 40 0 90 0 117 0 0 0 0 0 0 0 0 0 0 0 0 0 100 0 0 0 20 0 0 0 40 57 356 2289 321 0 449 0 0 80 204 63 0 0 106 0 0 0 0 766 0 32 0 0 0 0 0 0 123 278 32 51 0 0 0 0 20 0 77 0 0 0 0 0 201 0 0 0 0 0 0 0 0 0 263 0 0 213 0 
0 0 0 0 0 0 0 0 0 0 0 0 0 0 0 0 0 0 0 0 0 0 0 0 0 0 0 0 0 0 0 0 0 0 0 0 0 0 0 0 0 0 0 0 0 0 0 0 0 0 0 0 0 0 0 0 0 0 0 0 0 0 0 0 0 0 0 0 0 0 0 0 0 0 0 0 0 0 0 0 0 0 0 0 0 0 0 0 0 0 0 0 0 0 0 0 0 0 0 0 0 0 0 0 0 0 0 0 0 0 0 0 0 0 0 0 0 0 0 0 0 0 0 0 0 0 0 0 0 0 0 0 0 0 0 0 0 0 0 0 0 0 0 0 0 0 0 0 0 0 0 0 0 0 0 0 0 0 0 0 0 0 0 0 0 0 0 0 0 0 0 0 0 0 0 0 0 0 0 0 0 0 0 0 0 0 0 0 0 0 0 0 0 0 0 0 0 0 0 0 0 0 0 0 0 0 0 0 0 0 0 
93 0 0 0 0 0 0 0 0 0 0 0 0 0 0 0 0 0 0 0 0 0 0 80 0 0 0 0 0 0 0 0 0 0 0 0 0 0 0 0 0 0 0 0 0 0 0 0 0 0 0 0 0 0 0 0 0 0 0 0 0 0 0 0 0 0 0 0 0 0 0 0 0 0 0 0 0 0 0 0 0 0 0 0 0 0 0 0 0 0 0 0 0 0 0 0 0 0 0 0 0 0 0 0 0 0 0 0 0 0 0 0 0 0 0 0 0 131 0 51 0 0 0 0 0 0 0 0 0 0 0 64 0 0 0 0 0 0 0 0 0 0 0 0 0 0 0 0 0 0 0 0 0 0 0 204 0 0 0 0 0 0 32 0 0 0 0 0 0 0 0 153 0 0 0 0 0 0 40 0 0 0 0 0 0 0 0 0 0 0 0 0 26 0 0 0 51 0 0 0 0 0 0 0 0 0 0 0 0 0 0 
414 0 0 0 80 0 0 0 0 0 0 0 0 0 13 0 0 0 0 0 64 0 40 859 0 160 0 0 0 0 330 0 0 0 0 96 0 0 0 0 131 0 0 0 0 0 0 0 51 39 0 0 0 0 0 0 0 13 0 0 32 0 0 0 0 0 0 0 0 0 0 0 0 0 0 0 32 116 0 0 0 0 164 244 0 0 0 0 0 131 330 0 16 100 80 144 0 0 51 0 0 0 51 0 42 0 0 0 0 0 0 32 0 0 0 0 0 496 0 51 0 0 0 0 308 620 0 0 120 0 40 0 0 0 0 0 0 0 0 0 0 0 0 0 64 126 0 0 100 80 0 100 0 0 336 1104 51 0 142 0 0 0 275 158 0 0 32 0 0 0 0 776 0 0 0 0 0 0 0 0 51 0 40 0 0 0 0 0 0 0 64 0 0 0 0 0 26 0 0 0 0 0 0 0 0 64 64 0 0 179 0 
517 0 0 0 0 0 0 0 0 20 0 0 0 0 26 0 0 0 0 0 0 0 0 541 0 0 0 0 0 20 57 0 0 0 64 20 0 0 0 0 0 0 0 0 80 0 0 0 0 0 0 0 0 0 0 0 0 16 0 0 167 0 80 0 0 0 0 0 0 0 0 0 0 0 0 0 0 46 0 0 0 0 0 325 0 0 0 0 0 96 272 0 0 0 0 0 0 0 64 0 100 0 0 0 37 0 0 0 0 0 0 0 0 0 0 0 0 504 0 80 0 20 0 32 0 0 0 0 106 0 0 100 0 0 0 0 0 0 0 0 0 0 0 0 0 64 0 0 41 0 0 0 80 0 0 716 80 13 26 0 0 0 51 0 0 0 0 0 0 0 13 307 0 0 0 0 0 0 0 0 20 51 80 0 0 0 0 0 0 0 80 0 0 0 0 0 124 0 0 0 0 0 0 0 0 0 131 0 0 160 0 
72 0 0 0 0 0 0 0 0 0 0 0 0 0 0 0 0 0 0 0 0 0 0 94 0 0 0 0 0 0 0 0 0 0 0 0 0 0 0 0 0 0 0 0 0 0 0 0 0 0 0 0 0 0 0 0 0 0 0 0 0 0 0 0 0 0 0 0 0 0 0 0 0 0 0 0 58 0 0 0 0 0 0 0 0 0 0 0 0 0 40 0 0 0 0 0 0 0 0 0 0 0 0 0 0 0 0 0 0 0 0 0 0 0 0 0 0 0 0 0 0 0 0 0 0 0 0 0 0 0 0 0 0 0 0 0 0 0 0 0 0 0 0 0 0 0 0 0 115 0 0 0 0 0 0 0 0 0 0 0 0 0 0 0 0 0 0 0 0 0 0 539 0 0 0 0 0 0 0 0 0 0 0 0 0 0 0 0 13 0 0 0 0 0 0 0 0 0 0 0 0 0 0 0 0 0 0 0 0 0 0 
0 0 0 0 0 0 0 0 0 0 0 0 0 0 32 0 0 0 0 0 0 0 26 172 0 0 0 0 0 0 0 0 0 0 77 51 0 0 0 0 0 0 0 0 0 0 0 0 64 0 0 0 0 0 0 0 0 0 0 0 80 0 0 0 0 0 0 0 0 0 0 0 0 0 0 0 0 0 0 0 0 0 0 96 0 0 0 0 0 0 156 0 0 0 0 0 0 0 0 64 0 0 0 0 0 0 0 0 0 0 0 0 0 0 0 0 0 0 0 0 0 26 0 0 0 0 0 26 80 0 0 0 0 0 0 0 0 0 0 0 0 0 0 0 0 0 0 0 0 0 0 0 0 0 0 115 0 0 0 0 0 0 0 0 0 0 0 0 0 0 0 80 0 40 0 0 0 0 0 0 40 64 0 0 0 0 0 0 0 0 0 0 0 0 0 0 0 0 0 0 0 0 0 0 0 0 32 0 0 0 0 
1792 0 0 0 0 0 0 0 0 32 64 0 0 0 172 0 0 0 0 0 144 0 40 2700 170 40 0 0 0 57 396 64 0 0 547 42 0 0 0 239 16 0 0 0 0 0 100 0 51 0 0 0 0 0 0 0 0 58 0 0 238 0 0 100 0 80 0 0 0 0 0 0 0 0 0 0 135 369 0 0 0 100 0 633 80 0 0 0 0 1427 509 211 0 0 51 381 0 0 0 0 0 0 20 0 0 0 40 0 0 0 0 0 0 0 0 16 0 3813 102 151 0 204 0 0 49 20 0 95 114 0 13 64 0 0 0 0 0 0 0 0 98 0 0 0 51 20 0 0 411 112 40 0 0 0 382 6045 96 0 139 0 0 0 53 40 0 0 0 0 0 0 0 1737 0 30 190 0 100 0 0 0 0 998 16 0 0 0 0 0 0 0 81 0 73 0 0 0 141 0 0 0 0 0 0 0 0 142 367 0 0 51 0 
26 0 0 0 0 0 0 0 0 0 0 0 0 0 0 0 0 0 0 0 0 0 0 154 0 0 0 0 0 0 0 0 0 0 0 0 0 0 0 0 0 0 0 0 0 0 0 0 0 0 0 0 0 0 0 0 0 0 0 0 0 0 0 0 0 0 0 0 0 0 0 0 0 0 0 0 0 0 0 0 0 0 0 64 0 0 0 0 0 0 0 0 0 0 0 0 0 0 0 0 0 0 0 0 0 0 0 0 0 0 0 0 0 0 0 0 0 280 0 0 0 0 0 0 0 0 0 0 0 0 0 0 0 0 0 0 0 0 0 0 0 0 0 0 0 0 0 0 0 0 0 0 0 0 0 339 0 0 0 0 0 0 0 0 0 0 0 0 0 0 0 0 0 0 80 0 0 0 0 0 26 0 0 0 0 0 0 0 0 0 0 0 20 0 0 0 0 0 0 0 0 0 0 0 0 0 0 0 0 0 0 
686 0 0 0 0 0 0 0 0 0 0 0 0 0 110 32 0 0 0 0 0 0 0 1460 0 51 0 0 0 0 267 0 0 0 346 0 0 0 0 0 0 0 0 0 0 0 0 0 0 115 26 0 0 0 0 0 0 0 0 0 61 0 0 100 0 0 0 0 0 0 0 0 0 0 0 16 0 67 0 0 0 0 61 328 0 0 0 0 0 34 739 0 0 0 64 206 0 0 0 0 0 0 0 0 0 0 0 0 0 0 0 0 0 0 0 0 0 214 0 106 0 195 0 32 0 201 0 0 42 0 80 0 0 0 0 0 0 0 0 0 0 0 0 0 0 0 0 0 96 0 0 0 0 0 144 2182 120 0 218 0 0 0 46 0 0 0 0 80 0 0 16 681 0 0 0 0 0 0 0 0 62 196 0 0 64 0 0 0 0 0 20 0 0 0 0 0 115 0 0 0 0 0 0 0 0 0 83 0 0 26 0 
13 0 0 0 0 0 0 0 0 0 0 0 0 0 0 0 0 0 0 0 0 0 0 117 0 0 0 0 0 0 0 0 0 0 0 0 0 0 0 0 0 0 0 0 0 0 0 0 0 0 0 0 0 0 0 0 0 0 0 0 0 0 0 0 0 0 0 0 0 0 0 0 0 0 0 0 0 0 0 0 0 0 0 80 0 0 0 0 0 20 106 40 0 0 0 0 0 0 0 0 0 0 0 0 0 0 0 0 0 0 0 0 0 0 0 0 0 600 0 64 26 0 0 0 20 0 0 0 32 0 0 0 0 0 0 0 0 0 0 0 32 0 0 0 0 0 0 0 0 0 0 0 0 0 141 483 0 0 0 0 0 0 0 0 0 0 0 0 0 0 0 83 0 0 32 0 0 0 0 0 0 26 0 0 0 0 0 0 16 0 0 0 51 0 0 0 319 0 0 0 0 0 0 0 0 77 0 0 0 0 0 
0 0 0 0 0 0 0 0 0 0 0 0 0 0 0 0 0 0 0 0 0 0 0 0 0 0 0 0 0 0 0 0 0 0 0 0 0 0 0 0 0 0 0 0 0 0 0 0 0 0 0 0 0 0 0 0 0 0 0 0 0 0 0 0 0 0 0 0 0 0 0 0 0 0 0 0 0 0 0 0 0 0 0 0 0 0 0 0 0 0 0 0 0 0 0 0 0 0 0 0 0 0 0 0 0 0 0 0 0 0 0 0 0 0 0 0 0 0 0 0 0 0 0 0 0 0 0 0 0 0 0 0 0 0 0 0 0 0 0 0 0 0 0 0 0 0 0 0 0 0 0 0 0 0 0 0 0 0 0 0 0 0 0 0 0 0 0 0 0 0 0 0 0 0 0 0 0 0 0 0 0 0 0 0 0 0 0 0 0 0 0 0 0 0 0 0 0 0 0 0 0 0 0 0 0 0 0 0 0 0 0 
0 0 0 0 0 0 0 0 0 0 0 0 0 0 0 0 0 0 0 0 0 0 0 0 0 0 0 0 0 0 0 0 0 0 0 0 0 0 0 0 0 0 0 0 0 0 0 0 0 0 0 0 0 0 0 0 0 0 0 0 0 0 0 0 0 0 0 0 0 0 0 0 0 0 0 0 0 0 0 0 0 0 0 0 0 0 0 0 0 0 0 0 0 0 0 0 0 0 0 0 0 0 0 0 0 0 0 0 0 0 0 0 0 0 0 0 0 0 0 0 0 0 0 0 0 0 0 0 0 0 0 0 0 0 0 0 0 0 0 0 0 0 0 0 0 0 0 0 0 0 0 0 0 0 0 0 0 0 0 0 0 0 0 0 0 0 0 0 0 0 0 0 0 0 0 0 0 0 0 0 0 0 0 0 0 0 0 0 0 0 0 0 0 0 0 0 0 0 0 0 0 0 0 0 0 0 0 0 0 0 0 
0 0 0 0 0 0 0 0 0 0 0 0 0 0 0 0 0 0 0 0 0 0 0 0 0 0 0 0 0 0 0 0 0 0 0 0 0 0 0 0 0 0 0 0 0 0 0 0 0 0 0 0 0 0 0 0 0 0 0 0 0 0 0 0 0 0 0 0 0 0 0 0 0 0 0 0 0 0 0 0 0 0 0 0 0 0 0 0 0 0 0 0 0 0 0 0 0 0 0 0 0 0 0 0 0 0 0 0 0 0 0 0 0 0 0 0 0 0 0 0 0 0 0 0 0 0 0 0 0 0 0 0 0 0 0 0 0 0 0 0 0 0 0 0 0 0 0 0 0 0 0 0 0 0 0 0 0 0 0 0 0 0 0 0 0 0 0 0 0 0 0 0 0 0 0 0 0 0 0 0 0 0 0 0 0 0 0 0 0 0 0 0 0 0 0 0 0 0 0 0 0 0 0 0 0 0 0 0 0 0 0 
0 0 0 0 0 0 0 0 0 0 0 0 0 0 0 0 0 0 0 0 0 0 0 0 0 0 0 0 0 0 0 0 0 0 0 0 0 0 0 0 0 0 0 0 0 0 0 0 0 0 0 0 0 0 0 0 0 0 0 0 0 0 0 0 0 0 0 0 0 0 0 0 0 0 0 0 0 0 0 0 0 0 0 0 0 0 0 0 0 0 0 0 0 0 0 0 0 0 0 0 0 0 0 0 0 0 0 0 0 0 0 0 0 0 0 0 0 0 0 0 0 0 0 0 0 0 0 0 0 0 0 0 0 0 0 0 0 0 0 0 0 0 0 0 0 0 0 0 0 0 0 0 0 0 0 0 0 0 0 0 0 0 0 0 0 0 0 0 0 0 0 0 0 0 0 0 0 0 0 0 0 0 0 0 0 0 0 0 0 0 0 0 0 0 0 0 0 0 0 0 0 0 0 0 0 0 0 0 0 0 0 
32 0 0 0 0 0 0 0 0 0 0 0 0 0 0 0 0 0 0 0 0 0 0 64 0 0 0 0 0 0 0 0 0 0 0 0 0 0 0 0 0 0 0 0 0 0 0 0 0 0 0 0 0 0 0 0 0 0 0 0 0 0 0 0 0 0 0 0 0 0 0 0 0 0 0 0 40 0 0 0 0 0 0 0 0 0 0 0 0 0 0 0 0 0 0 0 0 0 0 0 0 0 0 0 0 0 0 0 0 0 0 0 0 0 0 0 0 100 0 0 0 0 0 0 20 0 0 0 0 0 0 0 0 0 0 0 0 0 0 0 0 0 0 0 0 0 0 0 0 0 0 0 0 0 0 0 0 0 0 0 0 0 0 0 0 0 0 0 0 0 0 0 0 0 0 0 0 0 0 0 0 0 0 0 0 0 0 0 0 0 0 0 0 0 0 0 0 0 0 0 0 0 0 0 0 0 0 0 0 0 0 
0 0 0 0 0 0 0 0 0 0 0 0 0 0 0 0 0 0 0 0 0 0 0 0 0 0 0 0 0 0 0 0 0 0 0 0 0 0 0 0 0 0 0 0 0 0 0 0 0 0 0 0 0 0 0 0 0 0 0 0 0 0 0 0 0 0 0 0 0 0 0 0 0 0 0 0 0 0 0 0 0 0 0 0 0 0 0 0 0 0 0 0 0 0 0 0 0 0 0 0 0 0 0 0 0 0 0 0 0 0 0 0 0 0 0 0 0 0 0 0 0 0 0 0 0 0 0 0 0 0 0 0 0 0 0 0 0 0 0 0 0 0 0 0 0 0 0 0 0 0 0 0 0 0 0 0 0 0 0 0 0 0 0 0 0 0 0 0 0 0 0 0 0 0 0 0 0 0 0 0 0 0 0 0 0 0 0 0 0 0 0 0 0 0 0 0 0 0 0 0 0 0 0 0 0 0 0 0 0 0 0 
0 0 0 0 0 0 0 0 0 0 0 0 0 0 0 0 0 0 0 0 0 0 0 0 0 0 0 0 0 0 0 0 0 0 0 0 0 0 0 0 0 0 0 0 0 0 0 0 0 0 0 0 0 0 0 0 0 0 0 0 0 0 0 0 0 0 0 0 0 0 0 0 0 0 0 0 0 0 0 0 0 0 0 0 0 0 0 0 0 0 0 0 0 0 0 0 0 0 0 0 0 0 0 0 0 0 0 0 0 0 0 0 0 0 0 0 0 0 0 0 0 0 0 0 0 0 0 0 0 0 0 0 0 0 0 0 0 0 0 0 0 0 0 0 0 0 0 0 0 0 0 0 0 0 0 0 0 0 0 0 0 0 0 0 0 0 0 0 0 0 0 0 0 0 0 0 0 0 0 0 0 0 0 0 0 0 0 0 0 0 0 0 0 0 0 0 0 0 0 0 0 0 0 0 0 0 0 0 0 0 0 
0 0 0 0 0 0 0 0 0 0 0 0 0 0 0 0 0 0 0 0 0 0 0 0 0 0 0 0 0 0 0 0 0 0 0 0 0 0 0 0 0 0 0 0 0 0 0 0 0 0 0 0 0 0 0 0 0 0 0 0 0 0 0 0 0 0 0 0 0 0 0 0 0 0 0 0 0 0 0 0 0 0 0 0 0 0 0 0 0 0 0 0 0 0 0 0 0 0 0 0 0 0 0 0 0 0 0 0 0 0 0 0 0 0 0 0 0 0 0 0 0 0 0 0 0 0 0 0 0 0 0 0 0 0 0 0 0 0 0 0 0 0 0 0 0 0 0 0 0 0 0 0 0 0 0 0 0 0 0 0 0 0 0 0 0 0 0 0 0 0 0 0 0 0 0 0 0 0 0 0 0 0 0 0 0 0 0 0 0 0 0 0 0 0 0 0 0 0 0 0 0 0 0 0 0 0 0 0 0 0 0 
215 0 0 0 0 0 0 0 0 0 0 0 0 0 64 0 0 0 0 0 0 0 0 1249 0 0 0 0 0 0 284 0 0 0 64 20 0 0 0 0 0 0 0 0 0 53 0 0 0 200 0 0 0 16 0 0 0 0 0 0 0 0 0 0 0 0 0 0 0 0 0 0 0 0 0 0 0 0 0 0 0 0 0 208 0 0 0 0 0 64 241 0 0 0 0 16 0 0 0 0 0 0 0 0 0 0 0 0 0 0 0 0 0 0 0 0 0 369 0 200 0 0 0 0 26 128 0 0 0 0 0 0 0 0 0 0 0 0 0 0 400 0 0 0 0 0 0 0 100 0 0 0 0 0 224 1054 0 0 59 0 0 0 147 0 0 0 0 151 0 0 0 432 0 122 0 0 0 0 0 0 0 133 0 0 0 0 0 0 0 0 0 0 16 0 0 0 115 0 0 0 0 0 0 0 0 131 0 0 40 0 0 
0 0 0 0 0 0 0 0 0 0 0 0 0 0 100 0 0 0 0 0 0 0 0 26 0 0 0 0 0 0 0 0 0 0 0 0 0 0 0 0 0 0 0 0 0 0 0 0 0 0 0 0 0 0 0 0 0 0 0 0 0 0 0 0 0 0 0 0 0 0 0 0 0 0 0 0 0 0 0 0 0 0 0 0 0 0 0 0 0 0 0 0 0 0 0 0 0 0 0 0 0 0 0 0 0 0 0 0 0 0 0 0 0 0 0 0 0 0 0 0 0 0 0 0 0 0 0 0 0 0 0 0 0 0 0 0 0 0 0 0 0 0 0 0 0 0 0 0 0 0 0 0 0 0 0 80 0 0 0 0 0 0 0 0 0 0 0 0 0 0 0 0 0 0 0 0 0 0 0 0 0 0 0 0 0 0 0 0 0 0 0 0 0 0 0 0 0 0 0 0 0 0 0 0 0 0 0 0 0 0 0 
0 0 0 0 0 0 0 0 0 0 0 0 0 0 0 0 0 0 0 0 0 0 0 0 0 0 0 0 0 0 0 0 0 0 0 0 0 0 0 0 0 0 0 0 0 0 0 0 0 0 0 0 0 0 0 0 0 0 0 0 0 0 0 0 0 0 0 0 0 0 0 0 0 0 0 0 0 0 0 0 0 0 0 0 0 0 0 0 0 0 0 0 0 0 0 0 0 0 0 0 0 0 0 0 0 0 0 0 0 0 0 0 0 0 0 0 0 0 0 0 0 0 0 0 0 0 0 0 0 0 0 0 0 0 0 0 0 0 0 0 0 0 0 0 0 0 0 0 0 0 0 0 0 0 0 0 0 0 0 0 0 0 0 0 0 0 0 0 0 0 0 0 0 0 0 0 0 0 0 0 0 0 0 0 0 0 0 0 0 0 0 0 0 0 0 0 0 0 0 0 0 0 0 0 0 0 0 0 0 0 0 
26 0 0 0 0 0 0 0 0 0 0 0 0 0 0 0 0 0 0 0 0 0 0 80 0 0 0 0 0 0 16 0 0 0 0 0 0 0 0 0 0 0 0 0 0 0 0 0 0 0 0 0 0 0 0 0 0 0 0 0 0 0 0 0 0 0 0 0 0 0 0 0 0 0 0 0 0 0 0 0 0 0 0 106 0 0 0 0 0 0 0 0 0 0 0 0 0 0 0 0 0 0 0 0 0 0 0 0 0 0 0 0 0 0 0 0 0 106 0 0 0 0 0 0 0 0 0 0 0 0 0 0 0 0 0 0 0 0 0 0 0 0 0 0 0 0 0 0 0 0 0 0 0 0 0 172 0 0 0 0 0 0 0 0 0 0 0 0 0 0 0 40 0 0 0 0 0 0 0 0 51 57 0 0 0 0 0 0 0 0 0 0 0 0 0 0 64 0 0 0 0 0 0 0 0 0 16 0 0 0 0 
51 0 0 0 0 0 0 0 0 0 0 0 0 0 51 0 0 0 0 0 0 0 0 26 0 0 0 0 0 0 0 0 0 0 0 0 0 0 0 0 0 0 0 0 0 0 0 0 0 0 26 0 0 0 0 0 0 0 0 0 0 0 0 0 0 0 0 0 0 0 0 0 0 0 0 0 104 0 0 0 0 0 40 51 0 0 0 0 0 0 32 0 0 0 0 0 0 0 0 0 0 0 0 0 0 0 0 0 0 0 0 80 0 0 0 0 0 0 0 0 0 0 0 0 0 0 0 64 32 0 0 0 0 0 0 0 0 0 0 0 0 0 0 0 0 0 0 0 0 0 0 0 0 51 51 80 0 0 0 0 0 0 0 0 0 0 0 0 0 0 0 291 0 0 0 0 26 0 0 0 0 0 0 0 0 0 0 0 0 0 0 0 0 0 0 0 0 0 0 0 0 0 0 0 0 0 0 0 0 0 0 
305 0 0 0 34 0 0 0 0 0 0 0 0 0 40 0 0 0 0 0 0 0 0 406 40 80 0 0 0 0 141 0 0 0 0 0 0 0 0 143 0 0 0 0 0 0 0 0 0 64 0 0 0 0 0 0 0 20 0 0 96 0 0 0 0 0 0 0 0 0 0 0 0 0 0 0 0 83 0 0 0 0 26 242 0 0 0 0 0 144 412 0 0 0 441 140 0 0 0 0 64 0 51 0 167 0 0 0 0 0 26 0 0 0 0 0 0 167 0 0 0 51 0 0 32 0 16 0 234 0 0 0 0 0 0 0 0 0 0 0 0 0 0 0 0 155 0 0 274 51 0 0 0 20 228 600 0 0 100 0 0 0 47 0 0 0 0 0 0 0 0 1266 0 0 0 0 0 0 0 0 80 61 0 0 0 0 0 0 13 0 0 0 0 0 0 0 0 0 0 0 0 0 0 0 0 0 64 0 0 160 0 
0 0 0 0 0 0 0 0 0 0 0 0 0 0 0 0 0 0 0 0 0 0 0 0 0 0 0 0 0 0 0 0 0 0 0 0 0 0 0 0 0 0 0 0 0 0 0 0 0 0 0 0 0 0 0 0 0 0 0 0 0 0 0 0 0 0 0 0 0 0 0 0 0 0 0 0 0 0 0 0 0 0 0 0 0 0 0 0 0 0 0 0 0 0 0 0 0 0 0 0 0 0 0 0 0 0 0 0 0 0 0 0 0 0 0 0 0 0 0 0 0 0 0 0 0 0 0 0 0 0 0 0 0 0 0 0 0 0 0 0 0 0 0 0 0 0 0 0 0 0 0 0 0 0 0 0 0 0 0 0 0 0 0 0 0 0 0 0 0 0 0 0 0 0 0 0 0 0 0 0 0 0 0 0 0 0 0 0 0 0 0 0 0 0 0 0 0 0 0 0 0 0 0 0 0 0 0 0 0 0 0 
0 0 0 0 0 0 0 0 0 0 0 0 0 0 0 0 0 0 0 0 0 0 0 80 0 0 0 0 0 0 0 0 0 0 0 51 0 0 0 0 0 0 0 0 0 0 0 0 0 0 0 0 0 0 0 0 0 0 0 0 0 0 0 0 0 0 0 0 0 0 0 0 0 0 0 0 0 0 0 0 0 0 0 0 0 0 0 0 0 0 0 0 0 0 0 0 0 0 0 0 0 0 0 0 0 0 0 0 0 0 0 0 0 0 0 0 0 0 0 0 0 0 0 0 0 0 0 0 0 0 0 0 0 0 0 0 0 0 0 0 0 0 0 0 0 0 0 0 0 0 0 0 0 0 0 0 0 0 0 0 0 0 0 0 0 0 0 0 0 0 0 0 0 0 0 0 0 0 0 0 0 0 0 0 0 0 0 0 0 0 0 0 0 0 0 0 0 0 0 0 0 0 0 0 0 0 0 0 0 0 0 
1487 0 0 0 132 51 0 0 0 0 691 0 0 0 252 231 0 0 0 0 32 0 131 3129 51 58 0 0 0 64 3699 64 0 0 154 64 0 0 40 201 0 0 0 0 0 0 0 144 26 94 64 0 0 40 0 0 0 579 32 0 413 0 0 0 0 40 20 0 0 0 0 0 0 13 0 0 559 368 0 0 0 0 108 877 0 0 0 0 20 238 1354 13 0 0 51 26 0 0 200 20 80 0 173 0 747 93 51 0 0 0 26 248 0 0 0 0 32 1010 318 341 0 100 0 0 33 93 0 0 534 0 115 73 0 0 0 0 0 0 0 0 99 0 0 0 64 267 0 0 69 200 0 51 26 32 3480 3244 228 0 119 0 0 0 815 118 0 0 0 49 0 0 0 4322 0 233 32 0 0 0 53 0 492 283 51 0 0 0 0 0 94 0 941 0 0 0 0 0 13 0 64 0 0 0 0 0 0 598 383 0 0 98 0 
330 0 0 0 0 64 0 0 0 0 0 0 0 0 20 0 0 0 0 0 0 0 0 1068 20 0 0 0 0 0 238 0 0 0 106 40 0 0 0 26 0 0 0 0 0 0 0 0 172 0 0 0 0 0 0 0 0 79 0 0 0 0 0 0 0 49 0 0 0 0 0 0 0 0 0 0 323 32 0 0 0 0 67 499 0 0 0 0 0 64 445 0 0 0 0 140 0 0 32 26 0 0 100 0 64 0 158 0 0 0 0 0 0 0 0 0 0 1179 80 13 0 26 0 20 211 328 0 64 144 0 20 0 0 0 0 0 0 0 0 0 0 0 0 0 0 20 0 0 64 135 0 0 32 0 160 964 104 0 40 0 0 80 0 104 0 0 0 13 0 0 0 915 0 0 0 0 0 0 0 0 64 275 0 90 0 0 0 0 0 0 0 0 51 0 0 93 96 0 0 0 0 0 0 0 0 49 119 0 0 139 0 
0 0 0 0 0 0 0 0 0 0 0 0 0 0 0 0 0 0 0 0 0 0 0 0 0 0 0 0 0 0 0 0 0 0 0 0 0 0 0 0 0 0 0 0 0 0 0 0 0 0 0 0 0 0 0 0 0 0 0 0 0 0 0 0 0 0 0 0 0 0 0 0 0 0 0 0 0 0 0 0 0 0 0 0 0 0 0 0 0 0 64 0 0 0 0 0 0 0 0 0 0 0 0 0 0 0 0 0 0 0 0 0 0 0 0 0 0 0 0 0 0 0 0 0 0 0 0 0 0 0 0 0 0 0 0 0 0 0 0 0 0 0 0 0 0 0 0 0 0 0 0 0 0 0 0 0 0 0 0 0 0 0 0 0 0 0 0 0 0 0 0 0 0 0 0 0 0 0 0 0 0 0 0 0 0 0 0 0 0 0 0 0 0 0 0 0 0 0 0 0 0 0 0 0 0 0 0 0 0 0 0 
201 0 0 0 200 0 0 0 0 0 0 0 0 0 0 0 0 0 0 0 0 0 0 84 0 0 0 0 0 0 0 0 0 0 0 0 0 0 0 64 0 0 0 0 0 0 0 0 0 0 0 0 0 0 0 0 0 0 0 0 0 0 0 0 0 0 0 0 0 0 0 0 0 0 0 0 26 0 0 0 0 0 0 80 0 0 0 0 0 64 26 0 0 0 100 0 0 0 0 0 0 0 51 0 0 0 0 0 0 0 0 0 0 0 0 0 0 0 0 0 0 0 0 0 100 80 0 0 0 0 0 0 0 0 0 0 0 0 0 0 0 0 0 0 0 0 0 0 0 0 0 0 0 80 280 391 32 0 16 0 0 0 100 0 0 0 0 0 0 0 0 165 0 0 80 0 0 0 0 0 0 0 0 0 0 0 0 0 0 0 42 0 0 0 0 0 0 0 0 0 0 0 0 0 0 0 40 0 0 0 0 
932 0 0 0 0 0 0 0 0 0 0 0 0 0 20 0 0 0 0 0 0 0 180 84 0 40 0 0 0 0 425 0 0 0 26 0 0 0 0 0 0 0 0 0 0 0 0 0 0 0 0 0 0 0 0 0 0 0 0 0 0 0 0 0 0 0 0 0 0 0 0 0 0 0 0 0 20 0 0 0 0 0 0 97 0 0 0 0 0 0 136 0 0 0 0 26 0 0 0 0 0 0 0 0 0 0 0 0 0 0 0 32 0 0 0 0 0 84 0 16 0 13 0 0 0 0 0 0 0 0 53 0 0 0 0 0 0 0 0 0 0 0 0 0 0 0 0 0 0 0 0 0 0 0 192 258 0 0 0 0 0 0 0 51 0 0 0 0 0 0 0 245 0 51 0 0 0 0 0 0 0 58 16 0 0 0 0 0 0 0 0 0 0 0 0 0 16 0 0 0 0 0 0 0 0 32 16 0 0 115 0 
206 0 0 0 0 0 0 0 0 0 0 0 0 0 0 0 0 0 0 0 0 0 0 176 0 0 0 0 0 0 16 0 0 0 0 0 0 0 26 64 0 0 0 0 0 0 0 0 64 0 80 0 0 0 0 0 0 0 0 0 0 0 0 0 0 0 0 0 0 0 0 0 0 0 0 0 224 0 0 0 0 0 0 212 0 0 0 0 0 26 0 0 0 0 0 0 0 0 0 0 0 0 13 0 0 0 0 0 0 0 0 0 0 0 0 0 0 20 0 0 0 64 0 0 0 80 0 0 0 0 0 0 0 0 0 0 0 0 0 0 0 0 0 0 0 0 0 0 40 0 0 0 0 0 16 153 32 0 0 0 0 0 20 0 0 0 40 0 0 0 0 100 0 0 0 0 0 0 0 0 40 0 0 0 0 0 0 0 0 0 64 0 0 0 0 0 0 0 0 0 0 0 0 0 0 0 0 0 0 80 0 
2538 0 0 0 243 0 0 0 0 40 139 0 0 0 576 64 0 0 0 0 16 0 99 3383 26 700 0 0 0 13 605 0 0 0 512 75 0 0 176 116 64 0 0 0 0 40 0 200 138 376 197 0 0 51 0 0 0 1477 51 0 311 0 0 67 0 186 51 0 0 0 0 0 0 26 0 0 849 143 0 0 0 20 745 1918 0 0 0 0 0 58 4074 0 0 0 322 581 0 0 0 131 677 0 202 100 169 1038 40 80 0 0 0 310 0 0 0 0 0 1692 105 144 0 146 0 20 228 234 80 164 508 20 274 251 0 0 0 0 0 0 0 0 127 0 0 0 80 948 0 0 655 258 13 165 165 179 1893 7624 445 141 353 0 0 0 2264 387 0 112 231 51 0 0 0 4046 0 242 47 0 26 0 46 0 443 478 40 0 0 0 0 0 531 20 536 40 26 0 39 0 453 0 0 0 64 0 0 0 0 1152 396 0 0 3643 0 
7347 0 0 0 722 285 0 0 0 199 445 16 0 0 1932 937 0 0 0 0 173 0 474 27395 287 226 0 0 0 854 3725 0 0 0 1963 756 0 0 320 899 416 96 0 0 0 205 83 152 363 1374 298 0 0 369 0 0 0 672 0 0 2591 0 64 271 0 90 47 0 0 0 0 0 0 404 0 201 1880 1613 0 0 0 64 582 6358 32 30 0 0 0 1970 6538 154 93 0 204 2277 0 0 61 40 134 0 640 120 514 143 347 0 0 0 1140 239 0 0 0 0 80 18789 1115 2351 30 1525 0 451 908 3931 0 281 2654 195 1050 846 0 0 0 0 0 0 0 0 556 0 0 93 0 728 0 51 2875 523 26 73 348 64 4569 26752 1397 131 2153 0 0 121 1953 921 0 101 121 344 0 0 160 9280 0 980 352 0 40 0 448 0 2397 2776 205 322 0 0 0 0 402 0 1070 0 1668 0 0 13 3329 0 763 0 269 0 77 0 0 1193 3989 42 84 2024 0 
670 0 0 0 264 0 0 0 0 0 20 80 0 0 664 113 0 0 0 0 0 0 192 1655 0 180 0 0 0 0 257 0 0 0 176 0 0 0 100 51 0 0 0 0 0 0 0 0 51 251 0 0 0 96 0 0 0 26 0 0 640 0 26 32 0 0 0 0 0 0 0 0 0 80 0 0 136 0 0 0 0 0 113 1078 0 0 0 0 0 200 131 0 0 0 0 106 0 0 0 40 80 0 83 0 0 32 128 0 0 0 64 0 0 0 0 0 0 447 0 133 0 144 0 0 164 13 0 0 369 0 40 0 0 0 0 0 0 0 0 0 0 0 0 0 0 13 0 0 51 96 0 0 32 0 501 1416 446 0 174 0 0 51 704 0 0 0 80 0 0 0 0 1832 0 0 0 0 0 0 26 0 663 137 0 0 80 0 0 0 51 0 231 0 0 0 0 0 117 0 16 0 64 0 0 0 0 152 529 0 100 160 0 
0 0 0 0 0 0 0 0 0 0 0 0 0 0 0 0 0 0 0 0 0 0 0 32 0 0 0 0 0 0 0 0 0 0 0 0 0 0 0 0 0 0 0 0 0 0 0 0 0 0 0 0 0 0 0 0 0 0 0 0 0 0 0 0 0 0 0 0 0 0 0 0 0 0 0 0 0 140 0 0 0 0 0 0 0 0 0 0 0 0 0 0 0 0 0 0 0 0 0 0 0 0 0 0 0 0 0 0 0 0 0 0 0 0 0 0 0 20 0 0 0 0 0 0 0 0 0 0 0 0 0 0 0 0 0 0 0 0 0 0 0 0 0 0 0 0 0 0 0 0 0 0 0 0 0 49 0 0 0 0 0 0 0 0 0 0 0 0 0 0 0 64 0 0 0 0 0 0 0 0 64 0 0 0 0 0 0 0 0 0 0 0 0 0 0 0 0 0 0 0 0 0 0 0 0 0 0 0 0 0 0 
2118 0 0 0 72 0 0 0 0 26 418 0 0 0 142 144 0 0 0 0 0 0 128 1717 104 148 0 0 0 224 619 0 0 0 213 49 16 0 0 32 0 0 0 0 0 0 20 80 0 164 451 0 0 0 0 0 0 334 0 0 610 0 0 0 0 32 40 0 0 0 0 0 0 0 0 0 239 194 0 0 0 0 306 1203 0 0 0 0 0 249 2403 46 0 0 135 357 0 0 0 0 51 0 270 0 72 387 20 0 0 0 209 0 0 0 0 0 0 851 157 556 120 371 0 40 39 113 0 51 520 0 166 0 0 0 0 0 0 0 0 0 64 0 0 0 0 196 0 0 168 115 0 81 0 26 1021 3664 100 0 13 0 0 0 838 115 0 0 67 61 0 0 26 2323 0 46 77 0 0 0 64 0 647 554 0 80 0 0 0 0 180 0 337 0 40 0 0 64 155 0 0 0 0 0 0 0 0 357 456 0 0 1311 0 
0 0 0 0 0 0 0 0 0 0 0 0 0 0 0 0 0 0 0 0 0 0 0 0 0 0 0 0 0 0 0 0 0 0 0 0 0 0 0 0 0 0 0 0 0 0 0 0 0 0 0 0 0 0 0 0 0 0 0 0 0 0 0 0 0 0 0 0 0 0 0 0 0 0 0 0 0 0 0 0 0 0 0 0 0 0 0 0 0 0 0 0 0 0 0 0 0 0 0 0 0 0 0 0 0 0 0 0 0 0 0 0 0 0 0 0 0 0 0 0 0 0 0 0 0 0 0 0 0 0 0 0 0 0 0 0 0 0 0 0 0 0 0 0 0 0 0 0 0 0 0 0 0 0 0 0 0 0 0 0 0 0 0 0 0 0 0 0 0 0 0 0 0 0 0 0 0 0 0 0 0 0 0 0 0 0 0 0 0 0 0 0 0 0 0 0 0 0 0 0 0 0 0 0 0 0 0 0 0 0 0 
0 0 0 0 0 0 0 0 0 0 0 0 0 0 0 0 0 0 0 0 0 0 0 90 0 0 0 0 0 0 0 0 0 0 0 0 0 0 0 0 0 0 0 0 0 0 0 0 0 0 0 0 0 0 0 0 0 0 0 0 64 0 0 0 0 0 0 0 0 0 0 0 0 0 0 0 0 0 0 0 0 0 0 0 0 0 0 0 0 0 0 0 0 0 0 0 0 0 0 0 0 0 0 0 0 0 0 0 0 0 0 0 0 0 0 0 0 16 0 0 0 13 0 0 0 0 0 0 0 0 0 0 0 0 0 0 0 0 0 0 0 0 0 0 0 0 0 0 0 26 0 0 0 0 0 81 0 0 20 0 0 0 0 80 0 0 0 0 0 0 0 100 0 0 0 0 0 0 51 0 0 51 0 0 0 0 0 0 0 0 0 0 0 0 0 0 0 0 0 0 0 0 0 0 0 0 16 0 0 0 0 
75 0 0 0 0 0 0 0 0 0 0 0 0 0 64 0 0 0 0 0 16 0 0 191 0 0 0 0 0 0 0 0 0 0 0 16 0 0 0 0 0 0 0 0 0 0 0 0 0 0 0 0 0 0 0 0 0 0 0 0 0 0 0 0 0 0 0 0 0 0 0 0 0 0 0 0 0 0 0 0 0 0 0 120 0 0 0 0 0 100 0 0 0 0 0 100 0 0 20 0 0 0 0 0 0 64 0 0 0 0 0 0 0 0 0 0 0 106 0 40 0 0 0 0 0 0 0 0 0 0 0 0 0 0 0 0 0 0 0 0 0 0 0 0 0 0 0 0 0 0 0 0 0 26 0 110 0 0 0 0 0 0 0 0 0 0 0 0 0 0 0 81 0 0 0 0 0 0 0 0 0 0 0 0 0 0 0 0 0 0 0 0 0 0 0 0 0 0 0 0 0 0 0 0 0 32 0 0 0 0 0 
1113 0 0 0 225 64 0 0 100 0 144 0 0 0 456 537 0 0 0 0 162 0 51 2151 96 236 0 0 0 0 108 0 0 0 492 310 0 0 0 168 20 0 80 0 0 20 26 100 90 353 20 0 0 51 0 0 0 400 64 0 394 0 0 32 0 0 0 0 0 0 0 0 0 40 0 0 121 218 0 0 0 51 353 1044 0 64 0 0 0 364 1375 49 0 40 208 228 0 0 0 100 300 0 224 0 83 100 208 0 0 0 26 80 0 0 0 0 0 814 120 347 0 179 0 0 192 13 234 0 644 0 83 0 0 0 0 0 0 0 0 0 0 0 0 0 0 551 0 0 342 270 0 64 40 51 342 3422 155 32 167 0 0 0 654 233 0 0 80 0 0 0 32 3205 0 64 0 0 0 0 26 0 282 205 0 0 0 0 0 0 154 0 114 0 114 0 0 0 20 0 0 0 0 0 0 0 0 126 540 0 0 1237 0 
283 0 0 0 106 0 0 0 0 0 26 32 0 0 77 112 0 0 0 0 0 0 180 1292 0 0 0 0 0 0 202 0 0 0 250 0 0 0 0 32 0 0 0 0 0 0 0 0 195 0 0 0 0 0 0 0 0 80 0 0 164 0 0 26 0 0 0 0 0 0 0 0 0 0 0 0 255 77 0 0 0 64 67 331 0 0 0 0 0 0 221 0 0 0 64 20 0 0 0 80 0 0 119 0 244 0 0 0 0 0 20 16 0 0 0 0 0 739 32 225 0 142 0 0 26 0 0 0 131 0 40 0 0 0 0 0 0 0 0 0 32 0 0 0 0 0 0 0 116 13 0 32 0 80 427 1627 64 0 32 0 0 0 244 0 0 0 20 47 0 0 0 1190 0 118 0 0 0 0 32 0 147 119 0 40 0 0 0 0 0 0 223 0 32 0 0 0 137 0 0 0 40 0 0 0 0 0 280 0 0 215 0 
0 0 0 0 0 0 0 0 0 0 0 0 0 0 0 0 0 0 0 0 0 0 0 0 0 0 0 0 0 0 0 0 0 0 0 0 0 0 0 0 0 0 0 0 0 0 0 0 0 0 0 0 0 0 0 0 0 0 0 0 0 0 0 0 0 0 0 0 0 0 0 0 0 0 0 0 0 0 0 0 0 0 0 0 0 0 0 0 0 0 0 0 0 0 0 0 0 0 0 0 0 0 0 0 0 0 0 0 0 0 0 0 0 0 0 0 0 0 0 0 0 0 0 0 0 0 0 0 0 0 0 0 0 0 0 0 0 0 0 0 0 0 0 0 0 0 0 0 0 0 0 0 0 0 0 0 0 0 0 0 0 0 0 0 0 0 0 0 0 0 0 0 0 0 0 0 0 0 0 0 0 0 0 0 0 0 0 0 0 0 0 0 0 0 0 0 0 0 0 0 0 0 0 0 0 0 0 0 0 0 0 
0 0 0 0 0 0 0 0 0 0 0 0 0 0 13 26 0 0 0 0 0 0 0 0 0 0 0 0 0 0 32 0 0 0 0 0 0 0 0 0 0 0 0 0 0 0 0 0 0 34 0 0 0 0 0 0 0 0 0 0 0 0 0 0 0 0 0 0 0 0 0 0 0 0 0 0 0 0 0 0 0 0 0 67 0 0 0 0 0 0 0 0 0 0 0 0 0 0 0 0 0 0 0 0 0 0 0 0 0 0 0 0 0 0 0 0 0 80 0 0 0 0 0 0 0 0 0 0 0 0 0 0 0 0 0 0 0 0 0 0 0 0 0 0 0 0 0 0 40 0 0 0 0 0 200 121 16 40 0 0 0 0 64 0 0 0 0 0 0 0 0 157 0 0 0 0 0 0 0 0 0 0 0 0 0 0 0 0 0 0 0 0 0 0 0 0 120 0 0 0 0 0 0 0 0 0 0 0 0 0 0 
312 0 0 0 13 0 0 0 0 0 0 0 0 0 0 0 0 0 0 0 0 0 0 133 0 40 0 0 0 0 100 0 0 0 0 0 0 0 0 0 0 0 0 0 0 0 0 0 0 100 80 0 0 0 0 0 0 16 0 0 40 0 0 0 0 0 0 0 0 0 0 0 0 0 0 0 26 0 0 0 0 0 26 164 0 0 0 0 0 0 320 0 0 0 0 102 0 0 0 0 0 0 0 0 0 42 0 0 0 0 16 13 0 0 0 0 0 32 0 32 0 26 0 0 0 0 0 0 0 0 0 0 0 0 0 0 0 0 0 0 0 0 0 0 0 0 0 0 32 0 0 0 0 0 159 357 0 0 0 0 0 0 146 80 0 0 0 13 0 0 0 53 0 0 0 0 0 0 0 0 0 0 0 0 0 0 0 0 94 0 40 0 0 0 0 0 0 0 0 0 0 0 0 0 0 0 0 0 0 106 0 
100 0 0 0 0 0 0 0 0 0 0 0 0 0 222 0 0 0 0 0 0 0 0 405 0 80 0 0 0 0 0 0 0 0 0 32 0 0 0 0 0 0 0 0 0 26 0 0 0 32 0 0 0 0 0 0 0 0 0 0 0 0 0 0 0 0 0 0 0 0 0 0 0 0 0 0 26 0 0 0 0 0 0 0 0 0 0 0 0 64 51 0 0 0 0 0 0 0 0 0 0 0 0 0 0 51 0 0 0 0 0 0 0 0 0 0 0 135 13 16 0 0 0 0 0 0 0 0 0 32 0 0 0 0 0 0 0 0 0 0 0 0 0 0 0 0 0 0 0 0 0 0 0 0 37 1417 40 0 0 0 0 0 0 0 0 0 0 0 0 0 0 144 0 0 20 0 0 0 0 0 80 40 0 0 0 0 0 0 0 0 0 0 0 0 0 0 64 0 0 0 0 0 0 0 0 0 90 0 0 80 0 
0 0 0 0 0 0 0 0 0 0 0 0 0 0 0 0 0 0 0 0 0 0 0 0 0 0 0 0 0 0 0 0 0 0 0 0 0 0 0 0 0 0 0 0 0 0 0 0 0 0 0 0 0 0 0 0 0 0 0 0 0 0 0 0 0 0 0 0 0 0 0 0 0 0 0 0 0 0 0 0 0 0 0 0 0 0 0 0 0 0 0 0 0 0 0 0 0 0 0 0 0 0 0 0 0 0 0 0 0 0 0 0 0 0 0 0 0 0 0 0 0 0 0 0 0 0 0 0 0 0 0 0 0 0 0 0 0 0 0 0 0 0 0 0 0 0 0 0 0 0 0 0 0 0 0 0 0 0 0 0 0 0 0 0 0 0 0 0 0 0 0 0 0 0 0 0 0 0 0 0 0 0 0 0 0 0 0 0 0 0 0 0 0 0 0 0 0 0 0 0 0 0 0 0 0 0 0 0 0 0 0 
0 0 0 0 0 0 0 0 0 0 0 0 0 0 0 0 0 0 0 0 0 0 0 0 0 0 0 0 0 0 0 0 0 0 0 0 0 0 0 0 0 0 0 0 0 0 0 0 0 0 0 0 0 0 0 0 0 0 0 0 0 0 0 0 0 0 0 0 0 0 0 0 0 0 0 0 0 0 0 0 0 0 0 0 0 0 0 0 0 0 0 0 0 0 0 0 0 0 0 0 0 0 0 0 0 0 0 0 0 0 0 0 0 0 0 0 0 0 0 0 0 0 0 0 0 0 0 0 0 0 0 0 0 0 0 0 0 0 0 0 0 0 0 0 0 0 0 0 0 0 0 0 0 0 0 0 0 0 0 0 0 0 0 0 0 0 0 0 0 0 0 0 0 0 0 0 0 0 0 0 0 0 0 0 0 0 0 0 0 0 0 0 0 0 0 0 0 0 0 0 0 0 0 0 0 0 0 0 0 0 0 
0 0 0 0 0 0 0 0 0 0 0 0 0 0 0 0 0 0 0 0 0 0 0 0 0 0 0 0 0 0 0 0 0 0 0 0 0 0 0 0 0 0 0 0 0 0 0 0 0 64 0 0 0 0 0 0 0 0 0 0 0 0 0 0 0 0 0 0 0 0 0 0 0 0 0 0 0 0 0 0 0 0 0 51 0 0 0 0 0 0 232 40 0 0 0 0 0 0 0 0 0 0 0 0 0 0 0 0 0 0 0 0 0 0 0 0 0 51 0 0 0 0 0 0 0 0 0 0 0 0 0 0 0 0 0 0 0 0 0 0 0 0 0 0 0 0 0 0 0 0 0 0 0 0 0 0 0 0 0 0 0 0 100 0 0 0 0 0 0 0 0 102 0 0 0 0 0 0 0 0 0 0 0 0 0 0 0 0 0 0 0 0 0 0 0 0 0 0 0 0 0 0 0 0 0 0 0 0 0 0 0 
6293 0 0 0 973 0 0 0 0 275 260 0 0 0 1588 643 0 0 0 0 195 0 321 11493 260 854 0 0 0 0 2143 0 0 0 1036 818 0 0 200 477 20 0 0 0 0 0 0 16 551 756 137 0 0 37 0 0 0 334 0 0 1237 0 0 49 0 34 157 0 0 0 0 0 0 20 0 0 1851 784 0 0 0 0 543 3735 0 100 0 0 80 567 6098 151 26 0 151 502 0 0 64 103 135 0 259 16 349 298 284 46 0 0 319 197 0 51 0 20 0 4269 484 1044 209 1073 0 0 803 582 32 158 1531 80 396 186 0 0 0 0 0 0 0 0 167 100 0 96 51 337 0 0 2010 1098 0 160 468 185 3332 23285 1779 116 555 0 0 257 1150 897 0 0 0 195 0 0 0 7303 0 373 0 0 0 0 197 0 1488 945 332 20 13 0 0 0 1216 0 523 0 743 0 51 180 527 0 263 0 42 0 100 0 0 465 2048 0 134 748 0 
0 0 0 0 0 0 0 0 0 0 0 0 0 0 0 0 0 0 0 0 0 0 0 0 0 0 0 0 0 0 0 0 0 0 0 0 0 0 0 0 0 0 0 0 0 0 0 0 0 0 0 0 0 0 0 0 0 0 0 0 0 0 0 0 0 0 0 0 0 0 0 0 0 0 0 0 0 0 0 0 0 0 0 0 0 0 0 0 0 0 0 0 0 0 0 0 0 0 0 0 0 0 0 0 0 0 0 0 0 0 0 0 0 0 0 0 0 0 0 0 0 0 0 0 0 0 0 0 0 0 0 0 0 0 0 0 0 0 0 0 0 0 0 0 0 0 0 0 0 0 0 0 0 0 0 0 0 0 0 0 0 0 0 0 0 0 0 0 0 0 0 0 0 0 0 0 0 0 0 0 0 0 0 0 0 0 0 0 0 0 0 0 0 0 0 0 0 0 0 0 0 0 0 0 0 0 0 0 0 0 0 
283 0 0 0 0 0 0 0 0 0 0 0 0 0 0 20 0 0 0 0 0 0 0 1009 0 0 0 0 0 0 323 0 0 0 280 0 0 0 0 32 26 0 0 0 0 0 0 0 0 51 16 0 0 0 0 0 0 20 0 0 26 0 0 0 0 0 0 0 0 0 0 0 0 51 0 32 112 16 0 0 0 0 64 53 0 0 0 0 0 0 219 0 0 0 0 144 0 0 0 0 0 0 0 0 0 0 26 0 0 0 0 0 0 0 0 0 64 216 40 0 0 0 0 0 51 0 0 0 77 0 120 0 0 0 0 0 0 0 0 0 26 0 0 0 0 0 0 0 64 0 0 0 67 0 281 3305 26 0 102 0 0 0 51 0 0 20 0 0 0 0 0 378 0 0 0 0 0 0 0 0 0 0 0 0 0 0 0 0 0 0 0 0 0 0 0 0 164 0 26 0 64 0 0 0 0 57 170 0 0 34 0 
80 0 0 0 0 0 0 0 0 0 0 0 0 0 0 0 0 0 0 0 0 0 0 506 0 26 0 0 0 0 0 0 0 0 13 0 0 0 0 51 13 0 0 0 0 0 0 0 0 40 0 0 0 0 0 0 0 0 0 0 57 0 0 0 0 0 0 0 0 0 0 0 0 0 0 0 0 0 0 0 0 0 0 107 0 0 0 0 0 26 172 0 0 0 0 0 0 0 0 0 0 0 32 0 0 0 64 0 0 0 0 13 0 0 0 0 0 293 0 0 0 0 0 0 0 0 0 0 16 0 0 0 0 0 0 0 0 0 0 0 0 0 0 0 0 0 0 0 16 200 0 0 51 0 0 1688 0 0 0 0 0 0 0 100 0 0 0 0 0 0 0 40 0 20 0 0 0 0 0 0 32 0 0 0 0 0 0 0 0 0 0 0 0 0 0 0 40 0 0 0 0 0 0 0 0 0 16 0 0 72 0 
0 0 0 0 0 0 0 0 0 0 0 0 0 0 0 0 0 0 0 0 0 0 0 0 0 0 0 0 0 0 0 0 0 0 0 0 0 0 0 0 0 0 0 0 0 0 0 0 0 0 0 0 0 0 0 0 0 0 0 0 0 0 0 0 0 0 0 0 0 0 0 0 0 0 0 0 0 0 0 0 0 0 0 0 0 0 0 0 0 0 0 0 0 0 0 0 0 0 0 0 0 0 0 0 0 0 0 0 0 0 0 0 0 0 0 0 0 0 0 0 0 0 0 0 0 0 0 0 0 0 0 0 0 0 0 0 0 0 0 0 0 0 0 0 0 0 0 0 0 0 0 0 0 0 0 0 0 0 0 0 0 0 0 0 0 0 0 0 0 0 0 0 0 0 0 0 0 0 0 0 0 0 0 0 0 0 0 0 0 0 0 0 0 0 0 0 0 0 0 0 0 0 0 0 0 0 0 0 0 0 0 
64 0 0 0 0 0 0 0 0 0 0 0 0 0 0 0 0 0 0 0 0 0 0 64 0 0 0 0 0 0 0 0 0 0 0 0 0 0 0 0 0 0 0 0 0 0 0 0 0 0 0 0 0 0 0 0 0 0 0 0 0 0 0 0 0 0 0 0 0 0 0 0 0 0 0 0 0 0 0 0 0 0 0 0 0 0 0 0 0 0 51 0 0 0 0 0 0 0 0 0 0 0 0 0 0 0 0 0 0 0 0 0 0 0 0 0 0 0 0 0 0 0 0 0 0 0 0 0 0 0 0 0 0 0 0 0 0 0 0 0 0 0 0 0 0 0 0 0 0 0 0 0 0 0 0 40 0 0 0 0 0 0 0 0 0 0 0 0 0 0 0 126 0 0 0 0 0 0 0 0 0 0 0 0 0 0 0 0 64 0 0 0 0 0 0 0 0 0 0 0 0 0 0 0 0 0 0 0 0 0 0 
0 0 0 0 0 0 0 0 0 0 0 0 0 0 0 0 0 0 0 0 0 0 0 0 0 0 0 0 0 0 0 0 0 0 0 0 0 0 0 0 0 0 0 0 0 0 0 0 0 0 0 0 0 0 0 0 0 0 0 0 0 0 0 0 0 0 0 0 0 0 0 0 0 0 0 0 0 0 0 0 0 0 0 0 0 0 0 0 0 0 0 0 0 0 0 0 0 0 0 0 0 0 0 0 0 0 0 0 0 0 0 0 0 0 0 0 0 0 0 0 0 0 0 0 0 0 0 0 0 0 0 0 0 0 0 0 0 0 0 0 0 0 0 0 0 0 0 0 0 0 0 0 0 0 0 0 0 0 0 0 0 0 0 0 0 0 0 0 0 0 0 0 0 0 0 0 0 0 0 0 0 0 0 0 0 0 0 0 0 0 0 0 0 0 0 0 0 0 0 0 0 0 0 0 0 0 0 0 0 0 0 
53 0 0 0 0 0 0 0 0 0 0 0 0 0 0 64 0 0 0 0 0 0 0 96 0 0 0 0 0 26 144 0 0 0 200 0 0 0 0 0 0 0 0 0 0 0 0 0 0 0 0 0 0 0 0 0 0 0 16 0 0 0 0 0 0 0 0 0 0 0 0 0 0 26 0 0 0 51 0 0 0 0 0 0 0 0 0 0 0 0 220 0 0 0 0 0 0 0 0 0 0 0 0 0 0 0 51 0 0 0 100 0 0 0 0 0 0 100 0 0 0 40 0 0 0 0 0 0 0 0 0 0 0 0 0 0 0 0 0 0 0 0 0 0 0 0 0 0 64 64 0 0 0 0 104 223 0 0 77 0 0 0 232 0 0 0 0 0 0 0 0 166 0 0 0 0 0 0 0 0 13 0 0 0 0 0 0 0 0 0 0 0 0 0 0 0 0 0 0 0 0 0 0 0 0 0 16 40 0 42 0 
0 0 0 0 0 0 0 0 0 0 0 0 0 0 0 0 0 0 0 0 0 0 0 0 0 0 0 0 0 0 0 0 0 0 0 0 0 0 0 0 0 0 0 0 0 0 0 0 0 0 0 0 0 0 0 0 0 0 0 0 0 0 0 0 0 0 0 0 0 0 0 0 0 0 0 0 0 0 0 0 0 0 0 0 0 0 0 0 0 0 0 0 0 0 0 0 0 0 0 0 0 0 0 0 0 0 0 0 0 0 0 0 0 0 0 0 0 0 0 0 0 0 0 0 0 0 0 0 0 0 0 0 0 0 0 0 0 0 0 0 0 0 0 0 0 0 0 0 0 0 0 0 0 0 0 0 0 0 0 0 0 0 0 0 0 0 0 0 0 0 0 0 0 0 0 0 0 0 0 0 0 0 0 0 0 0 0 0 0 0 0 0 0 0 0 0 0 0 0 0 0 0 0 0 0 0 0 0 0 0 0 
1501 0 0 0 26 0 0 0 0 0 195 100 0 0 547 64 0 0 0 0 0 0 200 5370 0 0 0 0 0 112 347 0 0 0 641 33 0 0 0 0 51 0 0 0 0 100 0 0 120 265 57 0 0 16 0 13 0 32 0 0 410 0 0 0 0 0 0 0 0 0 0 0 0 26 0 0 231 568 0 0 0 0 132 1130 0 0 0 0 0 683 656 114 0 0 120 227 0 0 0 0 0 0 40 0 80 0 120 0 0 0 0 0 0 0 0 0 0 745 40 587 80 229 0 90 37 80 0 46 237 26 126 0 0 0 0 0 26 0 0 0 64 0 0 0 0 20 0 0 178 190 0 16 40 0 649 5427 243 0 183 0 0 80 233 0 0 0 0 100 0 0 0 2145 0 399 16 0 0 0 20 0 30 359 0 0 0 0 0 0 153 0 200 0 0 0 0 0 54 0 47 0 0 0 0 0 0 0 1083 0 40 26 0 
1782 0 0 0 20 40 0 0 0 54 0 0 0 0 271 39 0 0 0 0 0 0 0 3182 200 0 0 0 0 0 276 0 0 0 138 67 0 0 0 80 32 0 0 0 0 64 0 113 26 90 26 0 0 34 0 0 0 13 0 0 16 0 0 67 0 0 64 0 0 0 0 0 0 0 0 0 182 112 0 0 0 0 57 451 0 0 0 0 0 39 2298 300 164 0 80 178 0 0 32 0 0 0 131 0 0 0 103 0 0 0 32 20 0 0 0 0 0 1311 0 372 0 362 0 106 64 200 0 102 187 0 58 80 0 0 0 0 0 0 0 0 16 0 0 0 0 0 0 0 267 100 0 0 0 0 285 8392 192 0 276 0 0 0 83 100 0 13 80 0 0 0 0 582 0 160 80 0 0 0 81 0 136 172 0 0 0 0 0 0 40 0 0 0 53 0 0 0 544 0 64 0 13 0 0 0 0 26 469 0 0 229 0 
331 0 0 0 0 0 0 0 0 0 0 0 0 0 0 0 0 0 0 0 0 0 0 131 0 13 0 0 0 0 0 0 0 0 13 0 0 0 0 0 0 0 0 0 0 0 0 0 0 0 0 0 0 0 0 0 0 0 0 0 0 0 0 0 0 0 0 0 0 0 0 0 0 0 0 0 40 0 0 0 0 0 0 276 0 0 0 0 0 0 13 0 0 0 0 40 0 0 64 0 0 0 0 0 0 26 0 0 0 0 0 100 0 0 0 0 0 0 0 0 0 0 0 0 0 0 0 80 0 0 0 0 0 0 0 0 0 0 0 0 0 0 0 0 0 0 0 0 0 80 0 0 0 0 90 488 0 0 0 0 0 0 0 0 0 0 0 0 0 0 0 200 0 0 0 0 0 0 0 0 0 0 0 0 0 0 0 0 80 0 0 0 100 0 0 0 0 0 0 0 0 0 0 0 0 51 26 0 0 26 0 
26 0 0 0 0 0 0 0 0 0 0 0 0 0 64 0 0 0 0 0 0 0 0 164 0 0 0 0 0 0 20 0 0 0 0 0 0 0 0 20 0 0 0 0 0 0 0 0 0 0 0 0 0 0 0 0 0 0 0 0 0 0 0 0 0 0 0 0 0 0 0 0 0 0 0 0 220 40 0 0 0 0 0 64 0 0 0 0 0 0 132 0 0 0 0 20 0 0 0 0 0 0 0 0 0 0 0 0 0 0 0 0 0 0 0 0 0 51 0 0 0 0 0 0 0 0 0 0 0 0 0 0 0 0 0 0 0 0 0 0 0 80 0 0 0 0 0 0 26 64 0 0 0 0 40 185 0 0 0 0 0 0 0 0 0 0 0 0 0 0 0 706 0 0 0 0 0 0 0 0 51 39 0 0 0 0 0 0 0 0 64 0 0 0 0 0 0 0 0 0 0 0 0 0 0 0 40 0 0 0 0 
0 0 0 0 0 0 0 0 0 0 0 0 0 0 0 0 0 0 0 0 0 0 0 20 0 0 0 0 0 0 0 0 0 0 13 0 0 0 0 0 0 0 0 0 0 0 0 0 0 40 0 0 0 0 0 0 0 0 0 0 0 0 0 0 0 0 0 0 0 0 0 0 0 0 0 0 0 0 0 0 0 0 0 0 0 0 0 0 0 0 51 0 0 0 0 0 0 0 0 0 0 0 0 0 0 0 0 0 0 0 0 0 0 0 0 0 0 0 0 0 0 0 0 0 0 0 0 0 0 0 0 0 0 0 0 0 0 0 0 0 0 0 0 0 0 0 0 0 0 0 0 0 0 0 0 0 0 0 0 0 0 0 0 0 0 0 0 0 0 0 0 80 0 0 0 0 0 0 0 0 0 0 0 0 0 0 0 0 0 0 0 0 0 0 0 0 0 0 0 0 0 0 0 0 0 0 0 0 0 0 0 
0 0 0 0 0 0 0 0 0 0 0 0 0 0 0 0 0 0 0 0 0 0 0 0 0 0 0 0 0 0 0 0 0 0 0 0 0 0 0 0 0 0 0 0 0 0 0 0 0 0 0 0 0 0 0 0 0 0 0 0 0 0 0 0 0 0 0 0 0 0 0 0 0 0 0 0 0 0 0 0 0 0 0 0 0 0 0 0 0 0 0 0 0 0 0 0 0 0 0 0 0 0 0 0 0 0 0 0 0 0 0 0 0 0 0 0 0 0 0 0 0 0 0 0 0 0 0 0 0 0 0 0 0 0 0 0 0 0 0 0 0 0 0 0 0 0 0 0 0 0 0 0 0 0 0 0 0 0 0 0 0 0 0 0 0 0 0 0 0 0 0 0 0 0 0 0 0 0 0 0 0 0 0 0 0 0 0 0 0 0 0 0 0 0 0 0 0 0 0 0 0 0 0 0 0 0 0 0 0 0 0 
0 0 0 0 0 0 0 0 0 0 0 0 0 0 0 0 0 0 0 0 0 0 0 0 0 0 0 0 0 0 0 0 0 0 0 0 0 0 0 0 0 0 0 0 0 0 0 0 0 0 0 0 0 0 0 0 0 0 0 0 0 0 0 0 0 0 0 0 0 0 0 0 0 0 0 0 0 0 0 0 0 0 0 0 0 0 0 0 0 0 0 0 0 0 0 0 0 0 0 0 0 0 0 0 0 0 0 0 0 0 0 0 0 0 0 0 0 0 0 0 0 0 0 0 0 0 0 0 0 0 0 0 0 0 0 0 0 0 0 0 0 0 0 0 0 0 0 0 0 0 0 0 0 0 0 0 0 0 0 0 0 0 0 0 0 0 0 0 0 0 0 0 0 0 0 0 0 0 0 0 0 0 0 0 0 0 0 0 0 0 0 0 0 0 0 0 0 0 0 0 0 0 0 0 0 0 0 0 0 0 0 
0 0 0 0 0 0 0 0 0 0 0 0 0 0 0 0 0 0 0 0 0 0 0 0 0 0 0 0 0 0 0 0 0 0 0 0 0 0 0 0 0 0 0 0 0 0 0 0 0 0 0 0 0 0 0 0 0 0 0 0 0 0 0 0 0 0 0 0 0 0 0 0 0 0 0 0 0 0 0 0 0 0 0 0 0 0 0 0 0 0 0 0 0 0 0 0 0 0 0 0 0 0 0 0 0 0 0 0 0 0 0 0 0 0 0 0 0 0 0 0 0 0 0 0 0 0 0 0 0 0 0 0 0 0 0 0 0 0 0 0 0 0 0 0 0 0 0 0 0 0 0 0 0 0 0 0 0 0 0 0 0 0 0 0 0 0 0 0 0 0 0 0 0 0 0 0 0 0 0 0 0 0 0 0 0 0 0 0 0 0 0 0 0 0 0 0 0 0 0 0 0 0 0 0 0 0 0 0 0 0 0 
883 0 0 0 81 0 0 0 0 20 0 0 0 0 80 0 0 0 0 0 0 0 0 356 16 51 0 0 0 0 16 0 0 0 0 0 0 0 136 64 0 0 0 0 0 0 0 0 0 414 380 0 0 0 0 0 0 260 0 0 0 0 64 0 0 51 0 0 0 0 0 0 0 0 0 0 379 0 0 0 0 0 51 211 0 0 0 0 0 32 1089 0 0 0 20 26 0 0 0 51 0 0 0 64 32 84 0 0 0 0 0 0 0 0 0 0 0 390 32 0 0 0 0 0 131 0 0 0 64 0 32 0 0 0 0 0 0 0 0 0 0 0 0 0 500 0 0 0 88 16 0 0 0 0 930 348 72 0 100 0 0 0 280 58 0 64 0 0 0 0 0 1003 0 26 0 0 0 0 0 0 0 0 0 0 0 0 0 0 40 0 40 0 0 0 0 0 0 0 0 0 0 0 0 0 0 440 58 0 0 238 0 
0 0 0 0 0 0 0 0 0 0 0 0 0 0 0 0 0 0 0 0 0 0 0 0 0 0 0 0 0 0 0 0 0 0 0 0 0 0 0 0 0 0 0 0 0 0 0 0 0 0 0 0 0 0 0 0 0 0 0 0 0 0 0 0 0 0 0 0 0 0 0 0 0 0 0 0 0 0 0 0 0 0 0 0 0 0 0 0 0 0 0 0 0 0 0 0 0 0 0 0 0 0 0 0 0 0 0 0 0 0 0 0 0 0 0 0 0 0 0 0 0 0 0 0 0 0 0 0 0 0 0 0 0 0 0 0 0 0 0 0 0 0 0 0 0 0 0 0 0 0 0 0 0 0 0 0 0 0 0 0 0 0 0 0 0 0 0 0 0 0 0 0 0 0 0 0 0 0 0 0 0 0 0 0 0 0 0 0 0 0 0 0 0 0 0 0 0 0 0 0 0 0 0 0 0 0 64 0 0 0 0 
467 0 0 0 32 0 0 0 0 104 241 0 0 0 280 37 0 0 0 0 0 0 16 937 0 92 0 0 0 0 65 0 0 0 477 118 0 0 0 30 0 0 0 0 0 0 0 0 13 83 0 0 0 0 0 0 0 20 0 0 165 0 0 0 0 0 0 0 0 0 0 0 0 0 0 0 80 34 0 0 0 0 80 714 0 0 0 0 32 192 1194 0 0 0 0 104 0 0 0 0 0 0 0 0 0 32 40 0 0 0 0 0 0 0 0 0 0 211 67 72 0 86 0 0 16 16 80 0 106 0 0 0 0 0 0 0 0 0 0 0 116 0 0 0 40 195 0 0 82 13 0 0 42 0 503 2354 118 0 41 0 0 0 1292 0 0 0 51 51 0 0 0 1315 0 40 0 0 0 0 0 0 323 37 64 0 0 0 0 0 341 0 0 0 32 0 0 40 30 0 0 0 0 0 0 0 0 73 281 100 0 201 0 
0 0 0 0 0 0 0 0 0 0 0 0 0 0 0 0 0 0 0 0 0 0 0 0 0 0 0 0 0 0 0 0 0 0 0 0 0 0 0 0 0 0 0 0 0 0 0 0 0 0 0 0 0 0 0 0 0 0 0 0 0 0 0 0 0 0 0 0 0 0 0 0 0 0 0 0 0 0 0 0 0 0 40 16 0 0 0 0 0 0 0 0 0 0 0 0 0 0 0 0 0 0 0 0 0 0 0 0 0 0 0 0 0 0 0 0 0 0 0 0 0 0 0 0 0 0 0 0 0 0 0 0 0 0 0 0 0 0 0 0 0 0 0 0 0 0 0 0 0 0 0 0 0 0 0 0 0 0 0 0 0 0 132 0 0 0 0 0 0 0 0 64 0 0 0 0 0 0 0 0 0 0 0 0 0 0 0 0 0 0 0 0 0 0 0 0 0 0 0 0 0 0 0 0 0 0 0 0 0 0 0 
209 0 0 0 64 0 0 0 0 0 0 0 0 0 0 13 0 0 0 0 100 0 0 397 0 40 0 0 0 0 0 0 0 0 40 0 0 0 0 51 0 0 0 0 0 0 0 0 0 0 144 0 0 0 0 0 0 64 0 0 0 0 0 0 0 0 0 0 0 0 0 0 0 0 0 0 138 149 0 0 0 0 0 168 0 0 0 0 0 0 568 0 0 0 67 104 0 0 0 0 0 0 0 0 0 0 0 0 0 0 0 0 0 0 0 0 0 13 84 0 0 100 0 0 0 0 0 0 67 0 0 0 0 0 0 0 0 0 0 0 0 0 0 0 0 64 0 0 0 0 0 0 0 0 120 1378 0 0 0 0 0 0 951 100 0 0 0 0 0 0 26 359 0 0 0 0 0 0 0 0 26 0 0 128 0 0 0 0 16 0 102 0 80 0 0 0 20 0 32 0 0 0 0 0 0 0 72 0 0 80 0 
0 0 0 0 0 0 0 0 0 0 0 0 0 0 0 0 0 0 0 0 0 0 0 0 0 0 0 0 0 0 0 0 0 0 0 0 0 0 0 0 0 0 0 0 0 0 0 0 0 0 0 0 0 0 0 0 0 0 0 0 0 0 0 0 0 0 0 0 0 0 0 0 0 0 0 0 0 0 0 0 0 0 0 0 0 0 0 0 0 0 0 0 0 0 0 0 0 0 0 0 0 0 0 0 0 0 0 0 0 0 0 0 0 0 0 0 0 0 0 0 0 0 0 0 0 0 0 0 0 0 0 0 0 0 0 0 0 0 0 0 0 0 0 0 0 0 0 0 0 0 0 0 0 0 0 0 0 0 0 0 0 0 0 0 0 0 0 0 0 0 0 0 0 0 0 0 0 0 0 0 0 0 0 0 0 0 0 0 0 0 0 0 0 0 0 0 0 0 0 0 0 0 0 0 0 0 0 0 0 0 0 
0 0 0 0 0 0 0 0 0 0 0 0 0 0 0 0 0 0 0 0 0 0 0 0 0 0 0 0 0 0 0 0 0 0 0 0 0 0 0 0 0 0 0 0 0 0 0 0 0 0 0 0 0 0 0 0 0 0 0 0 0 0 0 0 0 0 0 0 0 0 0 0 0 0 0 0 0 0 0 0 0 0 0 0 0 0 0 0 0 0 0 0 0 0 0 0 0 0 0 0 0 0 0 0 0 0 0 0 0 0 0 0 0 0 0 0 0 0 0 0 0 0 0 0 0 0 0 0 0 0 0 0 0 0 0 0 0 0 0 0 0 0 0 0 0 80 0 0 0 0 0 0 0 0 0 0 0 0 0 0 0 0 0 0 0 0 0 0 0 0 0 0 0 0 0 0 0 0 0 0 0 0 0 0 0 0 0 0 0 0 0 0 0 0 0 0 0 0 0 0 0 0 0 0 0 0 0 0 0 0 0 
0 0 0 0 0 0 0 0 0 0 0 0 0 0 16 0 0 0 0 0 0 0 0 0 0 0 0 0 0 0 0 0 0 0 0 64 0 0 0 0 0 0 0 0 0 0 0 0 0 0 0 0 0 0 0 0 0 0 0 0 0 0 0 0 0 51 0 0 0 0 0 0 0 0 0 0 32 0 0 0 0 0 0 81 0 0 0 0 0 0 226 0 0 0 0 0 0 0 0 0 0 0 0 0 0 0 0 0 0 0 0 0 0 0 0 0 0 0 0 0 0 0 0 0 114 0 0 0 13 0 0 0 0 0 0 0 0 0 0 0 0 0 0 0 0 0 0 0 0 0 0 0 0 0 0 146 0 0 0 0 0 0 0 0 0 0 0 20 0 0 0 40 0 0 0 0 0 0 0 0 0 0 0 0 0 0 0 0 0 0 0 0 0 0 0 0 0 0 0 0 0 0 0 0 0 80 32 0 0 304 0 
905 0 0 0 16 0 0 0 0 106 0 64 0 0 80 78 0 0 0 0 0 0 16 858 16 144 0 0 0 144 0 26 0 0 26 0 0 0 0 0 0 0 0 0 0 32 0 0 40 178 0 0 0 26 0 0 0 180 0 0 183 0 0 0 0 0 0 0 0 0 0 0 0 0 0 0 327 348 51 0 0 0 0 868 0 102 0 0 0 220 299 0 0 0 0 90 0 0 0 0 0 0 26 0 0 0 368 0 0 0 0 0 0 0 0 0 0 626 134 175 0 144 0 0 0 0 0 0 119 0 0 0 0 0 0 0 0 0 0 0 80 0 0 0 0 80 0 0 26 0 0 0 20 0 110 1675 67 0 34 0 0 160 61 26 0 0 0 20 0 0 0 1014 0 73 80 0 0 0 0 0 221 159 0 170 0 0 0 0 0 0 32 0 0 0 0 0 157 0 0 0 0 0 0 0 0 0 104 0 0 64 0 
0 0 0 0 0 0 0 0 0 0 0 0 0 0 0 0 0 0 0 0 0 0 0 0 0 0 0 0 0 0 0 0 0 0 0 0 0 0 0 0 0 0 0 0 0 0 0 0 0 0 0 0 0 0 0 0 0 0 0 0 0 0 0 0 0 0 0 0 0 0 0 0 0 0 0 0 0 0 0 0 0 0 0 0 0 0 0 0 0 0 0 0 0 0 0 0 0 0 0 0 0 0 0 0 0 0 0 0 0 0 0 0 0 0 0 0 0 0 0 0 0 0 0 0 0 0 0 0 0 0 0 0 0 0 0 0 0 0 0 0 0 0 0 0 0 0 0 0 0 0 0 0 0 0 0 0 0 0 0 0 0 0 0 0 0 0 0 0 0 0 0 0 0 0 0 0 0 0 0 0 0 0 0 0 0 0 0 0 0 0 0 0 0 0 0 0 0 0 0 0 0 0 0 0 0 0 0 0 0 0 0 
142 0 0 0 0 0 0 0 0 0 40 0 0 0 16 51 0 0 0 0 0 0 0 602 83 0 0 0 0 0 120 0 0 0 77 0 0 0 0 100 0 0 0 0 0 0 26 0 16 122 0 0 0 0 0 0 0 64 0 0 83 0 0 0 0 0 0 0 0 0 0 0 0 0 0 0 0 0 0 0 0 0 20 54 0 0 0 0 0 64 81 0 0 0 0 95 0 0 0 0 20 0 0 0 0 0 0 0 0 0 0 0 0 0 0 0 0 107 20 179 0 100 0 0 0 106 0 0 53 0 0 64 0 0 0 0 0 0 0 0 0 0 0 0 0 0 0 0 100 26 0 0 26 0 159 617 16 0 80 0 0 40 300 81 0 0 0 0 0 0 0 364 0 0 64 0 0 0 0 0 69 64 0 0 0 0 0 0 140 0 58 0 0 0 0 0 0 0 0 0 0 0 0 0 0 0 74 0 0 0 0 
0 0 0 0 0 0 0 0 0 0 0 0 0 0 0 0 0 0 0 0 0 0 0 0 0 0 0 0 0 0 0 0 0 0 0 0 0 0 0 0 0 0 0 0 0 0 0 0 0 0 0 0 0 0 0 0 0 0 0 0 0 0 0 0 0 0 0 0 0 0 0 0 0 0 0 0 0 0 0 0 0 0 0 0 0 0 0 0 0 0 0 0 0 0 0 0 0 0 0 0 0 0 0 0 0 0 0 0 0 0 0 0 0 0 0 0 0 0 0 0 0 0 0 0 0 0 0 0 0 0 0 0 0 0 0 0 0 0 0 0 0 0 0 0 0 0 0 0 0 0 0 0 0 0 0 0 0 0 0 0 0 0 0 0 0 0 0 0 0 0 0 0 0 0 0 0 0 0 0 0 0 0 0 0 0 0 0 0 0 0 0 0 0 0 0 0 0 0 0 0 0 0 0 0 0 0 0 0 0 0 0 
160 0 0 0 0 0 0 0 0 0 0 0 0 0 0 0 0 0 0 0 0 0 0 88 0 0 0 0 0 0 0 0 0 0 278 0 0 0 0 64 0 0 0 0 0 0 0 0 0 0 0 0 0 0 0 0 0 0 0 0 16 0 0 0 0 0 0 0 0 0 0 0 0 0 0 0 0 32 0 0 0 0 0 157 0 0 0 0 0 0 0 0 0 0 0 0 0 0 0 0 0 0 0 0 0 51 51 0 0 0 0 0 0 0 0 0 0 0 0 0 0 0 0 0 0 0 0 0 80 0 0 0 0 0 0 0 0 0 0 0 0 0 0 0 0 0 0 0 0 0 0 0 0 0 13 282 0 0 64 0 0 0 0 0 0 0 0 0 0 0 0 80 0 0 0 0 0 0 0 0 51 0 0 0 0 0 0 0 0 0 0 0 0 0 0 0 0 0 0 0 0 0 0 0 0 0 0 0 0 0 0 
0 0 0 0 0 0 0 0 0 0 0 0 0 0 0 0 0 0 0 0 0 0 0 0 0 0 0 0 0 0 0 0 0 0 0 0 0 0 0 0 0 0 0 0 0 0 0 0 0 0 0 0 0 0 0 0 0 0 0 0 0 0 0 0 0 0 0 0 0 0 0 0 0 0 0 0 0 0 0 0 0 0 0 51 0 0 0 0 0 0 0 0 0 0 0 0 0 0 0 0 0 0 0 0 0 0 0 0 0 0 0 0 0 0 0 0 0 80 0 0 0 0 0 0 0 0 0 0 0 0 0 0 0 0 0 0 0 0 0 0 0 0 0 0 0 0 0 0 0 0 0 0 0 0 0 40 0 0 0 0 0 0 0 0 0 0 0 0 0 0 0 0 0 0 0 0 0 0 0 0 0 0 0 0 0 0 0 0 0 0 0 0 0 0 0 0 0 0 0 0 0 0 0 0 0 0 0 0 0 0 0 
0 0 0 0 0 0 0 0 0 0 0 0 0 0 0 0 0 0 0 0 0 0 0 0 0 0 0 0 0 0 0 0 0 0 0 0 0 0 0 0 0 0 0 0 0 0 0 0 0 0 0 0 0 0 0 0 0 0 0 0 0 0 0 0 0 0 0 0 0 0 0 0 0 0 0 0 0 0 0 0 0 0 0 0 0 0 0 0 0 0 40 0 0 0 0 0 0 0 0 0 0 0 0 0 0 0 0 0 0 0 0 0 0 0 0 0 0 0 0 0 0 0 0 0 0 0 0 0 0 0 0 0 0 0 0 0 0 0 0 0 0 0 0 0 26 0 0 0 0 0 0 0 0 0 0 0 0 0 0 0 0 0 0 0 0 0 0 0 0 0 0 96 0 0 0 0 0 0 0 0 0 0 0 0 0 0 0 0 0 0 0 0 0 0 0 0 0 0 0 0 0 0 0 0 0 0 0 0 0 0 0 
0 0 0 0 0 0 0 0 0 0 0 0 0 0 0 0 0 0 0 0 0 0 0 0 0 0 0 0 0 0 0 0 0 0 0 0 0 0 0 0 0 0 0 0 0 0 0 0 0 0 0 0 0 0 0 0 0 0 0 0 0 0 0 0 0 0 0 0 0 0 0 0 0 0 0 0 0 0 0 0 0 0 0 0 0 0 0 0 0 0 0 0 0 0 0 0 0 0 0 0 0 0 0 0 0 0 0 0 0 0 0 0 0 0 0 0 0 0 0 0 0 0 0 0 0 0 0 0 0 0 0 0 0 0 0 0 0 0 0 0 0 0 0 0 0 0 0 0 0 0 0 0 0 0 0 0 0 0 0 0 0 0 0 0 0 0 0 0 0 0 0 0 0 0 0 0 0 0 0 0 0 0 0 0 0 0 0 0 0 0 0 0 0 0 0 0 0 0 0 0 0 0 0 0 0 0 0 0 0 0 0 
0 0 0 0 0 0 0 0 0 0 0 0 0 0 0 0 0 0 0 0 0 0 0 0 0 0 0 0 0 0 0 0 0 0 0 0 0 0 0 0 0 0 0 0 0 0 0 0 0 0 0 0 0 0 0 0 0 0 0 0 0 0 0 0 0 0 0 0 0 0 0 0 0 0 0 0 0 0 0 0 0 0 0 0 0 0 0 0 0 0 80 0 0 0 0 0 0 0 0 0 0 0 0 0 0 0 0 0 0 0 0 0 0 0 0 0 0 0 0 0 0 0 0 0 0 0 0 0 0 0 0 0 0 0 0 0 0 0 0 0 0 0 0 0 0 0 0 0 0 0 0 0 0 0 0 0 0 0 64 0 0 0 0 0 0 0 0 0 0 0 0 0 0 0 0 0 0 0 0 0 0 0 0 0 0 0 0 0 0 0 0 0 0 0 0 0 0 0 0 0 0 0 0 0 0 0 0 0 0 0 0 
803 0 0 0 0 40 0 0 0 0 0 0 0 0 260 64 0 0 0 0 0 0 80 777 0 120 0 0 0 32 160 0 0 0 0 144 0 0 0 0 20 0 0 0 0 0 0 0 26 40 30 0 0 0 0 0 0 0 0 0 246 0 0 0 0 0 0 0 0 0 0 0 0 0 0 0 404 0 0 0 0 0 77 406 51 0 0 0 0 163 913 0 0 0 106 64 0 0 0 0 0 0 46 0 128 58 0 0 0 0 0 64 0 0 0 0 0 353 0 112 0 64 0 0 144 20 0 80 160 0 160 0 0 0 0 0 0 0 0 0 184 0 0 0 0 32 0 0 140 92 80 0 0 0 337 986 160 0 67 0 0 0 0 51 0 0 0 0 0 0 0 981 0 0 0 0 0 0 0 0 0 144 144 0 0 0 0 0 180 20 67 0 77 0 0 0 0 0 0 0 0 0 0 0 0 165 51 0 0 0 0 
4444 0 0 0 503 0 0 0 0 0 0 0 0 0 609 0 0 0 0 0 51 0 711 3640 0 53 0 0 0 67 653 0 0 0 200 32 0 0 128 219 0 0 0 0 0 40 0 116 131 67 0 0 0 0 0 0 0 0 0 0 128 0 20 51 0 0 0 0 0 0 0 0 0 80 0 0 368 99 16 0 0 0 47 686 0 0 0 0 0 58 1752 0 0 0 40 200 0 0 0 0 80 0 80 0 0 0 77 0 0 0 13 40 0 0 0 0 0 1503 0 77 0 306 0 0 147 13 0 0 98 0 211 32 0 0 0 0 100 0 0 0 99 0 0 0 0 40 0 0 468 249 0 16 164 0 431 3627 806 0 58 0 0 0 243 292 0 77 0 16 0 0 0 1206 0 128 160 0 0 0 0 0 193 216 0 0 0 0 0 0 40 0 138 0 0 0 0 0 243 0 116 0 20 0 0 0 0 40 106 0 77 287 0 
116 0 0 0 0 0 0 0 0 0 0 0 0 0 0 0 0 0 0 0 0 0 0 26 0 0 0 0 0 0 0 0 0 0 0 0 0 0 0 0 0 0 0 0 0 0 0 0 0 0 0 0 0 0 0 0 0 0 0 0 0 0 0 0 0 0 0 0 0 0 0 0 0 80 0 0 0 0 0 0 0 0 0 0 0 0 0 0 0 0 0 0 0 0 0 0 0 0 0 0 0 0 0 0 0 0 0 0 0 0 0 0 0 0 0 0 0 156 0 0 0 0 0 0 0 0 0 0 0 0 0 0 0 0 0 0 0 0 0 0 0 0 0 0 0 0 0 0 0 16 0 0 0 0 0 341 0 0 0 0 0 0 0 0 0 0 0 0 0 0 0 0 0 0 0 0 0 0 0 0 0 0 0 0 0 0 0 0 0 0 0 0 0 0 0 0 0 0 0 0 0 0 0 0 0 0 0 0 0 0 0 
180 0 0 0 0 0 0 0 0 0 0 0 0 0 0 0 0 0 0 0 0 0 0 0 0 200 0 0 0 0 0 0 0 0 0 0 0 0 0 0 0 0 0 0 0 0 0 0 0 0 0 0 0 0 0 0 0 0 0 0 0 0 0 0 0 0 0 0 0 0 0 0 0 0 0 0 0 0 0 0 0 0 80 0 0 0 0 0 0 0 0 0 0 0 0 0 0 0 0 0 0 0 0 0 0 0 0 0 0 0 0 0 0 0 0 0 0 80 0 0 0 0 0 0 80 0 0 0 0 0 0 0 0 0 0 0 0 0 0 0 0 0 0 0 0 0 0 0 0 0 0 0 0 0 40 0 0 0 0 0 0 0 64 0 0 0 0 0 0 0 0 40 0 0 0 0 0 0 0 0 0 0 0 0 0 0 0 0 0 64 0 0 0 0 0 0 0 0 0 0 0 0 0 0 0 0 0 0 0 32 0 
1511 0 0 0 284 51 0 0 0 0 40 0 0 0 396 93 0 0 0 0 40 0 112 2124 0 545 0 0 0 51 598 0 0 0 310 237 0 0 39 166 0 0 0 0 0 40 0 0 238 90 0 0 0 0 0 0 0 72 0 0 421 0 0 0 0 287 80 0 0 0 0 0 0 32 0 0 983 57 0 0 0 0 285 745 0 0 0 0 20 125 1689 40 0 0 200 143 0 0 26 0 64 0 246 0 450 13 0 0 0 0 96 144 0 0 0 0 0 581 224 93 0 51 0 51 211 94 0 0 372 26 51 0 0 0 0 0 0 0 0 0 0 0 0 0 0 26 0 0 444 248 0 64 92 115 260 2580 254 0 118 0 100 0 80 90 0 64 132 83 0 0 40 1684 0 0 64 0 0 0 64 0 473 471 40 0 0 0 0 0 64 0 53 0 51 0 20 0 99 0 0 0 0 0 0 0 0 0 609 0 58 89 0 
0 0 0 0 0 0 0 0 0 0 0 0 0 0 0 0 0 0 0 0 0 0 0 0 0 0 0 0 0 0 0 0 0 0 0 0 0 0 0 0 0 0 0 0 0 0 0 0 0 0 0 0 0 0 0 0 0 0 0 0 0 0 0 0 0 0 0 0 0 0 0 0 0 0 0 0 0 0 0 0 0 0 0 0 0 0 0 0 0 0 0 0 0 0 0 0 0 0 0 0 0 0 0 0 0 0 0 0 0 0 0 0 0 0 0 0 0 0 0 0 0 0 0 0 0 0 0 0 0 0 0 0 0 0 0 0 0 0 0 0 0 0 0 0 0 0 0 0 0 0 0 0 0 0 0 0 0 0 0 0 0 0 0 0 0 0 0 0 0 0 0 0 0 0 0 0 0 0 0 0 0 0 0 0 0 0 0 0 0 0 0 0 0 0 0 0 0 0 0 0 0 0 0 0 0 0 0 0 0 0 0 
