6075 0 0 0 439 80 0 64 0 0 447 850 0 0 1361 0 0 84 0 0 247 0 991 12522 64 596 0 0 0 178 2473 0 0 0 1804 20 0 0 154 647 120 0 0 0 0 655 0 80 787 1593 134 2098 0 513 0 13 84 904 0 0 51 0 248 98 106 32 296 0 0 0 60 0 0 1147 0 64 3725 1778 100 0 0 160 298 7292 0 380 0 0 0 622 1470 166 111 160 65 1714 0 0 1099 30 306 0 1114 500 292 156 423 0 0 0 61 337 0 0 0 42 26 22807 20 1800 174 1048 0 64 1749 554 47 129 278 40 362 996 0 0 51 64 0 0 0 0 200 0 0 13 70 432 100 0 668 533 0 0 416 567 3479 18234 863 126 272 0 80 369 1358 955 0 486 127 272 26 0 0 12412 128 0 131 0 0 0 136 0 170 877 52 16 90 0 0 0 158 26 40 94 445 0 0 163 3785 0 336 0 1280 0 368 0 191 160 2483 103 240 1052 0 
0 0 0 0 0 0 0 0 0 0 0 0 0 0 0 0 0 0 0 0 0 0 0 0 0 0 0 0 0 0 0 0 0 0 0 0 0 0 0 0 0 0 0 0 0 0 0 0 0 0 0 0 0 0 0 0 0 0 0 0 0 0 0 0 0 0 0 0 0 0 0 0 0 0 0 0 0 0 0 0 0 0 0 0 0 0 0 0 0 0 0 0 0 0 0 0 0 0 0 0 0 0 0 0 0 0 0 0 0 0 0 0 0 0 0 0 0 0 0 0 0 0 0 0 0 0 0 0 0 0 0 0 0 0 0 0 0 0 0 0 0 0 0 0 0 0 0 0 0 0 0 0 0 0 0 0 0 0 0 0 0 0 0 0 0 0 0 0 0 0 0 0 0 0 0 0 0 0 0 0 0 0 0 0 0 0 0 0 0 0 0 0 0 0 0 0 0 0 0 0 0 0 0 0 0 0 0 0 0 0 0 
0 0 0 0 0 0 0 0 0 0 0 0 0 0 0 0 0 0 0 0 0 0 0 64 0 0 0 0 0 0 0 0 0 0 26 0 0 0 0 0 0 0 0 0 0 0 0 0 0 0 0 0 0 0 0 0 0 0 0 0 0 0 0 0 0 0 0 0 0 0 0 0 0 0 0 0 0 0 0 0 0 0 0 0 0 0 0 0 0 0 0 0 0 0 0 0 0 0 0 0 0 0 0 0 0 0 0 0 0 0 0 0 0 0 0 0 0 13 0 0 0 0 0 0 0 0 0 0 0 0 0 0 0 0 0 0 0 0 0 0 0 0 0 0 0 0 0 0 0 0 0 0 0 0 0 40 0 0 0 0 0 0 0 0 0 0 0 0 0 0 0 100 0 0 0 0 0 0 0 0 0 0 0 0 0 0 0 0 0 0 0 0 0 0 0 0 0 0 0 0 0 0 0 0 0 0 0 0 0 0 0 
0 0 0 0 0 0 0 0 0 0 0 0 0 0 0 0 0 0 0 0 0 0 0 0 0 0 0 0 0 0 0 0 0 0 0 0 0 0 0 0 0 0 0 0 0 0 0 0 0 0 0 0 0 0 0 0 0 0 0 0 0 0 0 0 0 0 0 0 0 0 0 0 0 0 0 0 0 0 0 0 0 0 0 0 0 0 0 0 0 0 0 0 0 0 0 0 0 0 0 0 0 0 0 0 0 0 0 0 0 0 0 0 0 0 0 0 0 0 0 0 0 0 0 0 0 0 0 0 0 0 0 0 0 0 0 0 0 0 0 0 0 0 0 0 0 0 0 0 0 0 0 0 0 0 0 0 0 0 0 0 0 0 0 0 0 0 0 0 0 0 0 0 0 0 0 0 0 0 0 0 0 0 0 0 0 0 0 0 0 0 0 0 0 0 0 0 0 0 0 0 0 0 0 0 0 0 0 0 0 0 0 
607 0 0 0 0 64 0 0 0 0 128 0 0 0 16 13 0 0 0 0 0 0 0 835 0 0 0 0 0 0 0 0 0 0 37 0 0 0 26 122 0 0 0 0 0 26 0 20 104 54 0 0 0 80 0 0 0 33 0 0 0 0 51 0 0 0 0 0 0 0 0 0 0 0 0 0 104 32 0 0 0 0 0 285 0 0 0 0 0 40 200 0 0 0 0 26 0 0 0 0 0 0 0 0 0 26 0 0 0 0 0 0 0 0 0 0 0 1088 0 80 0 167 0 0 0 0 0 0 32 0 0 0 0 0 0 0 0 0 0 0 0 0 0 0 0 0 0 0 26 0 0 0 26 51 183 2959 53 0 13 0 0 146 16 200 0 0 64 0 0 0 0 563 0 0 0 0 0 0 0 0 112 37 0 0 0 0 0 0 32 0 0 64 0 0 0 0 88 0 0 0 57 0 0 0 0 0 108 0 0 26 0 
215 0 0 0 0 0 0 0 0 0 0 0 0 0 64 0 0 0 0 0 0 0 0 16 0 0 0 0 0 0 0 0 0 0 0 0 0 0 0 0 0 0 0 0 0 0 0 0 0 0 0 0 0 0 0 0 0 0 0 0 0 0 0 0 0 0 0 0 0 0 0 0 0 0 0 0 64 0 0 0 0 0 0 26 0 0 0 0 0 0 0 0 0 0 0 0 0 0 0 0 0 0 0 0 0 0 0 0 0 0 0 0 0 0 0 0 0 158 0 120 0 0 0 80 0 0 0 0 0 0 0 0 0 0 40 0 0 0 0 0 0 0 0 0 0 0 0 0 0 0 0 0 0 0 100 274 0 0 0 0 0 26 0 0 0 0 0 0 0 0 0 144 0 0 0 0 0 0 0 0 0 0 0 0 0 0 0 0 0 0 0 0 20 0 0 0 0 0 0 0 0 0 0 0 0 0 0 0 0 0 0 
0 0 0 0 0 0 0 0 0 0 0 51 0 0 64 0 0 0 0 0 0 0 0 106 0 26 0 0 0 0 0 0 0 0 0 0 0 0 0 0 0 0 0 0 0 0 0 0 26 0 0 0 0 0 0 0 0 0 0 0 0 0 0 0 0 0 0 0 0 0 0 0 0 0 0 0 100 13 0 0 0 0 0 0 0 0 0 0 0 0 0 0 0 0 0 0 0 0 0 0 0 0 0 0 0 20 0 0 0 0 0 0 0 0 0 0 0 16 0 64 0 0 0 0 120 0 0 0 0 0 0 0 0 0 0 0 0 0 0 0 0 0 0 0 0 0 0 0 0 0 0 0 0 0 32 92 0 0 0 0 0 0 0 0 0 0 0 0 0 0 0 126 0 0 0 0 0 0 0 0 0 0 0 0 0 0 0 0 0 0 0 0 0 0 0 0 0 0 0 0 0 0 0 0 0 0 100 0 0 0 0 
40 0 0 0 0 0 0 0 0 0 40 0 0 0 0 0 0 0 0 0 0 0 0 94 0 0 0 0 0 0 0 0 0 0 0 0 0 0 0 0 0 0 0 0 0 0 0 0 0 0 0 26 0 0 0 0 0 0 0 0 0 0 0 0 0 0 0 0 0 0 0 0 0 0 0 0 0 0 20 0 0 0 0 65 0 64 0 0 0 0 0 0 0 0 0 0 0 0 0 0 0 0 0 0 0 0 0 0 0 0 0 0 0 0 0 0 0 270 0 0 0 0 0 0 0 0 0 0 0 0 0 0 0 0 0 0 0 0 0 0 0 0 0 0 0 0 0 0 16 0 0 0 0 0 13 762 0 0 0 0 0 0 13 0 0 0 0 0 0 0 0 1284 0 0 0 0 0 0 0 0 0 0 0 0 0 0 0 0 13 0 0 0 0 0 0 0 67 0 0 0 0 0 0 0 0 0 0 0 0 0 0 
330 0 0 0 100 0 0 0 0 0 0 0 0 0 0 0 0 0 0 0 0 0 0 553 0 0 0 0 0 0 69 0 0 0 80 0 0 0 0 26 0 0 0 0 0 0 0 0 0 16 0 0 0 0 0 0 0 0 0 0 0 0 0 40 0 0 0 0 0 0 0 0 0 0 0 0 247 64 0 0 0 0 0 422 0 0 0 0 0 0 0 0 0 0 0 0 0 0 0 0 0 0 0 0 0 0 0 0 0 0 0 0 0 0 0 0 0 325 64 96 0 51 0 0 0 32 0 0 80 0 51 0 0 0 0 0 0 0 0 0 0 0 0 0 0 0 0 0 80 20 0 0 0 0 122 1044 0 0 13 0 0 0 180 80 0 0 0 0 0 0 0 573 0 0 0 0 0 0 0 0 0 0 0 0 0 0 0 0 0 0 102 0 13 0 0 0 0 0 0 0 32 0 0 0 0 0 42 13 100 0 0 
26 0 0 0 0 0 0 0 0 0 0 0 0 0 0 0 0 0 0 0 0 0 0 0 0 0 0 0 0 0 0 0 0 0 0 0 0 0 0 0 0 0 0 0 0 0 0 0 0 0 0 0 0 0 0 0 0 0 0 0 0 0 0 0 0 0 0 0 0 0 0 0 0 0 0 0 0 0 0 0 0 0 0 26 0 0 0 0 0 0 0 0 0 0 0 0 0 0 0 0 0 0 0 0 0 0 0 0 0 0 0 0 0 0 0 0 0 0 0 0 0 0 0 0 0 0 0 0 0 0 0 0 0 0 0 0 0 0 0 0 0 0 0 0 0 0 0 0 0 0 0 0 0 0 0 220 0 0 0 0 0 0 0 0 0 0 0 0 0 0 0 192 0 0 0 0 0 0 0 0 0 0 0 0 0 0 0 0 0 0 0 0 16 0 0 0 0 0 0 0 0 0 0 0 0 0 0 0 0 0 0 
935 0 0 0 106 0 0 0 0 0 37 40 0 0 409 0 0 0 0 0 64 0 0 743 433 0 0 0 0 80 16 0 0 0 90 0 0 0 0 0 0 0 0 0 0 0 0 0 0 171 0 0 0 0 0 0 0 0 0 0 0 0 0 0 0 0 100 0 0 0 0 0 0 0 0 0 145 227 64 0 0 0 0 436 0 0 0 0 0 40 434 0 13 0 0 0 0 0 0 0 80 0 0 0 39 0 0 0 0 0 0 0 0 0 0 0 0 997 0 16 0 118 0 0 39 20 0 0 92 0 0 0 0 0 0 0 0 0 0 0 0 0 0 0 0 26 0 0 196 509 0 0 0 0 430 3213 329 0 0 0 0 32 157 1328 0 0 0 0 0 0 0 624 20 0 0 0 0 0 0 0 13 199 0 0 100 0 0 0 0 0 80 0 0 0 0 0 63 0 80 0 0 0 0 0 40 0 121 0 0 0 0 
726 0 0 0 0 0 0 13 0 0 26 16 0 0 92 0 0 0 0 0 0 0 196 1079 200 0 0 0 0 0 180 0 0 0 51 0 0 0 0 0 0 0 0 0 0 0 0 116 195 185 0 0 0 0 0 0 0 0 0 0 0 0 0 0 0 0 0 0 0 0 0 0 0 0 0 0 285 0 0 0 0 0 0 545 0 0 0 0 0 51 149 0 100 0 0 0 0 0 40 51 0 0 0 131 40 0 0 0 0 0 0 40 0 0 0 0 13 1399 0 139 0 100 0 0 80 0 0 0 160 0 0 0 0 0 0 0 0 0 0 0 0 0 0 0 0 51 0 0 168 61 0 0 67 0 219 4171 765 0 0 0 0 0 417 584 0 0 0 0 64 0 0 653 0 0 0 0 0 0 0 0 0 0 0 0 0 0 0 0 16 0 0 0 0 0 0 0 275 0 0 0 0 0 220 0 20 0 138 0 16 128 0 
0 0 0 0 0 0 0 0 0 0 0 0 0 0 0 0 0 0 0 0 0 0 0 0 0 0 0 0 0 0 0 0 0 0 0 0 0 0 0 0 0 0 0 0 0 0 0 0 0 0 0 0 0 0 0 0 0 0 0 0 0 0 0 0 0 0 0 0 0 0 0 0 0 0 0 0 0 0 0 0 0 0 0 0 0 0 0 0 0 0 0 0 0 0 0 0 0 0 0 0 0 0 0 0 0 0 0 0 0 0 0 0 0 0 0 0 0 0 0 0 0 0 0 0 0 0 0 0 0 0 0 0 0 0 0 0 0 0 0 0 0 0 0 0 0 0 0 0 0 0 0 0 0 0 0 0 0 0 0 0 0 0 0 0 0 0 0 0 0 0 0 0 0 0 0 0 0 0 0 0 0 0 0 0 0 0 0 0 0 0 0 0 0 0 0 0 0 0 0 0 0 0 0 0 0 0 0 0 0 0 0 
0 0 0 0 0 0 0 0 0 0 0 0 0 0 0 0 0 0 0 0 0 0 0 0 0 0 0 0 0 0 0 0 0 0 0 0 0 0 0 0 0 0 0 0 0 0 0 0 0 0 0 0 0 0 0 0 0 0 0 0 0 0 0 0 0 0 0 0 0 0 0 0 0 0 0 0 0 0 0 0 0 0 0 32 0 0 0 0 0 0 0 0 0 0 0 0 0 0 0 0 0 0 13 0 0 0 0 0 0 0 0 100 0 0 0 0 0 0 0 0 0 0 0 0 0 0 0 0 0 0 0 0 0 0 0 0 0 0 0 0 0 0 0 0 20 0 0 0 0 0 0 0 0 0 64 0 0 0 0 0 0 0 0 0 0 0 0 0 0 0 0 0 0 0 0 0 0 0 0 0 0 0 0 0 0 0 0 0 0 0 0 0 0 0 0 0 0 0 0 0 0 0 0 0 0 0 0 0 0 0 0 
727 0 0 0 90 16 0 51 0 0 0 232 0 0 255 0 0 0 0 0 0 0 307 3553 0 363 0 0 0 264 451 0 0 0 266 100 0 0 0 40 0 0 0 0 40 51 0 20 302 270 64 0 0 0 0 0 0 355 0 0 32 0 40 141 0 13 32 0 0 0 13 0 0 0 0 0 487 98 0 0 0 100 183 2009 0 26 0 0 0 0 567 262 40 0 0 0 0 0 13 26 40 0 93 20 0 0 0 0 0 0 0 67 0 0 0 0 0 4489 0 551 0 64 0 0 224 644 0 0 0 0 516 20 13 0 0 0 0 0 0 0 64 0 0 0 0 0 64 0 290 26 0 0 374 92 1907 11128 449 0 16 0 0 1289 462 1054 0 277 65 51 0 0 0 3799 92 0 83 0 0 0 0 0 20 84 0 0 0 0 0 0 0 0 40 0 26 0 20 0 480 0 0 0 726 0 0 0 0 34 740 0 47 404 0 
174 0 0 0 0 0 0 0 0 0 0 0 0 0 0 0 0 0 0 0 0 0 0 131 0 80 0 0 0 0 0 0 0 0 0 0 0 0 0 0 0 0 0 0 0 0 0 0 0 0 0 0 0 0 0 0 0 0 0 0 0 0 0 0 0 0 0 0 0 0 0 0 0 0 0 0 100 0 0 0 0 0 0 137 0 0 0 0 0 0 0 0 0 0 0 13 0 0 0 0 0 0 0 0 0 0 0 0 0 0 0 0 0 0 0 0 0 168 0 0 0 16 0 0 0 0 0 0 0 0 0 0 0 0 0 0 0 0 0 0 0 0 0 0 0 0 0 0 0 80 0 0 0 0 0 735 0 0 0 0 0 0 0 0 0 0 0 0 0 0 0 26 0 0 0 0 0 0 0 0 0 64 0 0 0 0 0 0 0 0 0 0 0 0 0 0 67 0 0 0 0 0 0 0 0 0 0 0 200 0 0 
0 0 0 0 0 0 0 0 0 0 0 0 0 0 0 0 0 0 0 0 0 0 0 0 0 0 0 0 0 0 0 0 0 0 0 0 0 0 0 0 0 0 0 0 0 0 0 0 0 0 0 0 0 0 0 0 0 0 0 0 0 0 0 0 0 0 0 0 0 0 0 0 0 0 0 0 0 0 0 0 0 0 0 0 0 0 0 0 0 0 0 0 0 0 0 0 0 0 0 0 0 0 0 0 0 0 0 0 0 0 0 0 0 0 0 0 0 0 0 0 0 0 0 0 0 0 0 0 0 0 0 0 0 0 0 0 0 0 0 0 0 0 0 0 0 0 0 0 0 0 0 0 0 0 0 0 0 0 0 0 0 0 0 0 0 0 0 0 0 0 0 0 0 0 0 0 0 0 0 0 0 0 0 0 0 0 0 0 0 0 0 0 0 0 0 0 0 0 0 0 0 0 0 0 0 0 0 0 0 0 0 
96 0 0 0 0 0 0 0 0 0 0 0 0 0 100 0 0 0 0 0 0 0 0 0 0 0 0 0 0 0 0 0 0 0 0 0 0 0 0 0 0 0 0 0 0 0 0 0 0 0 0 0 0 0 0 0 0 0 0 0 0 0 0 0 0 0 0 0 0 0 0 0 0 0 0 0 0 64 0 0 0 0 0 0 0 0 0 0 0 0 16 0 0 0 0 0 0 0 0 0 0 0 0 16 0 0 0 0 0 0 0 0 0 0 0 0 0 86 0 0 64 0 0 0 51 0 0 0 0 0 0 0 0 0 0 0 0 0 0 0 0 0 0 0 0 0 0 0 0 0 0 0 0 0 0 395 0 0 0 0 0 0 200 80 0 0 0 0 0 0 0 26 0 0 0 0 0 0 0 0 0 0 0 0 0 0 0 0 0 0 0 0 0 0 0 0 0 0 0 0 0 0 0 0 0 0 51 0 0 64 0 
0 0 0 0 0 0 0 0 0 0 0 0 0 0 0 0 0 0 0 0 0 0 0 51 0 0 0 0 0 0 0 0 0 0 0 0 0 0 0 0 0 0 0 0 0 0 0 0 0 0 0 0 0 16 0 0 0 0 0 0 0 0 0 0 0 0 0 0 0 0 0 0 0 0 0 0 0 0 0 0 0 0 0 0 0 0 0 0 0 0 0 20 0 0 0 0 0 0 0 0 0 0 0 0 0 0 0 0 0 0 0 0 0 0 0 0 0 32 0 0 0 0 0 0 0 0 0 0 0 0 0 0 0 0 0 0 0 0 0 0 0 0 0 0 0 0 0 0 0 0 0 0 0 0 26 200 0 0 0 0 0 0 0 0 0 0 0 0 0 0 0 0 0 0 0 0 0 0 0 0 0 0 0 0 0 0 0 0 0 0 0 0 0 0 0 0 51 0 0 0 0 0 0 0 0 0 0 0 0 0 0 
0 0 0 0 0 0 0 0 0 0 0 0 0 0 0 0 0 0 0 0 0 0 0 0 0 0 0 0 0 0 0 0 0 0 0 0 0 0 0 0 0 0 0 0 0 0 0 0 0 0 0 0 0 0 0 0 0 0 0 0 0 0 0 0 0 0 0 0 0 0 0 0 0 0 0 0 0 0 0 0 0 0 0 0 0 0 0 0 0 0 0 0 0 0 0 0 0 0 0 0 0 0 0 0 0 0 0 0 0 0 0 0 0 0 0 0 0 0 0 0 0 0 0 0 0 0 0 0 0 0 0 0 0 0 0 0 0 0 0 0 0 0 0 0 0 0 0 0 0 0 0 0 0 0 0 0 0 0 0 0 0 0 0 0 0 0 0 0 0 0 0 0 0 0 0 0 0 0 0 0 0 0 0 0 0 0 0 0 0 0 0 0 0 0 0 0 0 0 0 0 0 0 0 0 0 0 0 0 0 0 0 
256 0 0 0 0 0 0 0 0 0 32 0 0 0 142 0 0 0 0 0 0 0 16 241 0 0 0 0 0 80 0 0 0 0 0 0 0 0 0 0 0 0 0 0 0 0 0 0 26 164 0 0 0 0 0 0 0 42 0 0 0 0 0 0 0 0 0 0 0 0 0 0 0 0 0 0 26 0 0 0 0 0 0 128 0 0 0 0 0 0 26 0 0 0 40 13 0 0 0 0 0 0 16 13 0 32 0 0 0 0 0 0 0 0 0 0 0 452 0 51 0 40 0 0 0 400 0 0 0 0 16 0 0 0 0 0 0 0 0 0 0 0 0 0 0 0 0 0 0 0 0 0 0 39 320 1961 320 0 0 0 0 100 137 40 0 100 0 0 0 0 0 301 0 0 0 0 0 0 0 0 0 0 0 0 0 0 0 0 40 0 0 0 26 0 0 0 32 0 0 0 128 0 0 0 0 0 57 0 0 51 0 
0 0 0 0 0 0 0 0 0 0 0 0 0 0 0 0 0 0 0 0 0 0 0 0 0 0 0 0 0 0 0 0 0 0 0 0 0 0 0 0 0 0 0 0 0 0 0 0 0 0 0 0 0 0 0 0 0 0 0 0 0 0 0 0 0 0 0 0 0 0 0 0 0 0 0 0 0 0 0 0 0 0 0 0 0 0 0 0 0 0 0 0 0 0 0 0 0 0 0 0 0 0 0 0 0 0 0 0 0 0 0 0 0 0 0 0 0 0 0 0 0 0 0 0 0 0 0 0 0 0 0 0 0 0 0 0 0 0 0 0 0 0 0 0 0 0 0 0 0 0 0 0 0 0 0 0 0 0 0 0 0 0 0 0 0 0 0 0 0 0 0 0 0 0 0 0 0 0 0 0 0 0 0 0 0 0 0 0 0 0 0 0 0 0 0 0 0 0 0 0 0 0 0 0 0 0 0 0 0 0 0 
895 0 0 0 0 0 0 0 0 0 0 0 0 0 244 0 0 0 0 0 51 0 39 1611 0 51 0 0 0 0 559 0 0 0 184 0 0 0 32 92 0 0 0 0 0 0 0 40 40 518 0 64 0 0 0 0 0 0 0 0 0 0 0 40 0 16 64 0 0 0 0 0 0 0 0 0 294 224 0 0 0 0 0 945 0 0 0 0 0 218 309 0 0 32 0 0 0 0 0 0 0 0 51 16 57 92 13 0 0 0 0 16 0 0 0 0 0 2948 0 385 0 65 0 0 200 40 0 0 0 100 195 165 0 0 0 0 0 0 0 0 0 0 0 0 0 106 0 0 100 172 0 0 20 0 418 2596 109 0 133 0 0 0 342 64 0 0 0 49 0 0 13 1471 0 0 131 0 0 0 0 0 40 80 0 0 0 0 0 0 32 0 80 0 0 0 0 0 508 0 0 0 131 0 0 0 0 0 630 16 64 206 0 
11239 0 0 0 590 58 80 47 343 0 964 965 0 20 4715 84 0 32 0 0 728 0 1884 17858 306 1150 0 0 0 233 6694 0 0 0 3709 613 102 0 216 561 106 80 0 0 184 429 0 254 1095 4078 26 539 0 16 0 360 13 1482 0 0 304 121 211 818 151 445 1250 0 0 0 139 13 0 262 0 275 5704 2228 78 0 0 0 864 16110 0 77 0 0 16 1161 5007 1179 102 300 482 548 0 0 789 272 352 0 2371 627 630 530 156 0 140 0 113 979 0 153 16 347 20 25988 415 4033 184 999 0 64 1054 3136 348 37 963 40 651 302 78 80 0 16 0 0 0 0 42 0 0 252 192 1587 613 196 2784 1695 0 57 1240 951 12455 58987 4409 310 2664 300 312 1190 9004 2108 0 1332 413 955 147 0 346 27431 313 0 185 0 42 0 363 51 851 1623 80 153 1011 0 0 0 674 351 1259 98 462 0 93 390 6184 0 278 0 2660 0 172 0 211 1088 5779 0 752 3226 0 
195 0 0 0 0 100 0 32 0 0 0 0 0 0 195 0 0 0 0 0 0 0 0 423 0 0 0 0 0 0 54 0 0 0 125 0 40 0 0 0 0 0 0 0 0 0 0 0 0 73 0 92 0 0 0 0 0 0 0 0 0 0 0 0 0 0 0 0 0 0 0 0 0 0 0 0 0 0 0 0 0 0 0 155 0 0 0 0 0 0 16 0 0 0 0 0 0 0 0 0 0 0 0 0 0 0 0 0 0 0 0 0 0 0 0 0 0 936 0 84 0 0 0 0 126 0 0 0 13 0 0 0 0 0 32 0 0 0 0 0 0 0 0 0 0 0 0 0 0 0 0 0 16 0 212 923 37 0 0 0 0 51 0 80 0 0 0 0 0 0 0 352 0 0 16 0 0 0 100 0 0 100 0 20 0 0 0 0 67 0 0 0 0 0 0 0 96 0 0 0 80 0 80 0 0 0 0 0 0 0 0 
565 0 0 0 0 32 20 0 0 0 0 224 0 0 117 0 0 0 0 0 26 0 30 650 0 40 0 0 0 0 268 0 0 0 153 0 0 0 20 0 0 0 0 0 80 80 80 0 303 96 128 0 0 0 0 0 0 61 0 0 0 0 0 0 20 0 40 0 0 0 172 0 0 20 0 0 327 170 0 0 0 64 0 906 0 0 0 0 0 26 335 64 0 106 51 0 0 0 0 0 202 0 220 0 47 0 0 0 0 0 0 0 0 0 0 0 0 2031 0 144 0 440 0 0 114 664 0 0 0 0 16 51 0 0 0 0 0 0 0 0 0 0 0 0 64 174 0 80 32 26 0 0 395 168 753 2400 122 0 96 0 0 98 457 37 0 120 0 80 0 0 0 1960 64 0 100 0 0 0 64 0 0 0 0 0 0 0 0 0 157 192 0 0 100 0 0 0 260 0 0 0 216 0 0 0 0 0 201 40 0 85 0 
0 0 0 0 0 0 0 0 0 0 0 0 0 0 0 0 0 0 0 0 0 0 0 0 0 0 0 0 0 0 0 0 0 0 0 0 0 0 0 0 0 0 0 0 0 0 0 0 0 0 0 0 0 0 0 0 0 0 0 0 0 0 0 0 0 0 0 0 0 0 0 0 0 0 0 0 0 0 0 0 0 0 0 0 0 0 0 0 0 0 0 0 0 0 0 0 0 0 0 0 0 0 0 0 0 0 0 0 0 0 0 0 0 0 0 0 0 0 0 0 0 0 0 0 0 0 0 0 0 0 0 0 0 0 0 0 0 0 0 0 0 0 0 0 0 0 0 0 0 0 0 0 0 0 0 0 0 0 0 0 0 0 0 0 0 0 0 0 0 0 0 0 0 0 0 0 0 0 0 0 0 0 0 0 0 0 0 0 0 0 0 0 0 0 0 0 0 0 0 0 0 0 0 0 0 0 0 0 0 0 0 
0 0 0 0 0 0 0 0 0 0 0 0 0 0 0 0 0 0 0 0 0 0 0 0 0 0 0 0 0 0 0 0 0 0 0 0 0 0 0 0 0 0 0 0 0 0 0 0 0 0 0 0 0 0 0 0 0 0 0 0 0 0 0 0 0 0 0 0 0 0 0 0 0 0 0 0 0 0 0 0 0 0 0 0 0 0 0 0 0 0 0 0 0 0 0 0 0 0 0 0 0 0 0 0 0 0 0 0 0 0 0 0 0 0 0 0 0 0 0 0 0 0 0 0 0 0 0 0 0 0 0 0 0 0 0 0 0 0 0 0 0 0 0 0 0 0 0 0 0 0 0 0 0 0 0 0 0 0 0 0 0 0 0 0 0 0 0 0 0 0 0 0 0 0 0 0 0 0 0 0 0 0 0 0 0 0 0 0 0 0 0 0 0 0 0 0 0 0 0 0 0 0 0 0 0 0 0 0 0 0 0 
0 0 0 0 100 0 0 0 0 0 0 0 0 0 0 0 0 0 0 0 0 0 0 80 0 0 0 0 0 0 0 0 0 0 0 0 0 0 0 0 0 0 0 0 0 0 0 0 0 0 0 0 0 0 0 0 0 0 0 0 0 0 0 0 0 0 0 0 0 0 0 0 0 0 0 0 0 0 0 0 0 0 0 0 0 0 0 0 0 0 0 0 0 0 0 0 0 0 0 0 0 0 0 0 0 0 0 0 0 0 0 0 0 0 0 0 0 0 0 0 0 0 0 0 0 0 0 0 0 0 0 0 0 0 0 0 0 0 0 0 0 0 0 0 0 0 0 0 0 0 0 0 0 0 0 0 0 0 0 0 0 0 0 0 0 0 0 0 0 0 0 0 0 0 0 0 0 0 0 0 0 0 0 0 0 0 0 0 0 0 0 0 0 0 0 0 0 0 0 0 0 0 0 0 0 0 0 0 0 0 0 
0 0 0 0 0 0 16 0 0 0 0 0 0 0 0 0 0 0 0 0 0 0 0 276 0 51 0 0 0 0 100 0 0 0 102 0 0 0 0 0 20 0 0 0 0 0 0 0 0 67 0 0 0 0 0 0 0 80 0 0 0 0 0 0 0 0 0 0 0 0 0 0 0 0 0 0 0 0 0 0 0 0 0 46 0 0 0 0 0 0 100 0 0 0 0 13 0 0 0 0 0 0 0 0 0 0 0 0 0 0 0 0 0 0 0 0 0 90 0 0 0 0 0 0 0 0 0 0 26 0 0 0 0 0 0 0 0 0 0 0 0 0 0 0 0 0 0 0 0 0 0 0 0 0 80 574 26 0 0 0 0 0 26 0 0 0 0 0 0 0 0 132 0 0 0 0 0 0 0 0 0 140 0 0 0 0 0 0 0 0 0 0 0 0 0 0 13 0 0 0 0 0 0 0 0 0 40 0 0 0 0 
4766 0 0 0 156 51 0 0 26 0 32 297 0 0 1293 192 0 0 0 0 16 0 774 3412 26 572 0 0 0 51 3407 0 0 0 586 118 40 0 0 199 26 47 0 0 0 82 0 0 261 668 147 94 0 0 0 0 0 419 0 0 13 0 13 117 0 73 80 0 0 0 0 0 0 16 0 0 728 740 83 0 0 80 600 3934 0 0 0 0 0 296 2953 104 0 115 20 331 0 0 281 157 64 0 264 266 433 183 196 0 100 0 0 270 0 0 0 51 0 5446 100 504 26 569 0 0 400 157 61 0 153 0 40 80 0 0 0 51 0 0 0 0 80 64 0 40 0 221 0 0 297 212 0 0 377 167 1257 13697 630 0 0 0 0 685 4160 1069 0 425 77 40 51 0 16 7555 131 0 113 0 0 0 80 0 88 382 0 104 46 0 0 0 212 0 125 20 0 0 0 0 629 0 40 0 67 0 51 0 20 142 747 0 41 812 0 
0 0 0 0 0 0 0 0 0 0 0 0 0 0 100 0 0 0 0 0 0 0 0 0 0 0 0 0 0 0 20 0 0 0 0 0 0 0 0 0 0 0 0 0 0 0 0 0 0 0 0 0 0 0 0 0 0 0 0 0 0 0 0 0 0 0 0 0 0 0 0 0 0 0 0 0 0 0 0 0 0 0 0 40 0 0 0 0 0 0 0 0 0 0 0 0 0 0 0 0 0 0 0 0 0 0 0 0 0 0 0 0 0 0 0 0 0 77 0 0 0 0 0 0 0 0 0 0 0 0 0 0 0 0 0 0 0 0 0 0 0 0 0 0 0 0 0 0 0 0 0 0 26 0 0 0 0 0 0 0 0 0 0 0 0 0 0 0 0 0 0 0 0 0 0 0 0 0 0 0 0 0 0 0 0 0 0 0 0 0 0 0 0 0 0 0 0 0 0 0 0 0 0 0 0 0 0 0 0 0 0 
0 0 0 0 0 0 0 0 0 0 0 0 0 0 0 0 0 0 0 0 0 0 0 0 0 0 0 0 0 0 0 0 0 0 0 0 0 0 0 0 0 0 0 0 0 0 0 0 0 0 0 0 0 0 0 0 0 0 0 0 0 0 0 0 0 0 0 0 0 0 0 0 0 0 0 0 0 0 0 0 0 0 0 0 0 0 0 0 0 0 0 0 0 0 0 0 0 0 0 0 0 0 0 0 0 0 0 0 0 0 0 0 0 0 0 0 0 0 0 0 0 0 0 0 0 0 0 0 0 0 0 0 0 0 0 0 0 0 0 0 0 0 0 0 0 0 0 0 0 0 0 0 0 0 0 0 0 0 0 0 0 0 0 0 0 0 0 0 0 0 0 0 0 0 0 0 0 0 0 0 0 0 0 0 0 0 0 0 0 0 0 0 0 0 0 0 0 0 0 0 0 0 0 0 0 0 0 0 0 0 0 
0 0 0 0 0 0 0 0 0 0 0 0 0 0 0 0 0 0 0 0 0 0 0 0 0 0 0 0 0 0 0 0 0 0 0 0 0 0 0 0 0 0 0 0 0 0 0 0 0 0 0 0 0 0 0 0 0 0 0 0 0 0 0 0 0 0 0 0 0 0 0 0 0 0 0 0 0 0 0 0 0 0 0 0 0 0 0 0 0 0 0 0 0 0 0 0 0 0 0 0 0 0 0 0 0 0 0 0 0 0 0 0 0 0 0 0 0 0 0 0 0 0 0 0 0 0 0 0 0 0 0 0 0 0 0 0 0 0 0 0 0 0 0 0 0 0 0 0 0 0 0 0 0 0 0 0 0 0 0 0 0 0 0 0 0 0 0 0 0 0 0 0 0 0 0 0 0 0 0 0 0 0 0 0 0 0 0 0 0 0 0 0 0 0 0 0 0 0 0 0 0 0 0 0 0 0 0 0 0 0 0 
3744 0 0 0 26 13 0 0 0 0 194 53 0 0 1946 40 0 0 0 0 81 0 599 3427 130 1028 0 0 0 16 552 0 0 0 749 26 240 0 0 77 0 0 0 0 0 57 0 39 465 409 0 116 0 131 0 13 0 56 0 0 26 0 64 151 0 0 0 0 0 0 0 0 0 26 0 0 557 516 0 0 0 112 39 1786 0 120 0 0 131 133 425 40 0 51 26 151 0 0 26 0 58 0 16 108 158 0 26 0 0 0 80 99 0 0 0 0 0 4891 51 516 1126 1301 0 40 291 620 16 132 90 0 26 32 0 0 0 0 0 0 0 0 0 0 0 211 0 75 64 96 514 513 0 96 661 54 1837 14333 450 0 64 0 0 0 1164 2260 0 166 0 51 0 0 0 3331 0 0 0 0 0 0 0 0 39 147 73 51 61 0 0 0 77 0 474 0 368 0 0 96 1016 0 0 0 112 0 0 0 26 13 458 0 58 444 0 
64 0 0 0 0 0 0 51 0 0 16 0 0 0 0 0 0 0 0 0 0 0 0 408 0 0 0 0 0 0 0 0 0 0 0 0 0 0 0 0 40 0 0 0 0 0 0 0 0 32 0 0 0 0 0 0 0 0 0 0 0 0 0 0 0 0 0 0 0 0 0 0 0 0 0 0 108 600 0 0 0 0 26 216 0 0 0 0 0 0 16 80 0 0 0 0 0 0 0 0 0 0 0 0 0 0 0 0 0 0 0 126 0 0 0 0 0 245 0 51 0 80 0 0 0 0 51 0 0 0 0 0 0 0 0 0 0 0 0 0 0 0 0 0 0 0 0 0 0 0 0 0 0 0 160 773 32 0 0 0 0 0 0 0 0 0 0 0 0 0 64 218 0 0 0 0 0 0 20 0 13 0 0 0 47 0 0 0 0 0 0 0 0 0 0 0 0 0 100 0 40 0 0 0 0 0 100 0 0 26 0 
51 0 0 0 0 0 0 0 0 0 0 0 0 0 0 0 0 0 0 0 0 0 0 116 0 0 0 0 0 0 20 0 0 0 113 0 0 0 0 0 0 0 0 0 0 0 0 0 0 0 0 0 0 0 0 0 0 0 0 0 0 0 0 0 0 0 0 0 0 0 0 0 0 0 0 0 0 0 0 0 0 0 0 0 0 0 0 0 0 0 0 0 0 0 100 0 0 0 0 0 0 0 0 0 0 0 0 0 0 0 0 0 0 0 0 0 0 474 0 164 0 0 0 0 51 0 0 0 0 0 0 40 0 0 0 0 0 0 0 0 0 0 0 0 0 0 0 0 0 0 0 0 0 0 64 459 32 0 0 0 0 0 0 0 0 0 0 0 0 0 0 47 0 0 0 0 0 0 0 0 0 0 0 0 0 0 0 0 0 0 0 0 0 0 0 0 0 0 0 0 0 0 0 0 0 0 0 26 0 16 0 
0 0 0 0 0 0 0 0 0 0 0 0 0 0 0 0 0 0 0 0 0 0 0 0 0 0 0 0 0 0 0 0 0 0 0 0 0 0 0 0 0 0 0 0 0 0 0 0 0 0 0 0 0 0 0 0 0 0 0 0 0 0 0 0 0 0 0 0 0 0 0 0 0 0 0 0 0 0 0 0 0 0 0 0 0 0 0 0 0 0 0 0 0 0 0 0 0 0 0 0 0 0 0 0 0 0 0 0 0 0 0 0 0 0 0 0 0 0 0 0 0 0 0 0 0 0 0 0 0 0 0 0 0 0 0 0 0 0 0 0 0 0 0 0 0 0 0 0 0 0 0 0 0 0 0 0 0 0 0 0 0 0 0 0 0 0 0 0 0 0 0 0 0 0 0 0 0 0 0 0 0 0 0 0 0 0 0 0 0 0 0 0 0 0 0 0 0 0 0 0 0 0 0 0 0 0 0 0 0 0 0 
113 0 0 0 0 0 0 0 0 0 0 0 0 0 0 0 0 0 0 0 0 0 0 155 0 51 0 0 0 0 0 0 0 0 0 0 0 0 0 0 0 0 0 0 0 0 0 0 0 64 0 26 0 0 0 0 0 120 0 0 0 0 0 0 0 0 0 0 0 0 0 0 0 0 0 0 26 32 0 0 0 0 0 32 0 0 0 0 0 0 404 0 0 0 0 0 0 0 0 0 0 0 0 0 0 0 0 0 0 0 0 100 0 0 0 13 0 157 0 64 0 0 0 0 26 0 0 0 0 0 0 0 0 0 0 0 0 0 0 0 0 0 0 0 0 0 0 0 77 0 0 0 20 0 20 362 104 0 0 0 0 0 420 0 0 0 0 0 0 0 0 152 0 0 0 0 0 0 0 0 0 0 0 0 0 0 0 0 0 0 0 0 0 0 0 0 77 0 0 0 0 0 0 0 0 0 0 0 0 0 0 
530 0 0 0 0 13 0 0 0 0 0 0 0 0 0 0 0 16 0 0 0 0 72 610 0 0 0 0 0 0 261 0 0 0 0 0 0 0 0 0 0 51 0 0 0 26 0 13 26 20 80 16 0 0 0 0 0 224 0 0 16 0 51 0 20 51 0 0 0 0 0 0 0 13 0 0 51 0 0 0 0 115 0 332 0 0 0 0 0 0 272 40 0 16 0 26 0 0 20 0 0 0 13 0 0 0 0 0 0 0 0 0 0 0 0 0 0 616 0 218 0 90 0 0 51 16 0 0 80 0 51 0 0 0 0 0 0 0 0 0 51 0 0 0 0 16 0 0 110 26 0 0 0 0 154 3063 140 0 0 0 0 0 154 167 0 0 0 0 0 0 0 653 0 0 32 0 0 0 0 0 26 100 0 0 0 0 0 0 90 0 0 0 0 0 0 0 104 0 0 0 51 0 0 0 64 0 182 0 0 77 0 
133 0 0 0 0 0 0 0 0 0 0 0 0 0 0 0 0 0 0 0 0 0 0 51 0 0 0 0 0 0 84 0 0 0 0 0 0 0 0 0 0 0 0 0 0 0 0 0 0 0 0 0 0 0 0 0 0 0 0 0 0 0 0 0 0 0 0 0 0 0 0 0 0 0 0 0 151 0 0 0 0 0 80 115 0 0 0 0 0 13 0 0 0 0 0 96 0 0 0 0 0 0 13 0 0 0 0 0 0 0 0 0 0 0 0 0 0 75 0 0 0 0 0 0 0 0 0 0 0 0 0 0 0 0 0 0 0 0 0 0 0 0 0 0 0 0 0 0 80 0 0 0 40 0 0 388 116 0 0 0 0 0 0 0 0 13 0 0 0 0 0 94 0 0 0 0 0 0 0 0 0 0 0 0 0 0 0 0 0 0 0 0 0 0 0 0 0 0 0 0 0 0 0 0 0 0 64 0 0 32 0 
13 0 0 0 0 0 0 0 0 0 0 0 0 0 0 0 0 0 0 0 0 0 0 100 0 0 0 0 0 0 16 0 0 0 84 0 80 0 0 0 0 0 0 0 0 0 0 0 0 0 0 0 0 0 0 0 0 0 0 0 0 0 0 0 0 0 0 0 0 0 0 0 0 0 0 0 0 0 0 0 0 0 0 0 0 0 0 0 0 0 0 0 0 0 0 0 0 0 51 0 0 0 0 0 0 0 0 0 0 0 0 0 0 0 0 0 0 64 0 0 16 0 0 0 0 0 0 0 0 0 0 0 0 0 0 0 0 0 0 0 0 0 0 0 0 0 0 0 64 0 0 0 0 0 13 251 20 0 0 0 0 0 0 0 0 0 0 0 0 0 0 0 0 0 0 0 0 0 0 0 0 0 0 0 0 0 0 0 0 0 0 0 0 0 0 0 0 0 0 0 0 0 0 0 0 0 0 0 0 0 0 
64 0 0 0 0 0 0 0 0 0 0 0 0 0 0 0 0 0 0 0 0 0 0 13 0 0 0 0 0 0 0 0 0 0 0 0 0 0 0 0 0 0 0 0 0 0 0 0 0 0 0 0 0 0 0 0 0 0 0 0 0 0 0 0 0 0 0 0 0 0 0 0 0 0 0 0 0 0 0 0 0 0 0 0 0 0 0 0 0 0 0 0 0 0 0 0 0 0 0 0 0 0 0 0 0 0 0 0 0 0 0 0 0 0 0 0 0 0 0 0 0 0 0 0 0 0 0 0 0 0 0 0 0 0 0 0 0 0 0 0 0 0 0 0 0 0 0 0 0 0 0 0 0 0 0 100 0 0 0 0 0 0 0 0 0 0 0 0 0 0 0 0 0 0 0 0 0 0 0 0 0 0 0 0 0 0 0 0 0 0 0 0 0 0 0 0 32 0 0 0 0 0 0 0 0 0 0 0 0 0 0 
0 0 0 0 0 0 0 0 0 0 0 0 0 0 0 0 0 0 0 0 0 0 0 0 0 0 0 0 0 0 0 0 0 0 0 0 0 0 0 0 0 0 0 0 0 0 0 0 0 0 0 0 0 0 0 0 0 0 0 0 0 0 0 0 0 0 0 0 0 0 0 0 0 0 0 0 0 0 0 0 0 0 0 0 0 0 0 0 0 0 0 0 0 0 0 0 0 0 0 0 0 0 0 0 0 0 0 0 0 0 0 0 0 0 0 0 0 0 0 0 0 0 0 0 0 0 0 0 0 0 0 0 0 0 0 0 0 0 0 0 0 0 0 0 0 0 0 0 0 0 0 0 0 0 0 0 0 0 0 0 0 0 0 0 0 0 0 0 0 0 0 0 0 0 0 0 0 0 0 0 0 0 0 0 0 0 0 0 0 0 0 0 0 0 0 0 0 0 0 0 0 0 0 0 0 0 0 0 0 0 0 
240 0 0 0 0 0 0 0 0 0 0 0 0 0 0 0 0 0 0 0 0 0 0 171 80 0 0 0 0 0 0 0 0 0 0 0 0 0 0 0 0 0 0 0 0 0 0 0 0 13 0 0 0 0 0 0 0 0 0 0 0 0 0 0 0 0 0 0 0 0 0 0 0 0 0 0 67 0 0 0 0 0 164 72 0 0 0 0 0 0 100 0 0 0 0 0 0 0 0 0 0 0 0 0 80 0 0 0 0 0 0 0 0 0 0 0 0 169 0 0 0 0 0 0 0 0 0 0 0 0 0 0 0 0 0 0 0 0 0 0 0 0 0 0 0 0 0 0 0 0 0 0 0 0 40 411 0 0 0 0 0 16 113 0 0 0 0 0 0 0 0 0 0 0 0 0 0 0 0 0 0 0 0 0 0 0 0 0 0 0 0 0 0 0 0 0 26 0 0 0 51 0 0 0 0 51 0 0 0 51 0 
129 0 0 0 16 51 0 0 0 0 0 0 0 0 0 0 0 0 0 0 0 0 20 1664 0 0 0 0 0 0 26 0 0 0 20 0 32 0 0 0 0 0 0 0 0 0 0 0 30 13 0 0 0 0 0 0 0 0 0 0 0 0 0 0 0 0 0 0 0 0 0 0 0 0 0 0 49 0 0 0 0 0 0 324 0 0 0 0 0 0 0 0 0 0 0 0 0 0 0 0 40 0 151 0 0 0 0 0 0 0 0 0 0 0 0 16 0 541 0 26 0 126 0 0 20 0 0 0 37 0 0 16 0 0 0 0 0 0 0 0 0 0 0 0 0 51 0 0 20 0 0 0 13 13 94 3661 400 0 32 0 0 200 0 46 0 0 0 0 0 0 0 32 0 0 0 0 0 0 0 0 0 32 0 0 32 0 0 0 0 0 0 0 0 0 0 0 65 0 0 0 0 0 0 0 0 0 0 0 0 0 0 
0 0 0 0 0 0 0 0 0 0 0 0 0 0 0 0 0 0 0 0 0 0 0 128 0 0 0 0 0 0 0 0 0 0 0 0 0 0 0 20 0 0 0 0 0 0 0 0 0 0 0 0 0 0 0 0 0 0 0 0 0 0 0 0 0 0 0 0 0 0 0 0 0 0 0 0 0 0 0 0 0 0 0 0 0 0 0 0 0 0 0 100 0 0 0 0 0 0 0 0 0 0 0 0 0 0 0 0 0 0 0 0 0 0 0 0 0 40 0 0 0 0 0 0 0 0 0 0 0 0 0 0 0 0 0 0 0 0 0 0 0 0 0 0 0 0 0 0 0 0 0 0 0 0 0 216 0 0 0 0 0 0 51 0 0 0 0 0 0 0 0 0 0 0 0 0 0 0 0 0 0 0 0 0 0 0 0 0 0 0 0 0 0 0 0 0 64 0 0 0 0 0 0 0 0 0 0 0 0 0 0 
26 0 0 0 0 0 0 0 0 0 0 40 0 0 0 0 0 0 0 0 0 0 0 265 0 0 0 0 0 0 32 0 0 0 13 0 0 0 0 0 0 0 0 0 0 64 0 0 20 0 0 0 0 0 0 0 0 0 0 0 0 0 0 73 0 0 0 0 0 0 0 0 0 0 0 0 131 100 0 0 0 0 0 280 0 0 0 0 0 0 0 0 0 0 0 0 0 0 0 0 0 0 0 0 0 0 0 0 0 0 0 0 0 0 0 0 0 112 0 0 0 0 0 0 0 58 0 0 0 0 0 0 0 0 0 0 0 0 0 0 0 0 0 0 0 80 0 0 198 0 0 0 0 0 96 451 0 0 0 0 0 151 0 0 0 0 0 0 0 0 0 276 0 0 0 0 0 0 0 0 0 100 0 0 0 0 0 0 0 0 0 0 0 0 0 0 0 0 0 0 0 0 0 0 0 0 40 0 0 0 0 
1384 0 0 0 151 51 0 0 64 0 175 144 0 0 1166 26 0 100 100 0 51 0 275 2035 20 236 0 0 0 0 1222 0 0 0 587 0 0 0 220 51 26 0 0 0 0 94 0 0 41 560 26 0 0 0 0 0 0 622 64 0 0 0 0 20 64 0 100 0 0 0 20 0 0 160 0 0 411 148 0 0 0 0 306 2284 0 0 0 0 100 0 2486 147 64 101 0 173 0 0 164 80 131 0 233 40 92 163 0 0 0 0 64 438 0 0 0 206 320 1614 0 513 0 241 0 0 128 57 90 40 26 0 40 0 0 0 0 0 0 0 0 0 0 26 0 0 244 110 0 13 335 453 0 0 354 51 1559 7090 386 80 600 0 0 187 1718 1123 0 113 100 26 0 0 0 4147 0 0 64 0 20 0 91 0 13 93 0 0 0 0 0 0 224 0 100 0 16 0 0 116 327 0 0 0 174 140 13 0 16 177 465 0 137 455 0 
4074 0 0 0 16 0 0 0 0 0 49 107 0 0 747 0 0 0 0 0 32 0 494 4549 58 136 0 0 0 16 461 0 0 0 391 0 0 0 51 0 0 0 0 0 0 0 0 80 164 523 73 110 0 0 0 0 100 72 0 0 73 0 0 0 0 0 219 0 0 0 64 80 0 0 0 26 323 433 80 0 0 32 94 1504 0 0 0 0 0 42 1006 251 160 53 26 0 0 0 51 26 13 0 123 106 32 40 0 0 0 0 16 100 0 0 0 32 0 6133 167 210 80 626 0 0 598 213 51 0 135 0 16 0 51 0 0 0 0 0 0 0 0 0 0 0 40 62 128 0 119 689 0 0 316 67 1487 14062 978 100 0 0 0 484 565 893 0 113 51 84 0 0 0 3061 26 0 51 0 0 0 0 0 117 309 0 0 251 0 0 0 347 16 63 20 63 0 0 46 2171 0 0 0 400 0 274 0 40 67 641 0 13 150 0 
175 0 0 0 0 0 0 0 80 0 0 0 0 0 61 0 0 0 0 0 0 0 26 141 0 80 0 0 0 0 64 0 0 0 51 0 0 0 0 0 0 0 0 0 80 0 0 0 0 64 16 0 0 0 0 0 0 0 0 0 0 0 0 0 0 0 0 0 0 0 0 0 0 0 0 0 32 0 0 0 0 0 0 205 0 0 0 0 0 0 20 0 0 51 0 0 0 0 0 20 0 0 13 0 0 40 0 0 0 16 0 323 0 0 0 0 0 320 0 0 0 0 0 0 20 51 0 0 0 0 32 0 0 0 0 0 0 0 0 0 0 0 0 0 0 0 0 0 0 64 0 0 91 0 77 384 0 0 0 0 0 0 0 172 0 0 0 0 0 0 0 32 0 0 32 0 0 0 0 0 0 32 0 0 0 0 0 0 42 0 0 0 0 0 0 40 47 0 0 0 32 0 0 0 0 32 26 0 20 0 0 
220 0 0 0 0 0 0 0 0 0 0 0 0 0 0 0 0 0 0 0 80 0 0 777 13 0 0 0 0 0 40 0 0 0 0 0 0 0 0 0 0 0 0 0 0 0 0 0 0 147 0 0 0 16 0 0 0 0 0 0 0 0 64 0 0 0 40 0 0 0 0 0 0 26 0 0 75 77 0 0 0 0 0 157 0 0 0 0 0 0 0 0 0 0 16 0 0 0 0 0 0 0 0 0 0 0 0 0 0 0 0 0 0 0 0 0 0 1253 0 257 0 32 0 0 115 240 0 0 0 0 0 32 0 0 0 0 0 0 0 0 0 0 0 0 0 112 0 0 0 16 0 0 0 0 131 1027 13 0 0 0 0 0 284 72 0 0 13 0 0 0 0 637 0 0 0 0 0 0 0 0 0 0 0 51 20 0 0 0 77 0 0 0 64 0 0 0 416 0 0 0 13 0 0 0 0 0 81 0 0 16 0 
0 0 0 0 0 0 0 0 0 0 0 0 0 0 0 0 0 0 0 0 0 0 0 0 0 0 0 0 0 0 0 0 0 0 0 0 0 0 0 0 0 0 0 0 0 0 0 0 0 0 0 0 0 0 0 0 0 0 0 0 0 0 0 0 0 0 0 0 0 0 0 0 0 0 0 0 0 0 0 0 0 0 0 0 0 0 0 0 0 0 0 0 0 0 0 0 0 0 0 0 0 0 0 0 0 0 0 0 0 0 0 0 0 0 0 0 0 0 0 0 0 0 0 0 0 0 0 0 0 0 0 0 0 0 0 0 0 0 0 0 0 0 0 0 0 0 0 0 0 0 0 0 0 0 0 0 0 0 0 0 0 0 0 0 0 0 0 0 0 0 0 0 0 0 0 0 0 0 0 0 0 0 0 0 0 0 0 0 0 0 0 0 0 0 0 0 0 0 0 0 0 0 0 0 0 0 0 0 0 0 0 
0 0 0 0 0 0 0 0 0 0 64 0 0 0 0 0 0 0 0 0 0 0 0 118 0 0 0 0 0 0 0 0 0 0 26 0 0 0 0 0 0 0 0 0 0 0 0 0 0 0 0 0 0 0 0 0 0 0 0 0 0 0 0 0 0 0 0 0 0 0 0 0 0 0 0 0 0 0 0 0 0 0 0 0 0 0 0 0 0 0 0 0 0 0 0 0 0 0 16 0 0 0 0 0 0 0 0 0 0 0 0 0 0 0 0 0 0 354 0 0 0 0 0 0 0 0 0 0 0 0 0 0 0 0 0 0 0 0 0 0 0 0 0 0 0 0 0 0 0 0 0 0 0 0 0 216 0 0 0 0 0 0 0 51 0 0 0 0 0 0 0 0 0 0 0 0 0 0 0 0 0 0 0 0 0 0 0 0 0 0 0 0 0 0 0 0 0 0 0 0 0 0 0 0 0 0 100 0 0 0 0 
0 0 0 0 0 0 0 0 0 0 0 0 0 0 0 0 0 0 0 0 0 0 0 0 0 0 0 0 0 0 0 0 0 0 0 0 0 0 0 0 0 0 0 0 0 0 0 0 0 0 0 0 0 0 0 0 0 0 0 0 0 0 0 0 0 0 0 0 0 0 0 0 0 0 0 0 0 0 0 0 0 0 0 0 0 0 0 0 0 0 0 0 0 0 0 0 0 0 0 0 0 0 0 0 0 0 0 0 0 0 0 0 0 0 0 0 0 0 0 0 0 0 0 0 0 0 0 0 0 0 0 0 0 0 0 0 0 0 0 0 0 0 0 0 0 0 0 0 0 0 0 0 0 0 0 0 0 0 0 0 0 0 0 0 0 0 0 0 0 0 0 0 0 0 0 0 0 0 0 0 0 0 0 0 0 0 0 0 0 0 0 0 0 0 0 0 0 0 0 0 0 0 0 0 0 0 0 0 0 0 0 
40 0 0 0 0 0 0 0 0 0 0 0 0 0 0 0 0 0 0 0 0 0 0 26 0 0 0 0 0 0 100 0 0 0 0 0 0 0 0 0 0 0 0 0 0 0 0 0 0 0 0 0 0 0 0 0 0 0 0 0 0 0 0 0 0 0 0 0 0 0 0 0 0 0 0 0 0 0 0 0 0 0 16 0 0 0 0 0 0 51 0 0 0 0 0 0 0 0 0 0 0 0 61 0 0 0 0 0 0 0 0 0 0 0 0 0 0 90 0 64 0 80 0 0 0 0 0 0 0 0 0 0 0 0 0 0 0 0 0 0 0 0 0 0 0 0 0 0 0 0 0 0 0 13 100 240 0 0 0 0 0 0 93 0 0 0 0 0 0 0 0 396 0 0 0 0 0 0 0 0 0 0 0 0 0 0 0 0 0 0 0 0 0 0 0 0 64 0 0 0 0 0 0 0 0 0 32 0 0 100 0 
80 0 0 0 0 0 0 0 0 0 0 0 0 0 0 0 0 0 0 0 0 0 32 120 0 0 0 0 0 0 184 0 0 0 13 0 0 0 0 0 0 0 0 0 0 0 0 0 0 0 0 0 0 0 0 0 0 0 0 0 0 0 0 0 0 0 0 0 0 0 0 0 0 0 0 0 0 0 0 0 0 0 0 32 0 0 0 0 0 0 0 0 0 0 0 0 0 0 0 0 0 0 0 0 0 0 0 0 0 0 0 0 0 0 0 0 0 169 0 32 0 0 0 0 0 0 0 0 0 0 0 0 0 0 0 0 0 0 0 0 0 0 0 0 0 0 0 0 0 0 0 0 0 0 200 265 0 0 0 0 0 0 20 0 0 0 0 0 0 0 0 103 0 0 0 0 0 0 0 0 0 0 0 0 0 0 0 0 126 0 0 0 0 0 0 0 0 0 0 0 0 0 0 0 0 0 0 0 0 0 0 
785 0 0 0 0 0 0 0 13 0 0 26 0 0 80 0 0 0 0 0 51 0 47 775 0 421 0 0 0 0 340 0 0 0 155 0 0 0 0 0 0 0 0 0 0 0 0 0 180 415 20 0 0 26 0 0 0 40 0 0 0 0 0 0 0 16 0 0 0 0 51 0 0 0 0 0 248 177 0 0 0 0 0 635 0 0 0 0 0 160 252 64 0 13 0 16 0 0 0 0 0 0 324 0 0 0 0 0 0 0 0 576 0 0 0 0 0 611 0 80 0 32 0 0 172 0 0 0 26 0 0 0 0 0 0 0 0 0 0 0 0 0 0 0 0 20 0 0 144 120 0 0 161 87 99 2047 240 0 16 0 0 129 13 105 0 0 0 32 0 0 0 1110 64 0 0 0 73 0 26 0 80 131 0 0 0 0 0 0 116 13 0 0 102 0 0 0 84 0 16 0 0 0 0 0 0 0 525 0 262 34 0 
0 0 0 0 0 0 0 0 0 0 0 0 0 0 0 0 0 0 0 0 0 0 0 0 0 0 0 0 0 0 0 0 0 0 0 0 0 0 0 0 0 0 0 0 0 0 0 0 0 0 0 0 0 0 0 0 0 0 0 0 0 0 0 0 0 0 0 0 0 0 0 0 0 0 0 0 0 0 0 0 0 0 0 0 0 0 0 0 0 0 128 0 0 0 0 0 0 0 0 0 0 0 0 0 0 0 0 0 0 0 0 0 0 0 0 0 0 40 0 0 0 0 0 0 0 0 0 0 0 0 0 0 0 0 0 0 0 0 0 0 0 0 0 0 0 0 0 0 0 0 0 0 0 0 0 113 0 0 0 0 0 0 0 0 0 0 0 0 0 0 0 420 0 0 0 0 0 0 0 0 0 0 0 0 0 0 0 0 0 0 0 0 0 0 0 0 0 0 0 0 0 0 0 0 0 0 0 0 0 0 0 
0 0 0 0 0 0 0 0 0 0 0 0 0 0 0 0 0 0 0 0 0 0 0 0 0 0 0 0 0 0 0 0 0 0 0 0 0 0 0 0 0 0 0 0 0 0 0 0 0 0 0 0 0 0 0 0 0 0 0 0 0 0 0 0 0 0 0 0 0 0 0 0 0 0 0 0 0 0 0 0 0 0 0 0 0 0 0 0 0 0 0 0 0 0 0 0 0 0 0 0 0 0 0 0 0 0 0 0 0 0 0 0 0 0 0 0 0 0 0 0 0 0 0 0 0 0 0 0 0 0 0 0 0 0 0 0 0 0 0 0 0 0 0 0 0 0 0 0 0 0 0 0 0 0 0 0 0 0 0 0 0 0 0 0 0 0 0 0 0 0 0 0 0 0 0 0 0 0 0 0 0 0 0 0 0 0 0 0 0 0 0 0 0 0 0 0 0 0 0 0 0 0 0 0 0 0 0 0 0 0 0 
206 0 0 0 0 0 0 0 0 0 0 0 0 0 143 0 0 0 0 0 0 0 0 388 0 0 0 0 0 0 0 0 0 0 64 0 0 0 0 0 0 0 0 0 0 0 0 0 0 140 0 0 0 0 0 0 0 0 0 0 0 0 0 0 0 0 0 0 0 0 0 0 0 0 0 0 30 42 0 0 0 0 0 0 0 0 0 0 0 100 13 0 0 0 0 0 0 0 0 0 0 0 0 0 64 16 0 0 0 0 0 0 0 0 0 0 0 259 0 0 0 0 0 0 0 0 0 0 0 0 0 0 0 0 0 0 0 0 0 0 0 0 0 0 0 0 0 0 113 0 0 0 0 0 64 613 0 0 0 0 0 0 0 100 0 0 0 0 0 0 0 300 0 0 0 0 0 0 0 0 0 192 0 0 0 0 0 0 0 0 0 0 51 0 0 0 16 0 0 0 0 0 0 0 0 0 180 0 100 0 0 
0 0 0 0 0 0 0 0 0 0 0 0 0 0 0 0 0 0 0 0 0 0 0 0 0 0 0 0 0 0 0 0 0 0 0 0 0 0 0 0 0 0 0 0 0 0 0 0 0 0 0 0 0 0 0 0 0 0 0 0 0 0 0 0 0 0 0 0 0 0 0 0 0 0 0 0 100 0 0 0 0 0 0 0 0 0 0 0 0 0 0 0 0 0 0 0 0 0 0 0 0 0 0 0 0 0 0 0 0 0 0 0 0 0 0 0 0 0 0 0 0 0 0 0 0 0 0 0 0 0 0 0 0 0 0 0 0 0 0 0 0 0 0 0 0 0 0 0 0 0 0 0 0 0 0 0 0 0 0 0 0 0 0 0 0 0 0 0 0 0 0 80 0 0 0 0 0 0 0 0 0 0 0 0 0 0 0 0 0 0 0 0 0 0 0 0 0 0 0 0 0 0 0 0 0 0 0 0 0 0 0 
58 0 0 0 40 0 0 0 0 0 0 20 0 0 437 0 0 0 0 0 0 0 40 133 16 0 0 0 0 0 26 0 0 0 0 0 0 0 0 64 0 0 0 0 0 64 0 0 40 0 0 0 0 0 0 0 0 40 0 0 0 0 0 0 0 0 0 0 0 0 0 0 0 0 0 64 0 49 0 0 0 0 64 225 0 0 0 0 0 16 58 0 0 0 0 0 0 0 0 0 0 0 0 16 0 0 0 0 0 0 0 0 0 0 0 0 0 348 0 84 0 26 0 0 0 0 0 0 13 0 13 0 0 0 0 0 0 0 0 0 0 0 0 32 0 0 0 0 13 0 0 0 0 0 311 2496 0 0 0 0 0 0 0 340 0 0 0 0 0 0 0 109 0 0 0 0 0 0 0 0 0 0 0 0 40 0 0 0 0 0 0 0 0 0 0 0 264 0 26 0 0 0 0 0 0 0 57 0 47 32 0 
264 0 0 0 0 0 0 0 0 0 0 0 0 0 0 0 0 0 0 0 0 0 0 675 0 0 0 0 0 0 156 0 0 0 51 0 0 0 0 0 0 0 0 0 0 0 0 0 176 47 0 26 0 0 0 0 0 13 0 0 0 0 0 0 0 26 0 0 0 0 0 0 0 0 0 0 20 40 0 0 0 0 0 235 0 0 0 0 0 0 0 234 0 0 0 0 0 0 0 0 80 0 0 0 0 0 0 0 32 0 0 0 0 0 0 0 0 402 0 100 0 226 0 0 0 1238 0 0 0 0 0 26 0 0 0 0 0 0 0 0 0 0 0 64 0 0 16 0 0 0 0 0 26 0 26 784 0 0 0 0 0 0 64 64 0 32 112 0 0 0 0 557 0 0 40 0 0 0 0 0 0 0 0 0 0 0 0 0 0 0 0 0 0 0 0 0 26 0 0 0 0 0 0 0 0 0 195 0 40 0 0 
26 0 0 0 0 0 0 0 0 0 0 0 0 0 20 0 0 0 0 0 0 0 0 54 0 0 0 0 0 0 0 0 0 0 26 0 0 0 0 0 0 0 0 0 0 0 0 0 0 100 0 0 0 0 0 0 0 0 26 0 0 0 0 0 0 0 0 0 0 0 0 0 0 0 0 0 13 0 0 0 0 0 0 139 0 0 0 0 0 0 40 0 0 0 0 0 0 0 0 0 0 0 80 0 0 0 0 0 0 0 0 40 0 0 0 0 0 100 0 0 0 40 0 0 378 0 0 0 0 0 0 0 0 0 0 0 0 0 0 0 0 0 0 0 32 0 0 0 0 0 0 0 0 0 0 0 0 0 0 0 0 0 0 0 0 0 0 0 0 0 0 100 0 0 0 0 0 0 0 0 0 0 0 0 0 0 0 0 0 0 0 0 0 0 0 0 0 0 0 0 0 0 0 0 0 0 0 0 51 0 0 
100 0 0 0 0 0 0 0 0 0 0 0 0 0 144 0 0 0 0 0 0 0 0 193 0 64 0 0 0 0 0 0 0 0 20 0 0 0 0 0 0 0 0 0 0 0 0 64 100 0 0 64 0 0 0 0 0 0 0 0 0 0 0 0 0 0 0 0 0 0 0 0 0 0 0 0 326 16 0 0 0 0 0 240 0 0 0 0 0 0 40 0 0 0 0 0 0 0 0 0 0 0 0 0 0 0 0 0 0 0 0 0 0 0 0 0 0 143 0 32 0 0 0 0 0 0 0 0 0 0 0 0 0 0 0 0 0 0 0 0 0 0 0 0 0 0 0 0 0 0 0 0 0 0 16 410 64 0 0 0 0 0 51 0 0 0 0 0 0 0 0 751 0 0 0 0 0 0 0 0 64 0 0 0 0 0 0 0 0 0 0 0 0 0 0 0 0 0 0 0 0 0 0 0 0 0 0 0 0 0 0 
64 0 0 0 0 0 0 0 0 0 0 51 0 0 72 0 0 0 0 0 0 0 16 977 0 13 0 0 0 0 40 0 0 0 32 0 0 0 0 32 0 32 0 0 0 0 0 0 51 80 0 51 0 0 0 0 0 0 0 0 0 0 0 0 0 0 110 0 0 0 80 0 0 0 0 0 141 40 0 0 0 80 13 398 0 0 0 0 0 80 40 0 40 0 0 0 0 0 0 0 0 0 0 0 0 0 0 0 0 0 0 0 0 0 0 0 0 731 0 104 0 100 0 0 20 0 0 80 0 0 0 100 0 0 0 0 0 0 0 0 0 0 0 0 0 0 0 0 64 0 0 0 0 0 100 1160 16 0 0 0 0 0 224 0 0 0 0 40 0 0 0 390 0 0 64 0 0 0 0 0 40 0 0 64 0 0 0 0 0 0 0 0 500 0 0 0 96 0 0 0 0 0 0 0 0 0 308 0 0 0 0 
0 0 0 0 0 0 0 0 0 0 0 0 0 0 0 0 0 0 0 0 0 0 0 0 0 0 0 0 0 0 0 0 0 0 0 0 0 0 0 0 0 0 0 0 0 0 0 0 0 0 0 0 0 0 0 0 0 0 0 0 0 0 0 0 0 0 0 0 0 0 0 0 0 0 0 0 0 0 0 0 0 0 0 0 0 0 0 0 0 0 0 0 0 0 0 0 0 0 0 0 0 0 0 0 0 0 0 0 0 0 0 0 0 0 0 0 0 0 0 0 0 0 0 0 0 0 0 0 0 0 0 0 0 0 0 0 0 0 0 0 0 0 0 0 0 0 0 0 0 0 0 0 0 0 0 0 0 0 0 0 0 0 0 0 0 0 0 0 0 0 0 0 0 0 0 0 0 0 0 0 0 0 0 0 0 0 0 0 0 0 0 0 0 0 0 0 0 0 0 0 0 0 0 0 0 0 0 0 0 0 0 
0 0 0 0 0 0 0 0 0 0 0 0 0 0 0 0 0 0 0 0 0 0 0 0 0 0 0 0 0 0 0 0 0 0 0 0 0 0 0 0 0 0 0 0 0 0 0 0 0 0 0 0 0 0 0 0 0 0 0 0 0 0 0 0 0 0 0 0 0 0 0 0 0 0 0 0 0 0 0 0 0 0 0 0 0 0 0 0 0 0 0 0 0 0 0 0 0 0 0 0 0 0 0 0 0 0 0 0 0 0 0 0 0 0 0 0 0 0 0 0 0 0 0 0 0 0 0 0 0 0 0 0 0 0 0 0 0 0 0 0 0 0 0 0 0 0 0 0 0 0 0 0 0 0 0 0 0 0 0 0 0 0 0 0 0 0 0 0 0 0 0 0 0 0 0 0 0 0 0 0 0 0 0 0 0 0 0 0 0 0 0 0 0 0 0 0 0 0 0 0 0 0 0 0 0 0 0 0 0 0 0 
0 0 0 0 0 0 0 0 0 0 0 0 0 0 0 0 0 0 0 0 0 0 0 0 0 0 0 0 0 0 0 0 0 0 0 0 0 0 0 0 0 0 0 0 0 0 0 0 0 0 0 0 0 0 0 0 0 0 0 0 0 0 0 0 0 0 0 0 0 0 0 0 0 0 0 0 0 0 0 0 0 0 0 0 0 0 0 0 0 0 0 0 0 0 0 0 0 0 0 0 0 0 0 0 0 0 0 0 0 0 0 0 0 0 0 0 0 0 0 0 0 0 0 0 0 0 0 0 0 0 0 0 0 0 0 0 0 0 0 0 0 0 0 0 0 0 0 0 0 0 0 0 0 0 0 0 0 0 0 0 0 0 0 0 0 0 0 0 0 0 0 0 0 0 0 0 0 0 0 0 0 0 0 0 0 0 0 0 0 0 0 0 0 0 0 0 0 0 0 0 0 0 0 0 0 0 0 0 0 0 0 
341 0 0 0 26 0 0 0 0 0 0 0 0 0 0 0 0 0 0 0 0 0 0 139 0 0 0 0 0 0 192 0 0 0 0 0 0 0 0 0 0 0 0 0 0 0 0 0 0 0 0 0 0 0 0 0 0 0 0 0 0 0 0 0 0 0 0 0 0 0 0 0 0 0 0 0 0 0 0 0 0 0 0 100 0 0 0 0 0 0 20 13 0 0 0 0 0 0 0 0 0 0 51 0 0 0 0 0 0 0 0 0 0 0 0 0 0 34 0 0 0 0 0 0 51 0 0 0 0 0 0 0 0 0 0 51 0 0 0 0 0 0 0 0 0 0 0 0 300 0 0 0 0 0 100 218 0 0 0 0 0 0 0 0 0 100 0 0 0 0 0 178 0 0 0 0 0 0 0 0 0 0 0 0 0 0 0 0 100 0 0 0 0 0 0 0 32 0 0 0 0 0 0 0 0 0 67 0 0 0 0 
0 0 0 0 0 0 0 0 0 0 0 0 0 0 64 0 0 0 0 0 0 0 0 0 0 0 0 0 0 0 0 0 0 0 0 0 0 0 0 0 0 0 0 0 0 0 0 0 0 0 0 0 0 0 0 0 0 0 0 0 0 0 0 0 0 0 0 0 0 0 0 0 0 0 0 0 0 80 0 0 0 0 0 0 0 0 0 0 0 0 0 0 0 0 0 0 0 0 0 0 0 0 0 0 0 0 0 0 0 0 0 0 0 0 0 0 0 0 0 0 0 0 0 0 40 0 0 0 0 0 0 0 0 0 0 0 0 0 0 0 0 0 0 0 0 0 0 0 0 0 0 0 0 0 0 20 0 0 0 0 0 0 0 0 0 0 0 0 0 0 0 0 0 0 0 0 0 0 0 0 0 0 0 0 0 0 0 0 0 0 0 0 0 0 0 0 0 0 0 0 0 0 0 0 0 0 26 0 0 0 0 
0 0 0 0 0 0 0 0 0 0 0 0 0 0 0 0 0 0 0 0 0 0 0 0 0 0 0 0 0 0 0 0 0 0 0 0 0 0 0 0 0 0 0 0 0 0 0 0 0 0 0 0 0 0 0 0 0 0 0 0 0 0 0 0 0 0 0 0 0 0 0 0 0 0 0 0 0 0 0 0 0 0 0 0 0 0 0 0 0 0 0 0 0 0 0 0 0 0 0 0 0 0 0 0 0 0 0 0 0 0 0 0 0 0 0 0 0 0 0 0 0 0 0 0 0 0 0 0 0 0 0 0 0 0 0 0 0 0 0 0 0 0 0 0 0 0 0 0 0 0 0 0 0 0 0 0 0 0 0 0 0 0 0 0 0 0 0 0 0 0 0 0 0 0 0 0 0 0 0 0 0 0 0 0 0 0 0 0 0 0 0 0 0 0 0 0 0 0 0 0 0 0 0 0 0 0 0 0 0 0 0 
67 0 0 0 112 0 0 0 0 0 64 0 0 0 0 0 0 0 0 0 80 0 0 92 0 0 0 0 0 0 16 0 0 0 0 0 0 0 0 80 0 0 0 0 0 0 0 0 0 0 0 0 0 0 0 0 0 0 0 0 0 0 0 0 0 0 0 0 0 0 0 0 0 32 0 0 13 0 0 0 0 80 0 157 0 0 0 0 0 0 0 0 0 0 0 0 0 0 0 0 0 0 0 0 0 0 0 0 0 0 0 0 0 0 0 0 0 134 0 80 0 0 0 0 64 0 0 0 47 51 0 0 0 0 0 0 0 0 0 0 0 0 0 0 0 0 0 0 0 0 0 0 0 64 51 131 77 0 40 0 0 64 0 103 0 0 0 0 0 0 0 211 0 0 0 0 0 0 0 0 0 0 0 0 0 0 0 0 0 0 0 0 0 0 0 0 78 0 0 0 80 0 0 0 0 0 51 0 0 0 0 
0 0 0 0 0 0 0 0 0 0 0 0 0 0 0 0 0 0 0 0 0 0 0 0 0 0 0 0 0 0 0 0 0 0 0 0 0 0 0 0 0 0 0 0 0 0 0 0 0 0 0 0 0 0 0 0 0 0 0 0 0 0 0 0 0 0 0 0 0 0 0 0 0 0 0 0 0 0 0 0 0 0 0 0 0 0 0 0 0 0 0 0 0 0 0 0 0 0 0 0 0 0 0 0 0 0 0 0 0 0 0 0 0 0 0 0 0 0 0 0 0 0 0 0 0 0 0 0 0 0 0 0 0 0 0 0 0 0 0 0 0 0 0 0 0 0 0 0 0 0 0 0 0 0 0 0 0 0 0 0 0 0 0 0 0 0 0 0 0 0 0 0 0 0 0 0 0 0 0 0 0 0 0 0 0 0 0 0 0 0 0 0 0 0 0 0 0 0 0 0 0 0 0 0 0 0 0 0 0 0 0 
164 0 0 0 0 0 0 0 0 0 0 40 0 0 16 0 0 0 0 0 0 0 0 0 32 0 0 0 0 0 64 0 0 0 0 0 0 0 0 0 0 0 0 0 0 0 0 0 0 0 0 0 0 0 0 0 0 0 0 0 0 0 0 0 0 0 0 0 0 0 0 0 0 0 0 0 0 0 0 0 0 0 0 13 0 0 0 0 0 0 0 0 0 0 0 0 0 0 0 0 0 0 0 0 0 0 0 0 0 0 0 0 0 0 0 0 0 40 0 0 0 51 0 0 0 0 0 0 0 0 0 0 0 0 0 0 0 0 0 0 0 0 0 0 0 0 0 0 0 0 0 0 0 0 0 217 51 0 0 0 0 0 112 0 0 0 0 0 0 0 0 176 0 0 0 0 0 0 0 0 0 0 0 0 0 0 0 0 0 0 0 0 0 0 0 0 100 0 0 0 0 0 0 0 0 0 0 0 0 0 0 
5064 0 0 0 267 0 0 64 0 0 115 239 0 0 796 0 0 0 0 0 176 0 375 4514 0 662 0 0 0 20 927 0 0 0 623 20 64 0 40 195 0 16 0 0 20 116 0 100 338 733 80 106 0 51 0 0 72 179 0 0 0 0 257 100 0 0 153 0 0 0 51 0 0 80 0 0 895 194 0 0 0 51 132 2177 0 40 0 0 40 81 1527 100 0 115 104 96 0 0 644 74 163 0 444 80 104 131 0 0 0 0 0 402 0 0 0 0 0 5444 40 528 16 364 0 0 547 338 26 128 39 0 153 40 0 0 0 20 0 0 0 0 0 0 0 180 51 119 0 132 863 1241 0 0 737 166 1154 15567 1199 228 98 0 0 357 969 1907 0 20 51 16 20 0 40 4671 20 0 80 0 64 0 113 40 98 160 200 51 100 0 0 0 389 20 240 51 88 0 0 73 1019 0 52 0 300 0 26 0 0 132 406 0 84 318 0 
1342 0 0 0 0 100 0 64 0 0 72 80 0 0 815 115 0 0 0 0 0 0 254 2458 118 560 0 0 0 51 413 0 0 0 196 0 0 0 0 40 0 151 0 0 0 0 0 0 26 689 0 0 0 0 0 20 0 37 0 0 0 0 20 151 40 0 100 0 0 0 0 20 0 0 0 0 144 101 32 0 0 0 0 1073 0 26 0 0 13 65 654 210 0 0 0 16 0 0 55 13 26 0 106 26 30 96 80 0 0 0 0 26 0 0 0 51 0 2388 20 462 40 400 0 16 160 354 16 144 32 0 20 157 0 0 0 0 0 0 0 0 51 0 0 32 51 73 0 0 264 126 0 0 280 112 900 10194 661 32 72 0 0 280 195 645 0 432 51 16 0 0 26 2953 131 0 40 0 0 0 16 26 92 13 0 0 0 0 0 0 177 77 0 26 32 0 0 0 1196 0 0 0 103 0 64 0 100 0 412 0 0 100 0 
80 0 0 0 0 0 0 0 0 0 0 0 0 0 0 0 0 0 0 0 0 0 0 167 0 80 0 0 0 0 0 0 0 0 0 0 0 0 0 0 0 0 0 0 0 0 0 0 0 100 0 0 0 0 0 0 0 0 0 0 0 0 0 0 0 0 0 0 0 0 0 0 0 0 0 0 26 0 0 0 0 0 0 64 0 0 0 0 0 0 20 0 0 0 0 0 0 0 0 0 0 0 0 0 0 0 0 0 0 0 26 0 0 0 0 0 0 32 0 51 0 0 0 0 0 0 0 0 0 0 0 0 0 0 0 0 0 0 0 0 0 0 0 0 0 0 0 51 0 0 0 0 0 0 0 147 0 0 0 0 0 0 0 51 0 0 0 0 0 0 0 320 0 0 0 0 0 0 0 0 100 0 0 0 0 0 0 0 0 0 80 0 0 0 0 0 0 0 0 0 0 0 0 0 0 0 0 0 0 0 0 
0 0 0 0 0 0 0 0 0 0 0 0 0 0 0 0 0 0 0 0 0 0 0 0 0 0 0 0 0 0 0 0 0 0 0 0 0 0 0 0 0 0 0 0 0 0 0 0 0 0 0 0 0 0 0 0 0 0 0 0 0 0 0 0 0 0 0 0 0 0 0 0 0 0 0 0 0 0 0 0 0 0 0 0 0 0 0 0 0 0 0 0 0 0 0 0 0 0 0 0 0 0 0 0 0 0 0 0 0 0 0 0 0 0 0 0 0 0 0 0 0 0 0 0 0 0 0 0 0 0 0 0 0 0 0 0 0 0 0 0 0 0 0 0 0 0 0 0 0 0 0 0 0 0 0 0 0 0 0 0 0 0 0 0 0 0 0 0 0 0 0 0 0 0 0 0 0 0 0 0 0 0 0 0 0 0 0 0 0 0 0 0 0 0 0 0 0 0 0 0 0 0 0 0 0 0 0 0 0 0 0 
20 0 0 0 0 0 0 0 0 0 0 0 0 0 0 0 0 0 0 0 0 0 0 0 0 0 0 0 0 0 51 0 0 0 0 0 0 0 0 0 0 0 0 0 0 0 0 0 0 0 0 0 0 0 0 0 0 0 0 0 0 0 0 0 0 0 0 0 0 0 0 0 0 0 0 0 0 0 0 0 0 0 0 13 0 0 0 0 0 0 0 0 0 0 0 0 0 0 0 0 0 0 0 0 0 0 0 0 0 0 0 0 0 0 0 0 0 0 0 0 0 0 0 0 0 0 0 0 0 0 0 0 0 0 0 0 0 0 0 0 0 0 0 0 0 0 0 0 0 0 0 0 0 0 0 0 0 0 64 0 0 0 0 0 0 0 0 0 0 0 0 0 0 0 0 0 0 0 0 0 0 0 0 0 0 0 0 0 0 0 0 0 0 0 0 0 0 0 0 0 0 0 0 0 0 0 0 0 0 0 0 
856 0 0 0 20 0 0 0 0 0 100 192 0 0 311 0 0 140 0 0 0 0 128 983 32 92 0 0 0 0 787 0 0 0 106 51 0 0 0 157 0 16 100 0 0 0 0 0 47 181 0 0 0 0 0 0 0 94 0 0 0 0 0 51 0 0 0 0 0 0 0 0 0 0 0 0 259 39 26 0 0 0 180 1068 80 0 0 0 80 0 589 49 0 0 20 0 0 0 140 80 96 0 51 77 53 20 0 0 0 0 0 90 0 0 0 40 0 1070 0 295 20 34 0 0 130 77 80 0 0 0 0 32 0 0 0 0 0 0 0 0 0 0 0 0 0 0 0 80 57 276 0 0 81 32 1104 2581 0 51 32 0 0 184 484 581 0 0 140 0 0 0 0 1312 0 0 46 0 0 0 0 0 80 0 0 0 0 0 0 0 51 0 116 0 51 0 0 0 188 0 0 0 13 0 0 0 0 0 272 0 0 262 0 
830 0 0 0 0 0 0 0 0 0 0 104 0 0 73 0 0 0 0 0 0 0 196 249 0 630 0 0 0 0 64 0 0 0 73 0 0 0 0 0 0 0 0 0 32 40 0 0 0 13 112 0 0 0 0 0 0 310 0 0 0 0 0 0 0 51 0 0 0 0 0 0 0 0 0 0 131 64 13 0 0 0 0 194 0 0 0 0 0 73 894 32 0 80 0 40 0 0 0 80 13 0 40 0 0 244 0 0 0 0 0 215 0 0 0 90 0 399 20 51 0 218 0 0 66 46 51 0 20 0 0 0 0 0 0 0 0 0 0 0 0 0 0 0 0 393 0 0 13 42 0 0 173 139 428 1968 0 0 0 0 0 0 1144 220 0 64 0 0 0 0 0 1251 0 0 0 0 0 0 0 0 0 30 0 0 0 0 0 0 0 64 0 0 54 0 0 0 52 0 0 0 0 0 0 0 0 73 124 0 40 846 0 
13846 0 0 0 312 0 13 96 51 0 183 562 0 0 3159 0 0 104 0 0 186 0 1429 14619 607 1034 0 0 0 73 2904 0 0 0 1840 67 16 0 113 550 0 52 0 0 13 395 65 100 1725 1775 64 471 0 200 0 0 16 708 0 0 110 100 126 237 16 91 797 0 0 0 104 0 0 58 0 80 2024 1208 32 0 0 458 156 4853 100 0 0 0 26 330 2748 852 16 86 140 360 0 0 635 101 369 0 655 710 192 121 177 32 180 20 0 620 0 77 120 200 0 18011 13 1496 73 1219 0 116 1272 917 65 272 787 32 290 196 80 32 0 64 0 0 0 0 112 77 0 106 120 617 64 141 1039 2522 0 26 1710 440 3834 51355 1335 20 300 0 80 1324 2414 4551 0 2845 276 324 51 0 180 12992 138 0 327 0 0 0 233 0 123 458 0 47 634 0 0 0 1129 100 190 0 728 0 0 0 5264 0 400 0 538 51 435 0 80 367 2477 64 346 910 0 
0 0 0 0 0 0 0 0 0 0 0 0 0 0 80 0 0 0 0 0 0 0 0 32 0 0 0 0 0 0 0 0 0 0 0 0 0 0 0 0 0 0 0 0 0 0 0 0 0 0 0 0 0 0 0 0 0 0 0 0 0 0 0 0 0 0 0 0 0 0 0 0 0 0 0 0 0 0 0 0 0 0 0 0 0 0 0 0 0 0 0 0 0 0 0 0 0 0 0 0 0 0 0 0 0 0 0 0 0 0 0 0 0 0 0 0 0 100 0 0 0 0 0 0 0 0 0 0 0 0 0 0 0 0 0 0 0 0 0 0 0 0 0 0 0 0 0 0 0 0 0 0 0 0 0 0 0 0 0 0 0 64 0 0 0 0 0 0 0 0 0 20 0 0 0 0 0 0 0 0 0 0 0 0 0 0 0 0 0 0 0 0 0 0 0 0 0 0 0 0 0 0 0 0 0 0 0 0 0 0 0 
0 0 0 0 0 0 0 0 0 0 0 0 0 0 32 0 0 0 0 0 0 0 0 0 0 0 0 0 0 0 0 0 0 0 0 0 0 0 0 0 0 0 0 0 0 0 0 0 40 0 0 0 0 0 0 0 0 0 0 0 0 0 0 0 0 0 0 0 0 0 0 0 0 0 0 0 0 100 0 0 0 0 0 20 0 0 0 0 0 0 53 0 0 0 0 0 0 0 0 0 0 0 0 0 0 0 0 0 0 0 0 0 0 0 0 0 0 356 0 51 0 0 0 0 0 0 0 0 0 0 0 0 0 0 0 0 0 0 0 0 0 0 0 0 0 0 0 0 0 40 0 0 0 0 0 441 40 0 0 0 0 0 0 80 0 0 0 0 0 0 0 364 0 0 0 0 0 0 0 0 0 0 51 0 0 0 0 0 0 0 0 0 0 0 0 0 151 0 0 0 67 0 0 0 0 0 0 0 0 16 0 
0 0 0 0 0 0 0 0 0 0 0 0 0 0 0 0 0 0 0 0 0 0 0 0 0 0 0 0 0 0 0 0 0 0 0 0 0 0 0 0 0 0 0 0 0 0 0 0 0 0 0 0 0 0 0 0 0 0 0 0 0 0 0 0 0 0 0 0 0 0 0 0 0 0 0 0 0 0 0 0 0 0 0 0 0 0 0 0 0 0 0 0 0 0 0 0 0 0 0 0 0 0 0 0 0 0 0 0 0 0 0 0 0 0 0 0 0 0 0 0 0 0 0 0 0 0 0 0 0 0 0 0 0 0 0 0 0 0 0 0 0 0 0 0 0 0 0 0 0 0 0 0 0 0 0 0 0 0 0 0 0 0 0 0 0 0 0 0 0 0 0 0 0 0 0 0 0 0 0 0 0 0 0 0 0 0 0 0 0 0 0 0 0 0 0 0 0 0 0 0 0 0 0 0 0 0 0 0 0 0 0 
0 0 0 0 0 0 0 0 0 0 0 0 0 0 0 0 0 0 0 0 0 0 0 0 0 0 0 0 0 0 0 0 0 0 0 0 0 0 0 0 0 0 0 0 0 0 0 0 0 0 0 0 0 0 0 0 0 0 0 0 0 0 0 0 0 0 0 0 0 0 0 0 0 0 0 0 0 0 0 0 0 0 0 0 0 0 0 0 0 0 0 0 0 0 0 0 0 0 0 0 0 0 0 0 0 0 0 0 0 0 0 0 0 0 0 0 0 0 0 0 0 0 0 0 0 0 0 0 0 0 0 0 0 0 0 0 0 0 0 0 0 0 0 0 0 0 0 0 0 0 0 0 0 0 0 0 0 0 0 0 0 0 0 0 0 0 0 0 0 0 0 0 0 0 0 0 0 0 0 0 0 0 0 0 0 0 0 0 0 0 0 0 0 0 0 0 0 0 0 0 0 0 0 0 0 0 0 0 0 0 0 
80 0 0 0 0 0 0 0 0 0 0 64 0 0 0 0 0 0 0 0 0 0 0 97 0 0 0 0 0 0 13 0 0 0 0 0 0 0 0 0 0 0 0 0 0 0 0 0 0 26 0 0 0 0 0 0 0 0 0 0 0 0 0 0 0 0 0 0 0 0 0 0 0 0 0 0 13 0 0 0 0 0 0 26 0 0 0 0 0 32 0 0 0 0 0 0 0 0 0 0 0 0 0 0 64 0 0 0 0 0 0 0 0 0 0 0 0 1346 0 26 0 0 0 0 0 0 0 0 51 0 0 0 0 0 0 0 0 0 0 0 0 0 0 0 0 0 0 0 80 0 0 0 0 0 26 344 64 0 0 0 0 64 83 0 0 0 0 0 0 0 0 181 0 0 26 0 0 0 0 0 0 0 0 0 0 0 0 0 0 0 0 0 0 0 0 0 0 0 0 0 0 0 0 0 0 0 143 0 0 0 0 
828 0 0 0 20 0 0 0 0 0 0 0 0 0 57 0 0 0 0 0 0 0 103 1013 51 0 0 0 0 0 355 0 0 0 216 0 0 0 0 0 0 0 0 0 0 64 0 0 0 200 0 0 0 0 0 0 51 125 0 0 0 0 16 0 13 0 0 0 0 0 0 0 0 0 0 0 133 144 0 0 0 0 46 383 0 0 0 0 0 67 232 206 0 0 73 32 0 0 0 0 0 0 0 16 0 20 20 0 0 0 0 100 0 0 0 0 0 1404 0 137 0 205 0 0 0 80 51 0 16 0 0 30 0 0 0 0 0 0 0 0 0 0 0 0 0 0 0 0 180 192 0 0 54 64 371 4312 93 0 0 0 0 140 233 227 0 167 0 192 0 0 0 468 46 0 0 0 0 0 40 0 0 0 0 0 0 0 0 0 0 0 51 0 20 0 0 32 314 0 0 0 32 0 16 0 120 0 645 0 0 141 0 
4250 0 0 0 144 128 0 0 13 0 194 98 0 0 1132 112 0 0 0 0 170 0 661 3801 0 405 0 0 13 26 2062 0 0 0 901 167 0 0 112 243 0 64 0 0 0 52 0 149 370 1626 120 131 0 0 0 0 64 509 0 0 0 0 192 0 80 0 16 0 0 0 16 26 0 51 0 0 1615 909 144 0 0 508 217 4131 0 20 0 0 0 428 1185 472 115 47 26 90 0 0 95 400 100 0 386 102 81 340 16 0 0 0 0 202 0 16 0 149 100 4500 0 1436 32 633 0 0 302 177 13 80 0 0 0 77 0 0 0 0 0 0 0 0 40 0 0 13 116 656 0 108 940 423 0 0 260 150 3910 10907 523 232 275 0 115 173 329 685 0 199 147 100 64 0 0 7088 80 0 180 0 100 0 32 0 430 132 51 0 0 0 0 0 279 0 175 80 102 0 0 0 646 0 77 0 177 0 20 0 16 839 1697 140 320 1970 0 
280 0 0 0 0 0 0 0 0 0 0 0 0 0 98 0 0 0 0 0 80 0 40 1923 92 0 0 0 0 0 154 0 0 0 128 13 0 0 0 0 0 0 0 0 0 0 0 0 64 123 0 0 0 100 0 0 0 80 0 0 0 0 0 0 0 0 32 0 0 0 51 100 0 0 0 0 254 184 0 0 0 32 0 490 0 0 0 0 0 0 144 1376 0 0 0 32 0 0 80 0 0 0 0 0 0 51 40 0 0 0 0 0 0 0 0 0 0 899 0 106 0 192 0 0 133 0 0 0 173 0 0 0 0 0 0 0 0 0 0 0 0 0 0 0 0 0 0 72 40 83 0 0 0 0 100 768 13 0 0 0 0 110 64 128 0 20 26 0 0 0 16 235 0 0 0 0 0 0 0 0 0 40 0 0 193 0 0 0 0 0 0 0 0 0 0 0 129 0 0 0 0 0 0 0 0 0 199 0 0 0 0 
106 0 0 0 0 0 26 0 0 0 0 0 0 0 0 0 0 0 0 0 0 0 0 92 0 0 0 0 0 0 40 0 0 0 0 0 0 0 0 0 0 0 0 0 0 0 0 0 100 47 0 0 0 0 0 0 0 0 0 0 0 0 0 0 0 0 0 0 0 0 0 0 0 0 0 0 32 0 0 0 0 0 0 200 0 0 0 0 0 0 32 294 0 0 0 0 0 0 0 0 0 0 0 0 0 0 0 0 0 0 0 0 0 0 0 0 0 180 0 0 0 0 0 0 49 0 0 0 0 0 0 0 0 0 0 0 0 0 0 0 0 0 0 0 0 0 0 0 0 0 0 0 0 0 0 285 0 0 0 0 0 16 32 0 0 0 0 0 0 0 0 100 0 0 20 0 0 0 0 0 0 0 0 0 0 0 0 0 0 0 0 0 0 0 0 100 0 0 0 0 0 0 0 0 0 100 100 0 0 0 0 
0 0 0 0 0 0 0 0 0 0 0 0 0 0 0 0 0 0 0 0 0 0 90 255 0 26 0 0 0 0 211 0 0 0 0 0 0 0 0 0 0 0 0 0 0 0 0 0 0 141 51 0 0 0 0 0 0 0 0 0 0 0 0 0 0 0 0 0 0 0 0 0 0 0 0 0 80 0 40 0 0 0 32 0 0 0 0 0 0 0 176 0 0 0 0 0 0 0 0 0 0 0 80 0 0 16 0 0 0 0 0 51 0 0 0 0 0 129 0 64 0 40 0 0 100 40 0 40 0 0 0 0 0 0 0 0 0 0 0 0 0 0 0 0 0 0 0 16 0 0 0 0 144 592 0 192 0 26 0 0 0 0 0 115 0 0 0 0 0 0 0 112 0 0 151 0 0 0 0 0 0 0 0 0 0 0 0 0 0 0 0 0 0 0 0 0 0 0 0 0 40 0 0 0 26 0 100 0 0 168 0 
732 0 0 0 0 0 0 0 0 0 0 0 0 0 140 0 0 0 0 0 0 0 0 215 0 0 0 0 0 0 13 0 0 0 40 0 0 0 0 0 0 0 0 0 0 0 0 0 0 0 0 0 0 0 0 0 0 0 0 0 0 0 0 0 0 0 0 0 0 0 0 0 0 0 0 0 20 26 0 0 0 0 0 256 0 0 0 0 0 0 100 0 0 0 0 0 0 0 0 0 0 0 0 0 0 0 0 0 0 0 0 0 0 0 0 0 0 162 0 0 0 26 0 0 64 260 0 32 0 0 0 0 0 0 0 0 0 0 0 0 0 0 0 0 0 0 0 0 0 0 0 0 0 0 32 400 64 100 0 0 0 0 93 0 0 0 0 0 0 0 0 374 0 0 0 0 0 0 0 0 0 0 0 0 0 0 0 0 100 0 0 0 0 0 0 0 67 0 0 0 32 0 0 0 0 0 0 0 0 0 0 
244 0 0 0 0 0 0 0 0 0 0 0 0 0 64 0 0 0 0 0 0 0 0 740 0 0 0 0 0 0 126 0 0 0 126 0 0 0 0 0 0 0 0 0 0 0 0 0 20 164 0 0 0 0 0 0 0 40 0 0 0 0 0 51 0 0 16 0 0 0 0 0 0 0 0 0 80 26 0 0 0 0 0 420 0 0 0 0 100 80 134 51 0 132 0 0 0 0 0 0 0 0 200 0 92 52 0 0 0 0 0 0 0 0 0 0 0 926 0 0 0 64 0 0 84 40 0 0 131 0 100 0 0 0 0 0 0 0 0 0 0 0 0 0 0 0 0 0 64 51 0 16 64 106 314 386 0 0 115 0 0 32 105 81 0 0 0 0 0 0 0 739 20 0 0 0 0 0 0 0 0 0 0 0 0 0 0 0 0 0 32 0 0 0 0 0 211 0 0 0 0 0 0 0 20 0 180 0 0 33 0 
0 0 0 0 0 0 0 0 0 0 0 0 0 0 0 0 0 0 0 0 0 0 0 0 0 0 0 0 0 0 0 0 0 0 0 0 0 0 0 0 0 0 0 0 0 0 0 0 0 0 0 0 0 0 0 0 0 0 0 0 0 0 0 0 0 0 0 0 0 0 0 0 0 0 0 0 0 0 0 0 0 0 0 0 0 0 0 0 0 0 0 0 0 0 0 0 0 0 0 0 0 0 0 0 0 0 0 0 0 0 0 0 0 0 0 0 0 0 0 0 0 0 0 0 0 0 0 0 0 0 0 0 0 0 0 0 0 0 0 0 0 0 0 0 0 0 0 0 0 0 0 0 0 0 0 0 0 0 0 0 0 0 0 0 0 0 0 0 0 0 0 0 0 0 0 0 0 0 0 0 0 0 0 0 0 0 0 0 0 0 0 0 0 0 0 0 0 0 0 0 0 0 0 0 0 0 0 0 0 0 0 
0 0 0 0 0 0 0 0 0 0 0 0 0 0 0 0 0 0 0 0 0 0 0 0 0 0 0 0 0 0 0 0 0 0 0 0 0 0 0 0 0 0 0 0 0 0 0 0 0 0 0 0 0 0 0 0 0 0 0 0 0 0 0 0 0 0 0 0 0 0 0 0 0 0 0 0 0 0 0 0 0 0 0 0 0 0 0 0 0 0 0 0 0 0 0 0 0 0 0 0 0 0 0 0 0 0 0 0 0 0 0 0 0 0 0 0 0 0 0 0 0 0 0 0 0 0 0 0 0 0 0 0 0 0 0 0 0 0 0 0 0 0 0 0 0 0 0 0 0 0 0 0 0 0 0 0 0 0 0 0 0 0 0 0 0 0 0 0 0 0 0 0 0 0 0 0 0 0 0 0 0 0 0 0 0 0 0 0 0 0 0 0 0 0 0 0 0 0 0 0 0 0 0 0 0 0 0 0 0 0 0 
64 0 0 0 0 0 0 0 0 0 80 26 0 0 208 0 0 0 0 0 0 0 0 1011 0 32 0 0 0 0 239 0 0 0 137 0 0 0 51 0 0 0 0 0 0 92 40 0 131 96 0 0 0 0 0 0 0 16 0 0 0 0 0 0 0 0 64 0 0 0 0 0 0 0 0 0 20 0 0 0 0 102 0 506 0 0 0 0 0 0 128 0 0 0 0 0 0 0 0 0 0 0 100 0 0 0 0 0 0 0 0 40 0 0 0 0 40 904 0 0 40 16 0 0 0 26 0 0 0 0 32 0 0 0 0 0 0 0 0 0 0 0 0 0 0 0 26 0 0 69 0 0 100 0 58 1183 247 0 26 0 0 118 40 208 0 0 0 0 0 0 0 479 0 0 0 0 0 0 0 0 72 0 40 0 61 0 0 0 0 0 0 0 0 0 0 51 199 0 81 0 113 0 0 0 40 0 195 0 0 0 0 
268 0 0 0 0 0 0 0 0 0 80 0 0 0 58 0 0 0 0 0 0 0 154 69 0 40 0 0 0 0 151 0 0 0 96 0 0 0 0 0 0 0 0 0 0 0 0 0 0 163 0 0 0 0 0 0 0 0 0 0 0 0 0 26 0 0 0 0 0 0 0 0 0 0 0 0 32 113 0 0 0 100 0 126 0 0 0 0 0 0 120 0 0 40 16 0 0 0 0 0 0 0 139 0 0 0 0 0 0 100 0 0 0 0 0 0 0 403 0 32 0 0 0 0 115 100 0 115 0 0 0 0 0 0 0 0 0 0 0 0 0 0 0 0 0 37 0 0 64 100 0 0 0 0 186 610 120 0 0 0 0 0 100 157 0 16 0 0 0 0 0 633 0 0 0 0 0 0 0 0 0 0 0 0 0 0 0 0 16 0 0 0 0 0 0 0 13 0 40 0 13 0 0 0 0 16 260 0 115 80 0 
185 0 0 0 40 0 0 0 0 0 0 80 0 0 0 0 0 0 0 0 0 0 20 417 0 0 0 0 0 0 231 0 0 0 181 0 0 0 0 32 0 0 0 0 0 0 0 0 20 0 0 0 0 0 0 0 0 16 0 0 0 0 0 0 26 0 0 0 0 0 0 0 0 0 0 0 151 104 0 0 0 64 0 302 0 0 0 0 0 0 26 0 0 51 0 0 0 0 0 0 0 0 100 0 0 0 0 0 0 0 0 0 0 0 0 0 0 256 0 157 0 80 0 0 192 32 0 0 64 0 0 0 0 0 0 0 0 0 0 0 0 0 0 0 0 51 0 0 20 134 0 0 83 0 366 570 90 0 16 0 0 0 80 174 0 0 0 0 0 0 13 588 0 0 0 0 0 0 80 0 0 64 0 0 0 0 0 0 0 0 0 0 64 0 0 0 0 0 0 0 0 0 0 0 0 0 111 0 96 199 0 
0 0 0 0 0 0 0 0 0 0 0 0 0 0 0 0 0 0 0 0 0 0 0 0 0 0 0 0 0 0 0 0 0 0 0 0 0 0 0 0 0 0 0 0 0 0 0 0 0 0 0 0 0 0 0 0 0 0 0 0 0 0 0 0 0 0 0 0 0 0 0 0 0 0 0 0 0 0 0 0 0 0 0 0 0 0 0 0 0 0 0 0 0 0 0 0 0 0 0 0 0 0 0 0 0 0 0 0 0 0 0 0 0 0 0 0 0 0 0 0 0 0 0 0 0 0 0 0 0 0 0 0 0 0 0 0 0 0 0 0 0 0 0 0 0 0 0 0 0 0 0 0 0 0 0 0 0 0 0 0 0 0 0 0 0 0 0 0 0 0 0 0 0 0 0 0 0 0 0 0 0 0 0 0 0 0 0 0 0 0 0 0 0 0 0 0 0 0 0 0 0 0 0 0 0 0 0 0 0 0 0 
337 0 0 0 0 0 0 0 0 0 144 174 0 0 212 0 0 0 0 0 64 0 0 2809 0 156 0 0 0 0 178 0 0 0 272 0 0 0 0 40 0 0 0 0 0 0 0 0 324 392 39 0 0 0 0 0 0 51 32 0 0 0 0 0 0 0 96 0 0 0 0 0 0 0 0 0 163 279 0 0 0 40 51 928 0 0 0 0 0 0 215 0 0 784 0 0 0 0 0 16 0 0 711 0 0 0 0 0 0 0 0 144 0 0 0 0 0 975 0 143 0 106 0 0 1000 99 0 0 40 0 0 40 0 0 0 0 0 0 0 0 0 0 0 0 0 64 0 64 42 0 0 0 32 2378 346 2291 211 16 64 0 0 151 374 225 0 115 0 0 0 0 0 1493 0 0 64 0 0 0 0 0 0 96 0 0 0 0 0 0 0 0 51 0 0 0 0 0 73 0 51 0 151 0 0 0 16 0 100 0 0 67 0 
67 0 0 0 0 0 0 0 0 0 0 0 0 0 93 0 0 0 0 0 64 0 40 941 0 20 0 0 0 0 0 0 0 0 80 0 0 0 0 0 0 0 0 0 0 0 0 0 13 0 0 0 0 0 0 0 0 40 0 0 0 0 0 0 0 0 0 0 0 0 0 0 0 0 0 0 61 0 0 0 0 0 0 316 0 0 0 0 0 80 51 0 0 0 0 0 0 0 0 13 0 0 13 0 0 0 0 0 0 0 0 0 0 0 0 0 0 1084 0 0 0 0 0 0 32 0 0 0 0 0 0 0 0 0 0 0 0 0 0 0 0 0 0 0 0 0 0 0 80 0 0 0 0 0 313 702 0 0 0 0 0 40 0 54 0 0 0 0 0 0 0 400 0 0 0 0 0 0 0 0 40 80 0 0 0 0 0 0 0 0 0 0 0 0 0 0 144 0 0 0 26 0 0 0 0 0 0 0 20 0 0 
143 0 0 0 100 0 0 0 0 0 0 0 0 0 0 0 0 0 0 0 0 0 0 753 0 0 0 0 0 0 417 0 0 0 195 0 0 0 0 0 0 0 0 0 0 0 0 51 106 484 0 0 0 0 0 0 0 0 0 0 0 0 0 0 0 0 0 0 0 0 0 0 0 0 0 0 160 0 0 0 0 0 26 705 0 0 0 0 0 0 80 0 0 164 0 16 0 0 0 0 0 0 420 0 0 0 0 0 0 0 0 0 0 0 0 64 0 328 0 100 0 57 0 0 16 13 0 0 0 0 80 0 0 0 0 0 0 0 0 0 0 0 0 0 0 0 0 0 0 0 0 0 84 368 166 749 0 0 0 0 0 0 193 156 0 0 0 0 0 0 0 228 0 0 0 0 0 0 0 0 0 0 0 0 0 0 0 0 0 0 0 51 0 0 0 0 51 0 0 0 0 0 0 0 0 0 256 0 0 51 0 
418 0 0 0 0 0 0 0 0 0 80 0 0 32 77 0 0 0 0 0 0 0 0 470 0 0 0 0 0 0 126 0 0 0 0 80 0 0 0 0 0 0 0 0 0 0 64 0 26 245 0 0 0 0 0 0 0 0 0 0 0 0 40 0 0 0 0 0 0 0 0 0 0 0 0 0 228 93 80 0 0 131 40 172 0 0 0 0 0 0 123 40 0 0 26 64 0 0 0 0 0 0 0 0 0 0 0 0 0 0 0 69 0 0 0 0 0 200 0 64 0 101 0 0 97 26 0 0 0 0 0 0 0 0 0 0 0 0 0 0 0 0 0 0 0 26 0 0 131 80 0 0 0 0 624 821 190 20 0 0 0 20 26 32 0 0 64 0 0 0 40 558 0 0 0 0 0 0 0 80 64 80 0 0 0 0 0 0 20 0 0 0 0 0 64 0 67 0 0 0 26 0 0 0 0 0 53 0 0 271 0 
102 0 0 0 0 0 0 0 0 0 0 0 0 0 0 0 0 0 0 0 0 0 0 221 0 0 0 0 0 0 140 0 0 0 20 0 0 0 0 0 0 0 0 0 0 0 0 0 0 26 0 0 0 0 0 0 0 0 0 0 0 0 0 0 0 0 0 0 0 0 0 0 0 0 0 0 0 0 0 0 0 0 0 77 0 0 0 0 0 0 67 0 0 0 0 0 0 0 0 0 0 0 0 0 0 0 0 0 0 0 0 0 0 0 0 0 0 440 0 13 0 64 0 0 0 0 0 0 0 0 0 0 0 0 0 0 0 0 0 0 0 0 0 0 0 0 0 0 51 0 0 0 0 0 80 1177 0 0 0 0 0 0 64 0 0 0 0 0 0 0 0 291 20 0 0 0 0 0 0 0 0 0 0 0 0 0 0 0 0 0 0 0 0 0 0 0 13 0 0 0 0 0 0 0 0 0 0 0 0 51 0 
49 0 0 0 0 0 0 0 0 0 0 0 0 0 0 0 0 0 0 0 0 0 0 0 0 0 0 0 0 0 0 0 0 0 0 0 0 0 0 51 0 0 0 0 0 0 0 0 64 0 0 0 0 0 0 0 0 0 0 0 0 0 0 0 0 0 0 0 0 0 0 0 0 0 0 0 13 0 0 0 0 0 0 0 0 0 0 0 0 0 32 0 0 0 0 0 0 0 0 0 0 0 0 0 0 0 0 0 0 0 0 0 0 0 0 0 0 200 0 0 0 0 0 0 20 0 0 0 0 0 0 0 0 0 0 0 0 0 0 0 0 0 0 0 0 0 0 0 0 0 0 0 0 0 40 0 0 0 0 0 0 0 0 0 0 0 0 0 0 0 0 0 0 0 0 0 0 0 0 0 64 0 0 0 0 0 0 0 0 0 0 0 0 0 0 0 0 0 0 0 0 0 0 0 0 0 0 0 0 0 0 
39 0 0 0 0 0 0 0 0 0 0 0 0 0 0 0 0 0 0 0 0 0 0 0 0 40 0 0 0 0 0 0 0 0 0 0 0 0 0 0 0 0 0 0 0 0 0 0 16 0 0 0 0 0 0 0 0 0 0 0 0 0 0 0 0 0 0 0 0 0 0 0 0 0 0 0 0 0 0 0 0 0 0 84 0 0 0 0 0 0 0 0 0 0 0 0 0 0 0 0 0 0 0 0 0 0 0 0 0 0 0 0 0 0 115 0 0 0 0 0 0 0 0 0 16 20 0 0 0 0 0 0 0 0 0 0 0 0 0 0 0 0 0 0 0 0 0 0 0 0 0 0 0 0 0 128 0 0 0 0 0 0 0 16 0 0 0 0 0 0 0 246 0 0 0 0 0 0 0 0 0 0 0 0 0 0 0 0 0 0 0 0 0 0 0 0 32 0 0 0 0 0 0 0 0 0 0 0 0 0 0 
64 0 0 0 0 0 0 0 0 0 0 0 0 0 0 0 0 0 0 0 0 0 0 20 0 0 0 0 0 0 0 0 0 0 80 0 0 0 0 0 0 0 0 0 0 0 0 0 0 0 0 0 0 0 0 0 0 0 0 0 0 0 0 32 0 0 0 0 0 0 0 0 0 0 0 0 0 40 0 0 0 0 0 0 0 0 0 0 0 0 0 0 0 0 0 0 0 0 0 0 0 0 0 0 0 0 0 0 0 0 0 0 0 0 0 0 0 0 0 0 0 0 0 0 0 26 0 0 0 0 0 0 0 0 0 0 0 0 0 0 0 0 0 0 0 0 0 0 0 0 0 0 0 0 0 0 0 0 0 0 0 0 0 0 0 0 0 0 0 0 0 0 0 0 0 0 0 0 0 0 0 0 0 0 0 0 0 0 0 0 0 0 0 0 0 0 0 0 0 0 0 0 0 0 0 0 0 0 0 0 0 
13 0 0 0 0 0 0 0 80 0 40 0 0 0 0 0 0 0 0 0 0 0 51 16 80 0 0 0 0 0 0 0 0 0 137 0 26 0 0 0 0 0 0 0 0 0 0 0 80 16 0 0 0 0 0 0 0 0 0 0 0 0 0 0 0 0 0 0 0 0 0 0 0 0 0 0 0 0 16 0 0 0 0 73 0 0 0 0 0 0 65 0 0 0 0 0 0 0 0 0 0 0 0 0 0 26 0 0 0 0 0 0 0 0 0 0 0 136 0 0 0 0 0 0 80 0 0 0 0 0 0 0 0 0 0 0 0 0 0 0 0 0 0 80 0 0 0 0 0 0 0 0 0 0 80 590 0 0 0 0 0 0 0 0 0 0 0 0 0 0 0 359 0 0 0 0 0 0 0 0 13 51 0 0 0 0 0 0 0 0 80 0 0 0 0 0 0 0 0 0 26 0 0 0 0 0 32 0 0 0 0 
336 0 0 0 0 0 0 0 0 0 0 16 0 0 131 0 0 0 0 0 0 0 0 284 0 391 0 0 0 0 339 0 0 0 93 0 0 0 0 40 0 0 0 0 0 0 40 0 585 137 104 0 0 0 0 0 0 262 0 0 0 0 0 0 0 0 0 0 0 0 51 0 0 0 0 0 250 163 0 0 0 0 0 761 0 0 0 0 0 40 233 0 0 100 32 0 0 0 0 26 32 0 351 0 0 13 0 100 0 0 80 265 0 0 0 0 0 941 0 157 0 300 0 0 134 120 0 0 32 0 80 0 0 0 0 0 0 0 0 0 0 0 0 0 26 61 0 64 0 0 0 0 226 322 497 1220 145 0 0 0 0 51 164 64 0 0 0 0 0 0 0 980 0 0 0 0 40 0 51 0 51 225 0 0 0 0 0 0 175 120 0 0 32 0 0 0 49 0 0 0 67 0 0 0 0 115 160 0 58 90 0 
0 0 0 0 0 0 0 0 0 0 0 0 0 0 0 0 0 0 0 0 0 0 0 0 0 0 0 0 0 0 0 0 0 0 0 0 0 0 0 0 0 0 0 0 0 0 0 0 0 0 0 0 0 0 0 0 0 0 0 0 0 0 0 0 0 0 0 0 0 0 0 0 0 0 0 0 0 0 0 0 0 0 0 0 0 0 0 0 0 0 0 0 0 0 0 0 0 0 0 0 0 0 0 0 0 0 0 0 0 0 0 0 0 0 0 0 0 0 0 0 0 0 0 0 0 0 0 0 0 0 0 0 0 0 0 0 0 0 0 0 0 0 0 0 0 0 0 0 0 0 0 0 0 0 0 0 0 0 0 0 0 0 0 0 0 0 0 0 0 0 0 0 0 0 0 0 0 0 0 0 0 0 0 0 0 0 0 0 0 0 0 0 0 0 0 0 0 0 0 0 0 0 0 0 0 0 0 0 0 0 0 
0 0 0 0 0 0 0 0 0 0 0 0 0 0 0 0 0 0 0 0 0 0 0 13 0 0 0 0 0 64 0 0 0 0 0 0 0 0 0 0 0 0 0 0 0 0 0 0 0 26 0 0 0 0 0 0 0 92 0 0 0 0 0 0 0 0 0 0 0 0 0 0 0 0 0 0 0 0 0 0 0 0 0 0 0 0 0 0 0 0 0 0 0 0 0 0 0 0 0 0 0 0 32 0 0 0 0 0 0 0 0 0 0 0 0 0 0 200 0 0 0 0 0 0 0 0 0 0 0 0 0 0 0 0 0 0 0 0 0 0 0 0 0 0 0 0 0 0 0 0 0 0 0 0 0 0 0 0 0 0 0 0 0 0 0 80 0 0 0 0 0 20 0 0 0 0 0 0 0 0 0 0 0 0 0 0 0 0 0 0 0 0 0 0 0 0 0 0 0 0 0 0 0 0 0 0 0 0 0 0 0 
32 0 0 0 0 0 0 0 0 0 0 0 0 0 0 0 0 0 0 0 0 0 0 0 0 64 0 0 0 0 20 0 0 0 51 0 0 0 0 0 0 0 0 0 0 0 0 0 58 0 0 0 0 0 0 0 0 0 0 0 0 0 0 0 0 0 0 0 0 0 0 0 0 0 0 0 46 0 0 0 0 0 0 177 0 0 0 0 0 0 0 0 0 0 0 0 0 0 0 0 0 0 0 0 0 0 0 0 0 0 0 13 0 0 0 0 0 51 0 0 0 0 0 0 0 0 0 0 0 0 0 0 0 0 0 0 0 0 0 0 0 0 0 0 0 0 0 0 0 0 0 0 0 0 32 256 20 0 0 0 0 0 0 40 0 0 0 0 0 0 0 332 0 0 0 0 0 0 0 0 0 0 0 0 0 0 0 0 0 0 0 0 0 0 0 0 0 0 0 0 0 0 0 0 0 0 0 0 0 0 0 
40 0 0 0 0 0 0 0 0 0 0 0 0 0 0 0 0 0 0 0 0 0 0 284 0 40 0 0 0 0 57 0 0 0 13 0 0 0 0 0 0 0 0 0 0 32 0 0 346 0 0 0 0 0 0 0 0 279 0 0 0 0 0 0 0 0 0 0 0 0 140 0 0 0 0 0 0 0 0 0 0 0 0 132 0 0 0 0 0 0 126 0 0 0 0 0 0 0 0 0 0 0 0 0 0 0 0 0 0 0 0 20 0 0 0 51 0 64 0 0 0 0 0 0 64 0 0 0 0 0 0 0 0 0 0 0 0 0 0 0 0 0 0 0 0 0 0 0 0 0 0 0 51 0 212 264 77 0 0 0 0 0 112 51 0 0 0 0 0 0 0 995 51 0 0 0 0 0 0 0 0 0 0 0 0 0 0 0 0 0 0 0 0 0 0 0 96 0 0 0 0 0 0 0 0 0 51 0 0 0 0 
0 0 0 0 0 0 0 0 0 0 0 0 0 0 100 13 0 0 0 0 0 0 0 77 80 0 0 0 0 0 51 0 0 0 40 0 0 0 0 0 0 0 0 0 0 0 0 0 0 26 13 0 0 0 0 0 0 0 0 0 0 0 0 0 0 0 0 0 0 0 0 0 0 0 0 0 0 0 0 0 0 51 0 32 0 0 0 0 0 0 0 100 0 0 0 0 0 0 40 0 0 0 0 0 0 0 0 0 0 0 0 26 0 0 0 0 0 57 0 0 0 40 0 0 0 0 0 0 0 0 0 0 0 0 0 0 0 0 0 0 0 0 0 0 0 0 0 0 40 0 0 0 0 0 84 281 0 0 0 0 0 0 0 380 0 0 0 0 0 0 0 26 0 0 0 0 0 0 0 0 0 0 0 0 0 0 0 0 100 0 0 0 0 0 0 0 58 0 0 0 0 0 0 0 0 0 0 0 0 0 0 
16141 0 40 0 701 51 117 167 0 0 543 1622 0 0 4343 67 0 0 13 0 263 0 2856 30969 730 1408 0 0 40 295 5706 0 0 0 2463 264 74 0 128 305 0 32 0 0 64 505 83 313 1963 3681 131 593 0 122 0 83 216 933 83 0 67 0 281 545 65 42 997 0 0 0 291 0 0 129 0 0 3570 2139 0 0 0 622 384 11636 0 146 0 0 26 1131 6157 1721 465 268 195 464 0 0 565 491 736 0 1133 1295 560 392 224 64 0 0 16 855 0 0 47 214 0 23381 217 3254 128 2154 0 254 2479 1176 97 336 681 78 589 257 153 0 0 0 0 0 0 0 104 0 100 416 54 1023 151 199 2113 1682 0 64 2680 1094 5953 101457 3911 182 688 64 64 3126 3510 4819 0 1874 548 383 161 0 40 20829 84 0 1041 0 0 0 87 80 299 1434 0 110 664 0 0 0 1043 64 516 110 747 0 0 556 9657 0 482 0 3840 0 857 0 361 523 3853 64 558 1821 0 
80 0 0 0 0 0 0 0 0 0 0 13 0 0 51 0 0 0 0 0 0 0 13 598 0 0 0 0 0 0 116 0 0 0 175 0 0 0 0 64 0 0 0 0 0 0 0 0 0 100 0 0 0 0 0 0 0 16 0 0 0 0 0 0 0 0 0 0 0 0 0 0 0 0 0 0 100 312 0 0 0 0 26 128 0 0 0 0 0 52 0 0 0 0 0 0 0 0 0 0 0 0 42 0 0 0 13 0 0 0 0 0 0 0 0 0 0 205 20 140 32 32 0 0 0 0 0 0 0 0 26 0 0 0 0 0 0 0 0 0 0 0 0 0 0 0 0 0 80 100 0 0 0 51 0 1071 0 0 0 0 0 0 41 80 0 0 0 0 0 0 0 133 0 0 0 0 0 0 0 0 0 100 0 0 0 0 0 0 0 0 0 0 0 0 0 0 51 0 0 0 0 0 0 0 0 16 291 0 0 0 0 
2284 0 0 0 57 58 16 16 40 0 249 110 0 0 568 0 0 0 0 0 0 0 599 3205 0 184 0 0 0 20 571 0 0 0 643 49 32 0 0 32 40 0 0 0 32 70 0 64 224 295 0 400 0 51 0 40 0 26 0 0 34 0 40 251 64 0 200 0 0 0 20 32 0 30 0 144 719 563 26 0 0 0 32 1224 0 0 0 0 0 115 463 135 160 20 61 0 0 0 40 102 0 0 154 64 32 57 65 0 0 0 0 113 0 40 0 0 0 6310 0 519 80 564 0 293 268 961 51 0 75 80 0 1171 0 0 0 0 0 0 0 0 0 0 0 53 64 51 0 64 452 377 0 51 504 181 1447 18129 135 0 61 77 100 220 816 1600 0 77 0 77 0 0 80 2653 164 0 20 0 0 0 100 0 58 84 0 0 0 0 0 0 335 0 231 0 0 0 0 165 920 0 228 0 69 0 0 0 116 0 864 32 361 340 0 
260 0 0 0 0 0 0 0 0 0 0 0 0 0 112 0 0 0 0 0 0 0 206 219 0 0 0 0 0 0 0 0 0 0 13 0 0 0 0 0 0 0 0 0 0 0 0 0 0 16 0 120 0 64 0 0 0 0 0 0 0 0 26 0 0 0 0 0 0 0 0 0 0 0 0 0 132 0 0 0 0 0 0 40 0 0 0 0 0 100 13 0 0 0 0 0 0 0 0 0 0 0 51 0 0 0 0 0 0 0 0 64 0 0 0 0 0 159 0 51 0 0 0 0 100 0 0 0 0 0 0 0 0 0 0 0 0 0 0 0 0 0 0 0 0 0 0 0 0 0 0 0 0 0 100 270 0 0 0 0 0 0 0 80 0 0 0 0 0 0 0 272 0 0 0 0 0 0 0 0 0 0 0 0 0 0 0 0 0 0 0 0 0 0 0 0 16 0 0 0 0 0 0 0 0 0 54 0 0 100 0 
783 0 0 0 122 51 0 61 0 0 331 216 0 0 179 0 0 0 0 0 0 0 96 2078 786 80 0 0 32 0 272 0 0 0 372 57 0 0 26 88 32 0 0 0 0 51 0 0 120 375 96 107 0 0 0 0 0 100 0 0 0 0 16 80 0 32 0 0 0 0 0 0 0 0 0 0 706 16 0 0 0 80 0 983 0 0 0 0 0 116 241 131 0 32 0 108 0 0 64 0 140 0 256 192 20 40 32 0 0 0 0 37 0 0 0 0 0 8060 40 228 0 204 0 0 816 333 0 0 215 0 88 57 0 0 16 0 0 0 0 0 80 0 0 0 0 0 0 0 131 223 0 0 84 67 681 5959 443 0 61 0 0 588 62 343 0 0 51 20 0 0 0 2052 0 0 0 0 0 0 20 0 0 137 0 0 0 0 0 0 235 0 196 0 32 0 0 64 891 0 80 0 620 0 0 0 72 0 398 0 0 494 0 
0 0 0 0 0 0 0 0 0 0 0 0 0 0 0 0 0 0 0 0 0 0 0 0 0 0 0 0 0 0 0 0 0 0 0 0 0 0 0 0 0 0 0 0 0 0 0 0 0 0 0 0 0 0 0 0 0 0 0 0 0 0 0 0 0 0 0 0 0 0 0 0 0 0 0 0 0 0 0 0 0 0 0 0 0 0 0 0 0 0 0 0 0 0 0 0 0 0 0 0 0 0 0 0 0 0 0 0 0 0 0 0 0 0 0 0 0 0 0 0 0 0 0 0 0 0 0 0 0 0 0 0 0 0 0 0 0 0 0 0 0 0 0 0 0 0 0 0 0 0 0 0 0 0 0 0 0 0 0 0 0 0 0 0 0 0 0 0 0 0 0 0 0 0 0 0 0 0 0 0 0 0 0 0 0 0 0 0 0 0 0 0 0 0 0 0 0 0 0 0 0 0 0 0 0 0 0 0 0 0 0 
32 0 0 0 0 0 0 0 0 0 0 0 0 0 0 0 0 0 0 0 0 0 64 178 0 0 0 0 0 0 0 0 0 0 64 0 0 0 0 0 0 0 0 0 0 0 0 0 0 0 0 0 0 0 0 0 0 0 0 0 0 0 0 80 0 0 0 0 0 0 0 0 0 0 0 0 0 40 0 0 0 0 0 51 0 0 0 0 0 0 73 0 0 0 0 0 0 0 0 0 0 0 0 0 0 0 0 0 0 0 0 0 0 0 0 0 0 141 0 37 0 0 0 0 0 64 0 0 0 0 0 0 0 0 0 0 0 0 0 0 0 0 0 51 0 0 0 0 0 26 0 0 0 0 13 180 0 0 0 0 0 0 64 0 0 0 0 0 0 0 0 577 0 0 0 0 0 0 0 0 0 0 0 0 0 0 0 0 0 0 0 0 0 0 0 0 0 0 0 0 0 0 0 0 0 0 0 0 0 0 0 
1075 0 0 0 0 0 200 131 0 0 64 0 0 0 477 16 0 0 0 0 0 0 179 925 200 413 0 0 0 0 689 0 0 0 645 0 0 0 0 173 0 0 0 0 0 61 0 0 320 249 16 32 0 0 0 0 0 131 64 0 0 0 0 64 0 0 32 0 0 0 80 0 0 64 0 0 467 62 0 0 0 0 0 1306 0 0 0 0 0 46 521 32 0 940 0 0 0 0 0 13 51 0 220 0 0 0 40 0 16 0 0 164 0 0 0 16 0 1494 64 211 0 49 0 64 566 1040 16 51 0 0 0 0 0 0 0 0 0 0 0 0 0 0 0 0 64 296 40 0 100 118 0 100 139 67 421 3166 209 20 0 0 0 104 496 115 0 0 80 32 0 0 0 2274 64 0 131 0 0 0 0 0 0 16 0 0 0 0 0 0 154 0 0 51 0 0 0 100 452 0 0 0 311 0 0 0 20 0 250 51 278 431 0 
367 0 0 0 112 0 0 100 20 0 0 40 0 0 112 20 0 0 0 0 0 0 51 1262 0 54 0 0 0 0 715 0 0 0 122 0 0 0 0 0 64 0 0 0 0 115 0 100 340 190 20 0 0 0 0 0 0 105 0 0 0 0 0 0 0 0 0 0 0 0 0 51 0 0 0 0 305 32 0 0 0 80 0 803 0 0 0 0 0 0 100 64 0 0 16 20 0 0 32 0 0 0 133 13 0 40 26 0 80 0 0 13 0 40 0 0 0 2113 144 26 0 57 0 0 63 39 0 0 104 0 0 51 0 0 0 0 0 0 0 0 0 0 0 51 0 0 0 0 120 0 0 0 96 80 224 2206 195 13 84 0 0 40 398 26 0 0 140 0 0 0 0 1325 0 0 51 0 0 0 0 0 64 20 0 0 148 0 0 0 64 0 80 0 65 0 0 0 371 0 0 0 272 0 0 0 80 0 348 0 16 16 0 
58 0 0 0 0 0 0 0 0 0 0 0 0 0 0 0 0 0 0 0 0 0 0 131 0 0 0 0 0 0 67 0 0 0 64 0 0 0 0 0 0 0 0 0 0 0 0 0 0 81 0 0 0 0 0 100 0 0 0 0 0 0 0 0 16 0 0 0 0 0 0 0 0 0 0 0 16 83 0 0 0 0 0 248 0 0 0 0 0 40 0 0 26 0 0 0 0 0 0 0 0 0 0 0 0 0 0 0 0 0 0 64 0 0 0 0 0 117 0 62 0 0 0 0 0 0 0 0 16 0 0 20 0 0 0 0 0 0 0 0 0 0 0 0 0 26 0 0 0 0 0 0 32 0 0 485 13 0 0 0 0 0 0 0 0 0 0 0 0 0 0 1600 0 0 0 0 0 0 0 0 0 0 0 0 0 0 0 0 0 0 0 0 0 0 0 0 13 0 0 0 0 0 0 0 0 0 0 0 0 0 0 
40 0 0 0 0 0 0 0 0 0 0 0 0 0 0 0 0 0 0 0 0 0 0 207 0 0 0 0 0 0 0 0 0 0 13 0 0 0 0 0 0 0 0 0 0 0 0 0 0 0 0 32 0 0 0 0 0 0 0 0 0 0 0 0 0 0 0 0 0 0 0 0 0 0 0 0 0 16 0 0 0 0 0 180 0 0 0 0 0 0 51 0 0 0 0 0 0 0 32 0 0 0 0 0 0 0 0 0 0 0 0 0 0 0 0 0 0 158 0 0 0 0 0 0 0 0 0 0 0 0 0 0 0 0 0 0 0 0 0 0 0 0 0 0 0 0 0 0 0 0 0 0 0 0 0 134 20 0 0 0 0 0 0 64 0 0 0 0 0 0 0 67 0 0 0 0 0 0 0 0 0 0 0 0 0 0 0 0 0 0 0 0 0 0 0 0 0 0 0 0 0 0 0 0 0 0 0 0 0 80 0 
781 0 0 0 0 0 0 0 0 0 0 40 0 0 180 0 0 0 51 0 0 0 65 1154 173 0 0 0 0 0 159 0 0 0 499 32 0 0 0 96 0 80 0 0 0 0 0 0 145 30 0 0 0 64 0 0 0 0 0 0 51 0 0 40 0 0 40 0 0 0 0 0 0 26 0 0 546 16 0 0 0 0 0 723 0 0 0 0 0 100 244 32 0 0 0 0 0 0 32 40 0 0 100 0 0 51 0 0 0 0 0 0 0 0 0 16 0 2594 0 628 0 80 0 0 51 131 0 0 20 0 0 0 0 0 0 0 0 0 0 0 0 0 0 64 0 0 0 0 75 324 0 0 125 128 185 2422 93 0 51 0 0 132 20 160 0 0 0 100 0 0 16 1225 0 0 0 0 0 0 0 0 0 13 0 0 0 0 0 0 51 0 20 0 0 0 0 0 360 0 32 0 115 0 0 0 0 32 345 0 0 20 0 
0 0 0 0 0 0 0 0 0 0 0 0 0 0 0 0 0 0 0 0 0 0 0 20 0 64 0 0 0 0 40 0 0 0 0 0 0 0 0 0 0 0 0 0 0 0 0 0 0 0 0 0 0 0 0 0 0 0 0 0 0 0 0 0 0 0 0 0 0 0 0 0 0 0 0 0 0 0 0 0 0 0 0 100 0 0 0 0 0 0 26 0 0 0 0 0 0 0 0 0 0 0 0 0 0 0 0 0 0 0 0 0 0 0 0 0 0 16 0 0 0 0 0 0 0 0 0 0 0 0 0 0 0 0 0 0 0 0 0 0 0 0 0 0 0 0 0 0 0 0 0 0 0 0 0 104 0 0 0 0 0 0 0 0 0 0 0 0 0 0 0 132 0 0 0 0 0 0 0 0 0 0 0 0 0 0 0 0 0 0 0 0 0 0 0 0 0 0 0 0 0 0 0 0 0 0 26 20 80 0 0 
289 0 0 0 0 0 0 0 0 0 0 0 0 0 154 32 0 0 0 0 0 0 0 473 0 100 0 0 0 0 162 0 0 0 13 0 0 0 0 0 0 0 0 0 0 32 64 0 0 253 0 0 0 0 0 0 0 0 0 0 81 0 0 0 0 0 0 0 0 0 0 0 0 0 0 0 13 69 0 0 0 0 0 178 0 0 0 0 80 0 0 0 0 0 0 0 0 0 0 0 0 0 0 100 0 32 16 0 0 0 0 0 0 0 13 0 0 573 0 16 0 51 0 0 0 160 0 0 0 0 0 0 0 0 0 0 0 0 0 0 0 0 0 0 0 16 0 0 0 200 0 0 32 0 253 2047 173 0 0 0 0 100 123 0 0 0 51 51 0 0 0 463 0 0 16 0 0 0 0 0 40 16 0 0 0 0 0 0 0 0 40 0 0 0 26 0 164 0 0 0 77 0 0 0 0 0 214 0 0 0 0 
88 0 0 0 0 0 0 0 0 0 0 37 0 0 0 0 0 0 0 0 0 0 0 252 13 0 0 0 0 0 92 0 0 0 0 0 0 0 0 16 0 0 0 0 0 0 0 0 0 0 0 26 0 0 0 0 0 0 0 0 0 0 0 0 100 0 0 0 0 0 0 0 0 0 0 0 0 51 0 0 0 0 26 257 0 0 0 0 0 0 51 0 0 0 0 0 0 0 0 0 0 0 40 0 0 0 0 0 0 0 0 0 0 0 0 0 0 2741 0 59 0 20 0 0 57 0 0 100 20 0 51 0 0 0 0 0 0 0 0 0 0 0 0 0 0 90 0 0 51 0 0 0 0 26 183 1895 20 0 0 0 0 0 67 16 0 0 0 0 0 0 0 281 100 0 0 0 0 0 0 0 0 0 0 0 0 0 0 0 0 0 0 0 0 0 0 0 0 0 51 0 32 0 0 0 0 0 288 0 13 147 0 
0 0 0 0 0 0 0 0 0 0 0 0 0 0 0 0 0 0 0 0 0 0 0 152 0 0 0 0 0 0 0 0 0 0 0 0 0 0 0 0 0 0 0 0 0 0 0 0 100 0 0 0 0 0 0 0 0 0 0 0 0 0 0 0 0 0 0 0 0 0 0 0 0 0 0 0 32 0 0 0 0 0 0 16 0 0 0 0 0 0 0 0 0 0 0 0 0 0 0 0 0 0 0 0 0 0 0 0 0 0 0 0 0 0 0 0 0 20 0 0 0 0 0 0 0 0 51 0 0 0 0 0 0 0 0 0 0 0 0 0 0 0 0 0 0 0 0 0 0 0 0 0 0 0 0 126 0 0 0 0 0 0 64 0 0 0 0 0 0 0 0 108 0 0 0 0 0 0 0 0 0 0 0 0 40 0 0 0 80 0 0 0 0 0 0 0 0 0 0 0 0 0 0 0 0 0 0 0 0 13 0 
0 0 0 0 0 0 0 0 0 0 0 0 0 0 0 0 0 0 0 0 0 0 0 20 0 0 0 0 0 0 0 0 0 0 0 0 0 0 0 0 0 0 0 0 0 100 0 0 0 0 0 0 0 0 0 0 0 0 0 0 0 0 0 0 0 0 0 0 0 0 0 0 0 0 0 0 0 0 0 0 0 0 0 0 0 0 0 0 0 0 0 0 0 0 0 0 0 0 0 0 0 0 0 0 0 0 0 0 0 0 0 0 0 0 0 0 0 40 0 0 0 0 0 0 0 0 0 0 13 0 0 0 0 0 0 0 0 0 0 0 0 0 0 0 0 0 0 0 0 0 0 0 0 0 0 80 0 0 0 0 0 0 0 0 0 0 0 0 0 0 0 0 0 0 0 0 0 0 0 0 0 0 0 0 0 0 0 0 0 0 0 0 0 0 0 0 0 0 0 0 0 0 0 0 0 0 0 0 0 0 0 
0 0 0 0 0 0 0 0 0 0 0 0 0 0 0 0 0 0 0 0 0 0 0 0 0 0 0 0 0 0 0 0 0 0 0 0 0 0 0 0 0 0 0 0 0 0 0 0 0 0 0 0 0 0 0 0 0 0 0 0 0 0 0 0 0 0 0 0 0 0 0 0 0 0 0 0 0 0 0 0 0 0 0 80 0 0 0 0 0 0 0 0 0 0 0 0 0 0 0 0 0 0 0 0 0 0 0 0 0 0 0 0 0 0 0 0 0 0 0 0 0 0 0 0 0 0 0 0 0 0 0 0 0 0 0 0 0 0 0 0 0 0 0 0 0 0 0 0 0 0 0 0 0 0 0 0 0 0 0 0 0 0 0 0 0 0 0 0 0 0 0 0 0 0 0 0 0 0 0 0 0 0 0 0 0 0 0 0 0 0 0 0 0 0 0 0 0 0 0 0 0 0 0 0 0 0 0 0 0 0 0 
13 0 0 0 0 0 0 0 0 0 0 0 0 0 0 0 0 0 0 0 0 0 0 26 0 0 0 0 0 0 20 0 0 0 0 0 0 0 0 0 0 0 0 0 0 0 0 0 0 0 0 0 0 0 0 0 0 0 0 0 0 0 0 0 0 0 0 0 0 0 0 0 0 0 0 0 0 0 0 0 0 0 0 0 0 0 0 0 0 0 0 0 0 0 0 0 0 0 0 0 0 0 0 0 0 0 0 0 0 0 0 0 0 0 0 0 0 92 0 0 0 0 0 0 0 0 0 0 0 0 0 0 0 0 0 0 0 0 0 0 0 0 0 0 0 0 0 0 0 0 0 0 0 0 0 160 0 0 0 0 0 0 0 0 0 0 0 0 0 0 0 200 0 0 0 0 0 0 0 0 0 0 0 0 0 0 0 0 0 0 0 0 0 0 0 0 0 0 0 0 0 0 0 0 0 0 0 0 0 0 0 
0 0 0 0 0 0 0 0 0 0 0 0 0 0 0 0 0 0 0 0 0 0 0 0 0 0 0 0 0 0 0 0 0 0 0 0 0 0 0 0 0 0 0 0 0 0 0 0 0 0 0 0 0 0 0 0 0 0 0 0 0 0 0 0 0 0 0 0 0 0 0 0 0 0 0 0 0 0 0 0 0 0 0 0 0 0 0 0 0 0 0 0 0 0 0 0 0 0 0 0 0 0 0 0 0 0 0 0 0 0 0 0 0 0 0 0 0 0 0 0 0 0 0 0 0 0 0 0 0 0 0 0 0 0 0 0 0 0 0 0 0 0 0 0 0 0 0 0 0 0 0 0 0 0 0 0 0 0 0 0 0 0 0 0 0 0 0 0 0 0 0 0 0 0 0 0 0 0 0 0 0 0 0 0 0 0 0 0 0 0 0 0 0 0 0 0 0 0 0 0 0 0 0 0 0 0 0 0 0 0 0 
0 0 0 0 0 0 0 0 0 0 0 0 0 0 0 0 0 0 0 0 0 0 0 0 0 0 0 0 0 0 0 0 0 0 0 0 0 0 0 0 0 0 0 0 0 0 0 0 0 0 0 0 0 0 0 0 0 0 0 0 0 0 0 0 0 0 0 0 0 0 0 0 0 0 0 0 0 0 0 0 0 0 0 0 0 0 0 0 0 0 0 0 0 0 0 0 0 0 0 0 0 0 0 0 0 0 0 0 0 0 0 0 0 0 0 0 0 0 0 0 0 0 0 0 0 0 0 0 0 0 0 0 0 0 0 0 0 0 0 0 0 0 0 0 0 0 0 0 0 0 0 0 0 0 0 0 0 0 0 0 0 0 0 0 0 0 0 0 0 0 0 0 0 0 0 0 0 0 0 0 0 0 0 0 0 0 0 0 0 0 0 0 0 0 0 0 0 0 0 0 0 0 0 0 0 0 0 0 0 0 0 
0 0 0 0 0 0 0 0 0 0 0 0 0 0 0 0 0 0 0 0 0 0 0 0 0 0 0 0 0 0 0 0 0 0 0 0 0 0 0 0 0 0 0 0 0 0 0 0 0 0 0 0 0 0 0 0 0 0 0 0 0 0 0 0 0 0 0 0 0 0 0 0 0 0 0 0 0 0 0 0 0 0 0 0 0 0 0 0 0 0 0 0 0 0 0 0 0 0 0 0 0 0 0 0 0 0 0 0 0 0 0 0 0 0 0 0 0 0 0 0 0 0 0 0 0 0 0 0 0 0 0 0 0 0 0 0 0 0 0 0 0 0 0 0 0 0 0 0 0 0 0 0 0 0 0 0 0 0 0 0 0 0 0 0 0 0 0 0 0 0 0 0 0 0 0 0 0 0 0 0 0 0 0 0 0 0 0 0 0 0 0 0 0 0 0 0 0 0 0 0 0 0 0 0 0 0 0 0 0 0 0 
0 0 0 0 0 0 0 0 0 0 0 0 0 0 0 0 0 0 0 0 0 0 0 0 0 0 0 0 0 0 0 0 0 0 0 0 0 0 0 0 0 0 0 0 0 0 0 0 0 0 0 0 0 0 0 0 0 0 0 0 0 0 0 0 0 0 0 0 0 0 0 0 0 0 0 0 0 0 0 0 0 0 0 0 0 0 0 0 0 0 0 0 0 0 0 0 0 0 0 0 0 0 0 0 0 0 0 0 0 0 0 0 0 0 0 0 0 0 0 0 0 0 0 0 0 0 0 0 0 0 0 0 0 0 0 0 0 0 0 0 0 0 0 0 0 0 0 0 0 0 0 0 0 0 0 0 0 0 0 0 0 0 0 0 0 0 0 0 0 0 0 0 0 0 0 0 0 0 0 0 0 0 0 0 0 0 0 0 0 0 0 0 0 0 0 0 0 0 0 0 0 0 0 0 0 0 0 0 0 0 0 
80 0 0 0 0 0 0 0 0 0 0 0 0 0 0 0 0 0 0 0 0 0 0 40 0 0 0 0 0 0 0 0 0 0 0 32 0 0 0 0 0 0 0 0 0 0 0 0 0 104 0 0 0 0 0 0 0 0 0 0 0 0 0 0 51 0 0 0 0 0 0 0 0 0 0 0 0 26 0 0 0 0 0 0 0 0 0 0 80 20 64 0 0 0 0 0 0 0 0 0 0 0 32 0 0 0 0 0 0 0 0 16 0 0 0 0 0 64 0 0 0 0 0 0 41 0 0 0 0 0 0 0 0 0 0 0 0 0 0 0 0 0 0 0 0 0 0 0 0 0 0 0 0 0 0 103 0 0 0 0 0 0 0 0 0 0 0 0 0 0 0 0 0 0 0 0 0 0 0 0 0 0 0 0 0 0 0 0 0 0 0 0 0 0 0 0 0 0 0 0 0 0 0 0 0 0 13 0 0 64 0 
0 0 0 0 0 0 0 0 0 0 0 0 0 0 0 0 0 0 0 0 0 0 0 0 0 0 0 0 0 0 80 0 0 0 0 0 0 0 0 0 0 0 0 0 0 0 0 0 0 0 0 0 0 0 0 0 0 0 0 0 0 0 0 0 0 0 0 0 0 0 0 0 0 0 0 0 0 0 0 0 0 0 0 0 0 0 0 0 0 0 0 0 0 0 0 0 0 0 0 51 0 0 0 0 0 0 0 0 0 0 0 0 0 0 0 0 0 0 0 0 0 0 0 0 0 0 0 0 0 0 0 0 0 0 0 0 0 0 0 0 0 0 0 0 0 0 0 0 0 0 0 0 0 0 80 64 0 0 0 0 0 0 0 0 0 0 0 0 0 0 0 0 0 0 0 0 0 0 0 0 0 0 0 0 0 0 0 0 0 0 0 0 0 0 0 0 32 0 0 0 0 0 0 0 0 0 0 0 0 0 0 
0 0 0 0 0 0 0 0 0 0 51 0 0 0 0 0 0 0 0 0 0 0 0 0 0 0 0 0 0 0 0 0 0 0 0 0 0 0 0 0 0 0 0 0 0 0 0 0 0 0 0 0 0 0 0 0 0 0 0 0 0 0 0 0 0 0 0 0 0 0 0 0 0 0 0 0 0 0 0 0 0 0 0 0 0 0 0 0 0 0 0 0 0 0 0 0 0 0 0 0 0 0 0 0 0 0 0 0 0 0 0 0 0 0 0 0 0 26 0 0 0 0 0 0 0 0 0 0 0 0 0 0 0 0 0 0 0 0 0 0 0 0 0 0 0 0 0 0 0 0 0 0 0 0 0 40 0 0 0 0 0 0 0 0 0 0 0 0 0 0 0 0 0 0 0 0 0 0 0 0 0 0 0 0 0 0 0 0 0 0 0 0 0 0 0 0 0 0 0 0 0 0 0 0 0 0 0 0 0 0 0 
96 0 0 0 80 0 0 0 0 0 0 0 0 0 0 0 0 0 0 0 32 0 0 263 0 0 0 0 0 0 13 0 0 0 80 0 0 0 0 0 0 0 0 0 0 0 0 0 0 0 0 26 0 0 0 0 0 0 0 0 0 0 13 0 0 0 0 0 0 0 0 0 0 0 0 0 0 0 0 0 0 51 0 65 0 0 0 0 0 0 0 0 0 0 0 0 0 0 0 0 0 0 0 64 0 0 0 0 0 0 0 0 0 0 0 0 0 759 0 105 0 0 0 0 0 0 0 0 0 0 0 0 0 0 0 0 0 0 0 0 0 0 0 0 0 0 0 0 0 64 0 0 0 0 16 631 0 0 0 0 0 0 20 0 0 0 0 0 0 0 0 303 0 0 0 0 0 0 0 0 0 0 0 0 0 0 0 0 0 0 0 0 0 0 0 0 80 0 0 0 137 0 0 0 0 0 0 0 0 0 0 
40 0 0 0 0 0 0 0 0 0 80 80 0 0 20 0 0 0 0 0 0 0 0 187 0 0 0 0 0 0 131 0 0 0 0 0 0 0 0 0 0 13 0 0 0 0 0 0 40 92 0 0 0 0 0 0 0 0 0 0 0 0 0 0 0 0 0 0 0 0 0 0 0 0 0 0 77 32 0 0 0 0 0 118 0 0 0 0 0 0 40 0 0 0 0 0 0 0 0 0 0 0 257 0 0 0 0 0 0 0 0 0 0 0 0 0 0 72 0 0 0 0 0 0 0 0 0 0 0 0 0 0 0 0 0 0 0 0 0 0 0 0 0 0 0 0 0 0 0 80 0 0 0 26 16 163 160 0 0 0 0 0 20 0 0 0 0 0 0 0 0 210 0 0 0 0 0 0 0 64 0 0 0 0 0 0 0 0 58 0 0 0 0 0 0 0 0 0 0 0 0 0 0 0 0 0 0 0 40 0 0 
724 0 0 0 0 0 0 147 0 0 0 186 0 0 0 0 0 0 0 0 0 0 228 1007 26 47 0 0 0 0 213 0 0 0 0 64 80 0 0 64 0 0 0 0 0 0 0 16 0 181 0 104 0 0 0 0 0 0 0 0 0 0 0 98 0 32 0 0 0 0 0 0 0 0 0 0 245 246 160 0 0 0 57 683 0 0 0 0 0 0 132 0 0 0 0 0 0 0 0 0 0 0 53 0 0 13 0 0 0 0 0 0 0 0 0 0 0 822 80 77 0 106 0 0 388 0 0 0 40 0 40 0 0 0 0 0 0 0 0 0 0 0 0 0 0 184 0 0 93 26 0 0 289 26 419 2334 283 0 0 0 0 0 198 96 0 0 0 16 0 0 0 1517 80 0 51 0 0 0 164 0 13 115 0 77 0 0 0 0 80 0 104 0 0 0 0 0 58 0 16 0 0 0 0 0 0 0 0 0 0 204 0 
0 0 0 0 0 0 0 0 0 0 0 83 0 0 0 0 0 0 0 0 0 0 0 113 0 0 0 0 0 0 20 0 0 0 0 0 0 0 0 0 0 0 0 0 0 0 0 0 47 53 0 0 0 0 0 0 0 0 0 0 0 0 0 0 0 0 0 0 0 0 0 0 0 0 0 0 0 0 0 0 0 0 0 200 0 0 0 0 0 0 0 0 0 0 0 0 0 0 0 0 0 0 0 0 0 0 0 0 0 0 0 16 0 0 0 51 0 215 0 0 0 100 0 0 0 0 0 0 0 0 0 0 0 0 0 0 0 0 0 0 0 0 0 0 0 0 0 0 0 0 0 0 0 0 0 401 0 0 0 0 0 0 26 0 0 0 0 0 0 0 0 141 0 0 0 0 0 0 0 0 0 0 0 0 0 0 0 0 0 0 0 0 0 0 0 0 64 0 0 0 0 0 0 0 0 0 0 0 0 0 0 
64 0 0 0 0 0 0 0 0 0 0 80 0 0 32 0 0 0 0 0 0 0 51 82 0 0 0 0 0 0 0 0 0 0 0 80 0 0 0 0 0 0 0 0 0 0 0 0 0 134 0 0 0 0 0 0 0 0 0 0 0 0 0 0 0 0 0 0 0 0 0 0 0 0 0 0 0 13 0 0 0 0 0 57 0 0 0 0 0 0 100 0 0 0 0 0 0 0 80 0 0 0 0 0 0 0 0 0 0 0 0 0 0 0 0 0 0 26 0 51 0 0 0 0 0 0 0 0 0 0 26 0 0 0 0 0 0 0 0 0 0 0 0 0 0 0 0 0 100 0 0 0 0 0 0 448 0 0 0 0 0 0 0 51 0 0 0 0 0 0 0 192 0 0 0 0 0 0 0 0 0 0 0 0 0 0 0 0 26 0 0 0 0 0 0 32 26 0 0 0 0 0 0 0 0 0 0 0 0 0 0 
1398 0 0 0 0 0 0 0 0 0 0 20 0 0 324 0 0 0 0 0 80 0 507 1396 0 138 0 0 0 0 2538 0 0 0 538 40 0 0 0 52 0 0 0 0 0 20 0 0 213 199 40 0 0 0 0 0 64 428 0 0 64 0 0 0 0 42 20 0 0 0 0 0 0 0 0 0 241 268 0 0 0 0 100 1552 0 0 0 0 80 186 737 16 0 40 0 251 0 0 762 51 0 0 52 0 740 16 100 0 0 0 0 94 0 0 0 0 0 1363 0 209 32 78 0 0 169 49 0 0 26 0 64 0 0 0 0 0 0 0 0 0 0 0 0 0 64 110 0 0 514 0 0 0 77 64 2580 4020 40 0 0 0 0 174 681 240 0 32 32 0 0 0 0 2812 32 0 137 0 67 0 100 0 32 64 0 0 40 0 0 0 32 0 0 80 0 0 0 40 121 0 0 0 13 0 79 0 0 0 984 0 120 67 0 
480 0 0 0 170 0 0 0 0 0 80 26 0 0 13 0 0 0 0 0 96 0 105 1658 0 20 0 0 0 0 202 0 0 0 195 0 0 0 0 80 0 0 0 0 0 51 0 0 297 551 0 0 0 0 0 0 0 32 0 0 80 0 0 0 0 20 13 0 0 0 0 0 0 100 0 0 1074 360 0 0 0 80 0 1450 0 0 0 0 51 16 303 40 0 0 0 120 0 0 64 0 72 0 154 0 51 0 20 0 0 0 0 13 0 0 0 0 0 3696 40 225 0 104 0 0 480 876 0 0 194 0 0 51 0 0 0 80 0 0 0 0 0 0 0 40 0 32 0 72 32 324 0 0 84 40 734 3305 541 40 16 0 0 58 317 403 0 32 0 0 0 0 0 2130 40 0 0 0 0 0 0 0 0 112 0 51 0 0 0 0 144 0 51 0 0 0 0 80 502 0 20 0 203 0 61 0 0 0 334 80 0 54 0 
0 0 0 0 0 0 0 0 0 0 0 0 0 0 0 0 0 0 0 0 0 0 0 0 0 0 0 0 0 0 0 0 0 0 0 0 0 0 0 0 0 0 0 0 0 0 0 0 0 0 0 0 0 0 0 0 0 0 0 0 0 0 0 0 0 0 0 0 0 0 0 0 0 0 0 0 0 0 0 0 0 0 0 0 0 0 0 0 0 0 0 0 0 0 0 0 0 0 0 0 0 0 0 0 0 0 0 0 0 0 0 0 0 0 0 0 0 0 0 0 0 0 0 0 0 0 0 0 0 0 0 0 0 0 0 0 0 0 0 0 0 0 0 0 0 0 0 0 0 0 0 0 0 0 0 0 0 0 0 0 0 0 0 0 0 0 0 0 0 0 0 0 0 0 0 0 0 0 0 0 0 0 0 0 0 0 0 0 0 0 0 0 0 0 0 0 0 0 0 0 0 0 0 0 0 0 0 0 0 0 0 
0 0 0 0 0 0 0 0 0 0 0 0 0 0 0 0 0 0 0 0 0 0 0 81 0 0 0 0 0 0 0 0 0 0 0 0 0 0 0 0 0 0 0 0 100 0 0 0 0 20 0 0 0 0 0 0 0 0 0 0 0 0 0 0 0 0 0 0 0 0 0 0 0 0 0 0 0 0 0 0 0 0 0 164 0 0 0 0 0 0 0 0 0 100 100 0 0 0 0 0 0 0 0 0 0 0 0 0 0 0 0 0 0 0 0 0 0 51 0 0 0 0 0 0 0 0 0 0 0 0 0 0 0 0 0 0 0 0 0 0 0 0 0 0 0 0 0 0 0 0 0 0 0 80 26 117 0 0 0 0 0 0 0 51 0 0 0 0 0 0 0 231 0 0 0 0 0 0 0 0 0 0 0 0 0 0 0 0 0 0 0 0 0 0 0 0 132 0 0 0 0 0 0 0 0 0 0 0 0 16 0 
5064 0 0 0 0 0 0 0 0 0 0 16 0 0 106 0 0 0 0 0 0 0 1467 1076 0 16 0 0 0 0 2781 0 0 0 239 0 0 0 115 0 0 0 0 0 0 0 0 0 272 275 0 0 0 0 0 0 0 0 0 0 0 0 0 0 0 0 92 0 0 0 0 0 0 0 0 0 97 195 0 0 0 0 0 605 0 51 0 0 0 0 96 0 0 0 0 0 0 0 0 0 0 0 78 0 0 0 0 0 0 0 0 0 0 0 0 0 0 1423 0 250 72 47 0 0 13 0 100 26 0 0 64 73 0 0 0 0 0 0 0 0 0 0 0 0 0 64 0 0 189 0 0 0 30 51 410 1562 94 0 64 0 0 128 541 230 0 87 0 106 0 0 0 1455 0 0 40 0 0 0 40 0 0 0 0 65 40 0 0 0 51 0 0 0 0 0 0 0 106 0 0 0 46 0 0 0 0 13 267 0 0 174 0 
433 0 0 0 64 0 0 0 0 0 0 168 0 0 273 0 0 0 0 0 0 0 61 306 0 692 0 0 0 0 279 0 0 0 100 0 0 0 0 77 0 0 0 0 32 0 0 0 80 402 115 0 0 0 0 64 0 80 0 0 0 0 0 0 0 0 0 0 0 0 0 0 0 0 0 0 80 57 64 0 0 0 67 752 0 0 0 0 0 100 267 0 0 13 0 0 0 0 0 40 0 0 20 80 0 58 32 0 0 0 0 0 0 0 0 0 0 644 0 0 0 132 0 0 33 371 0 0 0 0 0 0 0 0 0 0 0 0 0 0 0 0 0 0 80 0 0 26 96 0 0 0 140 0 373 2115 0 0 0 0 0 183 351 97 0 180 0 0 0 0 0 1058 0 0 0 0 0 0 0 0 0 80 0 0 0 0 0 0 0 0 0 0 0 0 0 0 106 0 64 0 0 0 0 0 0 0 157 0 0 326 0 
4864 0 0 0 85 16 0 77 104 0 64 543 0 100 1780 52 0 0 0 0 64 0 565 5233 141 1008 0 0 0 20 1864 0 0 0 1081 88 16 0 0 301 0 0 0 0 0 195 16 32 259 847 195 481 0 0 0 0 77 2218 0 0 0 0 100 100 30 61 132 0 0 0 42 0 0 26 0 0 1042 1259 20 0 0 0 1727 4895 0 0 0 0 200 580 2997 186 0 61 155 106 0 0 165 353 903 0 474 152 133 1034 0 0 0 0 0 1028 0 100 0 102 0 7596 146 1046 40 924 0 0 557 273 465 103 78 0 58 159 0 0 0 0 0 0 0 0 67 0 0 100 311 3589 80 51 724 466 0 13 828 309 2013 25048 965 105 254 0 0 740 8044 2764 0 378 361 0 0 0 42 7625 132 0 208 0 20 0 121 40 58 261 13 173 0 0 0 0 341 83 560 100 120 0 40 13 1550 0 280 0 642 100 30 0 92 389 1123 0 295 4067 0 
20622 0 93 0 1146 322 174 584 304 0 1385 2297 0 0 4741 279 0 152 0 0 635 0 3266 60334 511 1866 0 0 51 367 8579 0 0 0 7911 1057 855 0 295 1712 256 67 0 0 275 1705 82 575 3239 7171 387 559 0 515 0 88 110 2579 87 0 569 80 500 914 248 202 1201 0 0 0 255 40 0 458 0 835 7582 4174 309 0 0 1751 993 27929 0 210 0 0 265 2424 8375 1034 375 246 484 843 0 0 554 683 1128 0 3114 2884 869 1164 263 100 64 0 1506 1383 0 20 30 338 0 109646 541 6921 535 3598 0 560 3168 5560 462 348 1542 368 1039 1990 210 0 0 39 0 0 0 0 586 49 77 926 67 2894 150 196 2857 2113 0 64 2306 1293 14994 94414 5237 498 2705 110 153 2601 6450 4780 0 1379 863 1312 230 0 133 48416 230 0 820 0 51 0 199 0 1006 2576 51 194 1270 0 0 0 1319 288 1418 193 1946 0 32 430 17130 0 1089 0 5619 64 835 0 518 1191 8755 122 1314 5052 0 
1890 0 0 0 100 0 0 0 0 0 211 13 0 0 1232 0 0 0 0 0 0 0 246 3946 40 0 0 0 0 0 1301 0 0 0 548 332 40 0 100 20 100 0 0 0 0 0 0 100 178 267 0 153 0 0 0 0 0 80 0 0 0 0 0 96 0 32 26 0 0 0 0 0 0 0 0 0 520 546 0 0 0 0 180 1865 0 0 0 0 0 232 128 72 0 20 32 157 0 0 116 100 54 0 384 16 61 40 0 0 0 0 0 80 0 0 100 0 0 1264 213 260 172 268 0 0 167 52 0 0 213 0 20 20 0 0 0 0 0 0 0 0 0 0 0 0 16 220 0 80 553 205 0 26 179 42 1152 3923 564 64 80 0 100 152 1566 88 0 0 0 98 0 0 0 6103 13 0 20 0 16 0 106 100 152 0 0 0 32 0 0 0 117 0 200 0 53 0 100 100 668 0 132 0 300 0 40 0 0 137 1094 0 156 90 0 
232 0 0 0 0 0 0 0 0 0 0 0 0 0 20 0 0 0 0 0 0 0 0 575 0 0 0 0 0 0 47 0 0 0 0 0 0 0 0 0 0 0 0 0 0 0 0 0 26 216 0 0 0 0 0 0 0 0 0 0 0 0 0 0 0 0 0 0 0 0 0 0 0 0 0 0 77 0 0 0 0 0 0 206 0 0 0 0 0 0 64 0 0 0 0 0 0 0 0 0 0 0 0 20 0 0 0 0 0 0 0 0 0 0 0 80 0 113 0 247 0 0 0 0 40 0 0 0 0 0 0 0 0 0 0 0 0 0 0 0 0 0 0 0 0 0 0 0 0 80 0 0 26 0 0 428 32 0 0 0 0 0 33 80 0 0 40 0 0 0 0 523 0 0 0 0 0 0 0 0 0 0 0 0 0 0 0 0 0 0 0 0 0 0 0 0 81 0 0 0 0 0 0 0 0 0 151 0 0 0 0 
1298 0 0 0 351 0 0 0 0 0 100 51 0 0 185 20 0 0 0 0 0 0 67 1211 0 37 0 0 0 13 782 0 0 0 161 13 0 0 0 90 0 0 0 0 100 0 0 0 87 154 0 141 0 0 0 0 0 0 0 0 80 0 0 164 0 32 0 0 0 0 13 0 0 13 0 40 457 16 0 0 0 100 344 1000 0 0 0 0 0 32 386 40 0 0 16 32 0 0 13 0 0 0 0 16 0 83 0 0 0 0 0 0 0 26 0 20 0 854 0 324 0 51 0 0 0 92 0 80 164 32 40 0 0 13 0 0 0 0 0 0 0 0 0 16 0 120 0 42 40 197 0 16 16 0 438 3848 206 0 51 0 0 176 348 64 0 122 20 20 0 0 64 2337 0 0 16 0 0 0 0 0 0 172 0 0 0 0 0 0 63 0 0 20 26 0 0 0 204 0 80 0 64 0 0 0 0 181 465 0 127 83 0 
0 0 0 0 0 0 0 0 0 0 0 0 0 0 0 0 0 0 0 0 0 0 0 0 0 0 0 0 0 0 0 0 0 0 0 0 0 0 0 0 0 0 0 0 0 0 0 0 0 64 0 0 0 0 0 0 0 0 0 0 0 0 0 0 0 0 0 0 0 0 0 0 0 0 0 0 0 0 0 0 0 0 0 0 0 0 0 0 0 0 0 0 0 0 0 0 0 0 0 0 0 0 0 0 0 0 0 0 0 0 0 0 0 0 0 0 0 0 0 0 0 0 0 0 0 0 0 0 0 0 0 0 0 0 0 0 0 0 0 0 0 0 0 0 0 0 0 0 0 0 0 0 0 0 0 0 0 0 0 0 0 0 0 0 0 0 0 0 0 0 0 212 0 0 0 0 0 0 0 0 0 0 0 0 0 0 0 0 0 0 0 0 0 0 0 0 0 0 0 0 0 0 0 0 0 0 0 0 0 0 0 
20 0 0 0 0 0 0 0 0 0 0 13 0 0 80 0 0 0 0 0 0 0 0 187 0 26 0 0 0 0 26 0 0 0 20 0 0 0 0 0 0 0 0 0 0 0 0 0 0 51 0 0 0 64 0 0 0 0 0 0 0 0 0 0 0 0 0 0 0 0 0 0 0 0 0 64 0 0 0 0 0 0 53 378 0 0 0 0 0 0 26 0 0 0 0 0 0 0 0 80 0 0 0 0 0 16 0 0 0 0 0 0 0 0 0 0 0 222 0 32 0 26 0 0 0 0 0 0 0 0 0 0 0 0 0 0 0 0 0 0 0 51 0 0 0 13 0 16 13 51 0 0 0 0 499 880 26 0 0 0 0 0 0 0 0 16 0 0 0 0 100 879 0 0 0 0 0 0 0 0 104 0 0 0 0 0 0 0 0 0 0 0 0 0 0 0 13 0 0 0 0 0 0 0 0 64 0 0 64 166 0 
452 0 0 0 0 0 0 80 0 0 32 20 0 0 369 0 0 0 0 0 0 0 51 2623 0 98 0 0 0 51 525 0 0 0 263 0 0 0 0 135 0 0 0 0 0 0 0 0 188 205 0 211 0 0 0 0 0 78 0 0 0 0 0 54 0 0 40 0 0 0 0 0 0 0 0 0 246 120 0 0 0 64 26 953 0 0 0 0 0 30 84 0 0 16 0 49 0 0 96 80 13 0 39 0 0 51 0 0 0 0 0 0 0 0 0 0 0 1909 26 219 51 192 0 0 160 238 32 0 40 0 80 64 0 0 0 0 0 0 0 0 0 0 0 0 0 0 400 0 176 0 0 0 40 0 394 2237 124 0 16 0 80 51 583 64 0 83 0 0 0 0 0 1134 0 0 0 0 0 0 0 0 77 57 0 0 13 0 0 0 64 0 80 0 0 0 0 0 185 0 0 0 104 0 0 0 80 121 259 0 0 259 0 
3982 0 0 0 177 0 0 64 200 64 204 517 0 0 841 200 0 0 0 0 106 0 498 5465 102 520 0 0 0 0 1307 80 0 0 1041 64 0 0 20 323 0 0 0 0 144 0 0 0 351 808 0 184 0 0 0 0 64 2327 64 0 0 0 80 200 0 0 115 0 0 0 32 0 0 0 0 16 1412 732 13 0 0 510 213 3788 0 13 0 0 51 327 1941 134 90 20 184 177 0 0 84 220 400 0 325 90 128 316 64 0 0 0 64 616 0 0 0 0 26 3276 159 1169 164 310 0 0 479 428 200 0 549 0 175 16 0 0 0 26 0 0 0 0 0 0 0 54 190 1550 0 0 573 571 0 80 330 160 3375 10450 1010 486 593 0 80 415 2136 692 0 99 121 190 0 0 0 10542 113 0 244 0 52 0 34 0 316 515 0 113 13 0 0 0 482 0 51 0 129 0 0 0 667 0 0 0 460 64 102 0 0 373 1323 0 164 3526 0 
2776 0 51 0 16 0 0 13 0 0 20 155 0 0 550 0 0 0 0 0 16 0 338 4672 164 40 0 0 0 26 1524 0 0 0 1038 52 40 0 0 283 0 0 0 0 0 115 0 0 772 1120 16 0 0 0 0 0 0 167 0 0 0 0 0 0 0 64 13 0 0 0 0 0 0 0 0 0 736 284 51 0 0 652 202 2309 0 51 0 0 80 172 1058 131 16 40 81 58 0 0 131 196 0 0 302 92 115 91 80 0 0 26 0 305 0 0 0 0 96 4765 0 920 80 181 0 0 290 124 0 13 229 13 152 92 0 0 0 0 0 0 0 0 16 0 0 16 231 200 112 40 497 445 0 0 61 162 1784 9202 216 0 204 0 0 46 664 195 0 156 80 0 39 0 0 3228 54 0 101 0 0 0 100 51 184 192 20 0 108 0 0 0 267 0 231 0 16 0 0 0 636 0 32 0 237 0 32 0 51 288 660 0 225 607 0 
0 0 0 0 0 0 0 0 0 0 0 0 0 0 0 0 0 0 0 0 0 0 0 0 0 0 0 0 0 0 0 0 0 0 0 0 0 0 0 0 0 0 0 0 0 0 0 0 0 0 0 0 0 0 0 0 0 0 0 0 0 0 0 0 0 0 0 0 0 0 0 0 0 0 0 0 0 0 0 0 0 0 0 0 0 0 0 0 0 0 0 0 0 0 0 0 0 0 0 0 0 0 0 0 0 0 0 0 0 0 0 0 0 0 0 0 0 0 0 0 0 0 0 0 0 0 0 0 0 0 0 0 0 0 0 0 0 0 0 0 0 0 0 0 0 0 0 0 0 0 0 0 0 0 0 0 0 0 0 0 0 0 0 0 0 0 0 0 0 0 0 0 0 0 0 0 0 0 0 0 0 0 0 0 0 0 0 0 0 0 0 0 0 0 0 0 0 0 0 0 0 0 0 0 0 0 0 0 0 0 0 
281 0 0 0 100 0 13 0 0 0 0 151 0 0 0 0 0 0 0 0 0 0 0 544 0 0 0 0 0 400 480 0 0 0 114 0 0 0 0 40 0 0 0 0 0 86 0 0 0 199 0 49 0 0 0 0 0 64 0 0 0 0 0 0 0 0 0 0 0 0 0 0 0 0 0 0 147 177 0 0 0 0 40 561 0 0 0 0 0 0 147 13 0 0 0 0 0 0 0 72 0 0 84 0 0 106 40 0 0 0 0 0 0 0 0 0 0 1207 0 158 0 13 0 16 0 0 0 0 51 0 26 0 0 40 0 0 0 0 0 0 0 0 0 0 0 80 0 0 88 20 0 0 93 0 532 1830 178 64 0 0 0 0 115 131 0 16 0 0 0 0 0 833 0 0 0 0 0 0 0 0 0 80 0 0 0 0 0 0 0 0 0 0 83 0 0 0 354 0 13 0 1270 0 180 0 0 16 172 0 0 41 0 
472 0 0 0 0 0 0 0 0 0 0 0 0 0 167 0 0 0 0 0 0 0 0 360 0 20 0 0 0 0 120 0 0 0 87 0 13 0 0 77 0 0 0 0 0 13 0 0 0 229 0 0 0 0 0 0 0 112 0 0 0 0 100 0 0 40 100 0 0 0 0 0 0 0 0 0 93 77 0 0 0 0 100 452 0 0 0 0 0 0 484 80 0 64 0 64 0 0 0 0 0 0 83 0 16 0 0 0 0 0 0 0 0 0 0 0 0 339 0 0 0 51 0 0 0 20 0 20 0 0 51 0 0 0 0 0 0 0 0 0 0 0 0 0 0 0 51 0 0 172 0 0 80 57 52 1288 104 16 0 0 0 100 234 41 0 120 0 0 0 0 0 221 0 0 90 0 0 0 0 0 30 0 0 0 0 0 0 0 0 0 0 0 0 0 0 0 94 0 0 0 16 0 0 0 0 0 143 0 20 16 0 
473 0 0 0 0 0 0 0 0 0 0 0 0 0 200 0 0 0 0 0 0 0 20 417 0 0 0 0 0 0 26 0 0 0 64 0 0 0 0 0 0 0 0 0 0 0 0 0 0 64 0 0 0 0 0 0 0 0 0 0 47 0 0 0 0 0 0 0 0 0 0 0 0 0 0 0 39 46 0 0 0 0 0 93 0 0 0 0 0 128 0 0 0 0 0 0 0 0 0 0 0 0 0 0 0 0 0 0 0 0 0 0 0 0 0 0 0 725 0 64 0 0 0 0 0 0 0 0 13 0 0 0 0 0 0 0 0 0 0 0 0 0 0 0 0 0 0 0 0 0 0 0 80 0 67 2987 0 26 0 0 0 0 0 151 0 0 0 32 0 0 0 337 0 0 0 0 0 0 0 0 0 13 0 0 0 0 0 0 0 0 0 0 0 0 0 0 639 0 0 0 0 0 0 0 0 0 153 0 20 0 0 
0 0 0 0 0 0 0 0 0 0 0 0 0 0 100 0 0 0 0 0 0 0 0 106 0 0 0 0 0 0 0 0 0 0 0 0 0 0 0 0 0 0 0 0 0 0 0 0 20 0 0 0 0 0 0 0 0 0 0 0 0 0 0 0 0 0 0 0 0 0 0 0 0 0 0 0 0 0 0 0 0 0 0 0 0 0 0 0 0 0 0 0 0 0 0 0 0 0 0 0 0 0 0 0 0 0 0 0 0 0 0 0 0 0 0 0 0 106 0 0 0 64 0 0 0 0 0 0 0 0 0 0 0 0 0 0 0 0 0 0 0 0 0 0 0 0 0 0 0 0 0 0 0 0 0 464 0 0 0 0 0 0 0 0 0 0 0 0 0 0 0 34 0 0 0 0 0 0 0 0 0 0 0 0 0 0 0 0 0 0 0 0 0 0 0 0 0 0 0 0 0 0 0 0 0 0 0 0 0 0 0 
0 0 0 0 0 0 0 0 0 0 0 0 0 0 0 0 0 0 0 0 0 0 0 0 0 0 0 0 0 0 0 0 0 0 0 0 0 0 0 0 0 0 0 0 0 0 0 0 0 0 0 0 0 0 0 0 0 0 0 0 0 0 0 0 0 0 0 0 0 0 0 0 0 0 0 0 0 0 0 0 0 0 0 0 0 0 0 0 0 0 0 0 0 0 0 0 0 0 0 0 0 0 0 0 0 0 0 0 0 0 0 0 0 0 0 0 0 0 0 0 0 0 0 0 0 0 0 0 0 0 0 0 0 0 0 0 0 0 0 0 0 0 0 0 0 0 0 0 0 0 0 0 0 0 0 0 0 0 0 0 0 0 0 0 0 0 0 0 0 0 0 0 0 0 0 0 0 0 0 0 0 0 0 0 0 0 0 0 0 0 0 0 0 0 0 0 0 0 0 0 0 0 0 0 0 0 0 0 0 0 0 
13 0 0 0 0 0 0 0 0 0 0 16 0 0 16 0 0 0 0 0 0 0 51 108 0 0 0 0 0 0 0 0 0 0 0 0 0 0 0 0 0 0 0 0 0 0 0 0 0 0 0 0 0 80 0 0 0 160 0 0 0 0 0 0 0 0 0 0 0 0 0 0 0 0 0 0 80 0 0 0 0 0 0 64 0 0 0 0 0 0 164 0 0 0 0 0 0 0 0 0 0 0 0 0 0 0 0 0 0 0 0 0 0 0 0 0 0 64 0 0 0 0 0 0 0 0 0 0 0 0 0 0 0 0 0 0 0 0 0 0 0 0 0 0 0 0 0 0 0 0 0 0 0 0 0 217 0 0 100 0 0 0 200 0 0 0 0 0 0 0 0 155 0 0 0 0 0 0 0 0 26 0 0 0 0 0 0 0 0 0 26 0 0 0 0 0 0 0 0 0 0 0 0 0 0 80 13 0 0 51 0 
14339 0 0 0 463 0 80 110 175 0 189 973 0 0 4496 202 0 0 32 0 213 0 1627 23845 651 2599 0 0 0 160 4379 0 0 0 4301 590 403 0 101 790 167 0 0 0 47 197 0 216 2057 3753 187 699 0 206 0 32 32 721 0 0 211 51 51 453 20 148 763 0 0 0 132 0 0 349 0 54 5173 2811 216 0 0 109 795 13399 0 113 0 0 0 1029 5770 1103 185 111 346 488 0 0 335 92 212 0 1050 173 150 466 93 0 0 0 32 949 0 0 160 32 54 20850 619 3122 262 1462 0 0 2136 1415 147 151 1325 16 471 266 0 0 0 0 0 0 0 0 0 300 0 144 72 1011 0 84 1132 1678 0 73 2707 791 7239 72054 7463 458 242 84 13 1480 3416 5049 0 658 493 350 173 0 0 22905 186 0 302 0 26 0 403 0 1500 750 200 13 111 0 0 0 1609 67 290 136 839 0 20 283 4234 0 443 0 1039 0 490 0 374 618 4372 141 1377 1384 0 
163 0 0 0 0 0 0 0 0 0 0 0 0 0 0 0 0 0 0 0 0 0 0 154 0 0 0 0 0 0 20 0 0 0 80 0 0 0 0 0 0 0 0 0 0 40 0 0 64 51 0 0 0 0 0 0 0 0 0 0 0 0 0 0 0 0 0 0 0 0 0 0 0 0 0 0 0 0 0 0 0 0 0 80 0 0 0 0 0 0 0 0 0 0 0 0 0 0 0 0 0 0 34 0 0 0 0 0 0 0 0 0 0 0 0 0 0 192 0 47 0 0 0 40 0 80 0 0 0 0 0 0 0 0 0 0 0 0 0 0 0 0 0 0 0 0 0 0 0 0 0 0 0 0 0 1620 58 0 0 0 0 0 0 0 0 0 0 0 0 0 0 208 0 0 0 0 0 0 0 0 0 0 0 0 0 0 0 0 0 0 0 0 64 0 0 0 51 0 0 0 0 0 0 0 16 0 58 0 0 0 0 
0 0 0 0 0 0 0 0 0 0 0 0 0 0 0 0 0 0 0 0 0 0 0 0 0 0 0 0 0 0 0 0 0 0 0 0 0 0 0 0 0 0 0 0 0 0 0 0 0 0 0 0 0 0 0 0 0 0 0 0 0 0 0 0 0 0 0 0 0 0 0 0 0 0 0 0 0 0 0 0 0 0 0 0 0 0 0 0 0 0 0 0 0 0 0 0 0 0 0 0 0 0 0 0 0 0 0 0 0 0 0 0 0 0 0 0 0 0 0 0 0 0 0 0 0 0 0 0 0 0 0 0 0 0 0 0 0 0 0 0 0 0 0 0 0 0 0 0 0 0 0 0 0 0 0 0 0 0 0 0 0 0 0 0 0 0 0 0 0 0 0 0 0 0 0 0 0 0 0 0 0 0 0 0 0 0 0 0 0 0 0 0 0 0 0 0 0 0 0 0 0 0 0 0 0 0 0 0 0 0 0 
373 0 0 0 0 0 0 0 0 0 0 0 0 0 0 0 0 0 0 0 0 0 51 517 0 0 0 0 0 0 20 0 0 0 53 0 0 0 80 0 0 0 0 0 0 0 0 0 0 73 0 0 0 0 0 0 0 32 0 0 0 0 0 0 0 0 0 0 0 0 0 0 0 0 0 0 80 0 0 0 0 0 0 147 0 0 0 0 0 0 215 0 0 0 0 0 0 0 0 0 0 0 51 0 32 0 0 0 0 0 0 20 0 0 0 0 0 992 0 0 0 0 0 0 0 0 0 100 0 0 0 0 0 0 0 0 0 0 0 0 0 0 0 0 0 20 0 0 0 0 0 0 169 16 156 1981 0 32 0 0 0 0 80 104 0 0 0 0 0 0 0 116 0 0 0 0 0 0 0 0 0 0 0 0 0 0 0 0 0 0 64 0 0 0 0 0 213 0 90 0 53 0 0 0 0 0 0 0 0 32 0 
0 0 0 0 0 0 0 0 0 0 0 0 0 0 0 0 0 0 0 0 0 0 0 0 0 0 0 0 0 0 0 0 0 0 0 0 0 0 0 0 0 0 0 0 0 0 0 0 0 0 0 0 0 0 0 0 0 0 0 0 0 0 0 0 0 0 0 0 0 0 0 0 0 0 0 0 0 0 0 0 0 0 0 0 0 0 0 0 0 0 0 0 0 0 0 0 0 0 0 0 0 0 0 0 0 0 0 0 0 0 0 0 0 0 0 0 0 0 0 0 0 0 0 0 0 0 0 0 0 0 0 0 0 0 0 0 0 0 0 0 0 0 0 0 0 0 0 0 0 0 0 0 0 0 0 0 0 0 0 0 0 0 0 0 0 0 0 0 0 0 0 0 0 0 0 0 0 0 0 0 0 0 0 0 0 0 0 0 0 0 0 0 0 0 0 0 0 0 0 0 0 0 0 0 0 0 0 0 0 0 0 
0 0 0 0 0 0 0 0 0 0 0 0 0 0 0 0 0 0 0 0 0 0 0 16 0 0 0 0 0 0 0 0 0 0 0 0 0 0 0 0 0 0 0 0 0 0 0 0 0 49 64 0 0 0 0 0 0 26 0 0 0 0 0 0 0 0 0 0 0 0 0 0 0 0 0 0 0 0 0 0 0 0 0 0 0 0 0 0 0 0 0 0 0 0 0 0 0 0 0 0 0 0 64 0 0 0 0 0 0 0 0 0 0 0 0 0 0 16 0 0 0 0 0 0 0 0 0 0 0 0 0 0 0 0 0 0 0 0 0 0 0 0 0 0 0 80 0 0 0 0 0 0 0 40 0 126 20 0 0 0 0 0 0 0 0 0 0 0 0 0 0 65 0 0 0 0 0 0 0 0 0 0 0 0 0 0 0 0 0 0 0 0 0 0 0 0 0 0 0 0 16 0 0 0 0 0 0 0 0 144 0 
0 0 0 0 0 0 0 0 0 0 0 0 0 0 0 0 0 0 0 0 0 0 0 0 0 0 0 0 0 0 0 0 0 0 0 0 0 0 0 0 0 0 0 0 0 0 0 0 0 0 0 0 0 0 0 0 0 0 0 0 0 0 0 0 0 0 0 0 0 0 0 0 0 0 0 0 0 0 0 0 0 0 0 0 0 0 0 0 0 0 0 0 0 0 0 0 0 0 0 0 0 0 0 0 0 0 0 0 0 0 0 0 0 0 0 0 0 0 0 0 0 0 0 0 0 0 0 0 0 0 0 0 0 0 0 0 0 0 0 0 0 0 0 0 0 0 0 0 0 0 0 0 0 0 0 0 0 0 0 0 0 0 0 0 0 0 0 0 0 0 0 0 0 0 0 0 0 0 0 0 0 0 0 0 0 0 0 0 0 0 0 0 0 0 0 0 0 0 0 0 0 0 0 0 0 0 0 0 0 0 0 
100 0 0 0 0 0 0 0 0 0 0 0 0 0 26 0 0 0 0 0 0 0 13 88 0 32 0 0 0 0 0 0 0 0 151 0 0 0 0 0 0 0 0 0 0 0 0 0 0 0 0 0 0 0 0 0 0 144 0 0 0 0 0 0 0 0 0 0 0 0 0 0 0 0 0 0 0 0 0 0 0 0 77 53 0 0 0 0 0 32 100 0 0 0 0 0 0 0 20 0 0 0 73 0 0 0 0 0 0 0 0 0 0 0 0 0 0 290 0 0 0 0 0 0 0 0 0 0 0 0 51 0 0 0 0 0 0 0 0 0 0 0 0 0 0 160 0 0 26 0 0 0 0 0 51 813 51 0 16 0 0 0 200 0 0 0 0 0 0 0 0 51 0 0 0 0 0 0 0 0 0 0 0 0 0 0 0 0 0 0 64 0 0 0 0 0 40 0 0 0 0 0 0 0 0 0 0 0 0 26 0 
0 0 0 0 0 0 0 0 0 0 0 0 0 51 0 0 0 0 0 0 0 0 0 0 0 0 0 0 0 0 131 0 0 0 0 0 0 0 0 0 0 0 0 0 0 0 0 0 0 0 0 0 0 0 0 0 0 0 0 0 0 0 0 0 0 0 0 0 0 0 0 0 0 0 0 0 0 0 0 0 0 0 0 13 0 0 0 0 0 0 0 0 0 0 0 0 0 0 0 0 0 0 0 0 0 0 0 0 0 0 0 40 0 0 0 0 0 0 0 0 0 0 0 0 0 0 0 0 0 0 0 0 0 0 0 0 0 0 0 0 0 0 0 0 0 0 0 0 0 0 0 0 0 0 90 0 0 0 0 0 0 0 40 0 0 0 0 0 0 0 0 0 0 0 0 0 0 0 0 0 0 0 0 0 0 0 0 0 0 0 0 0 0 0 0 0 0 0 0 0 0 0 0 0 0 0 0 0 0 0 0 
660 0 0 0 77 0 0 0 0 0 20 0 0 0 305 0 0 0 0 0 26 0 81 1026 0 40 0 0 0 0 231 0 0 0 115 0 0 0 64 167 0 0 0 0 0 200 0 0 0 344 0 0 0 0 0 0 0 0 0 0 0 0 0 0 0 0 0 0 0 0 0 0 0 0 0 0 508 20 0 0 0 0 0 835 0 40 0 0 0 164 86 100 0 0 0 0 0 0 0 0 0 0 40 0 0 0 100 0 0 0 0 0 0 0 0 0 0 1061 0 84 0 26 0 0 57 20 0 0 80 0 100 0 0 0 0 0 0 0 0 0 0 0 51 0 0 0 0 40 30 0 0 0 40 0 94 3346 13 0 0 0 100 100 163 360 0 0 0 26 0 0 0 959 16 0 100 0 0 0 0 0 13 13 0 0 0 0 0 0 0 0 51 0 0 0 0 0 99 0 0 0 13 0 0 0 0 13 195 0 64 0 0 
704 0 0 0 0 0 0 51 0 0 0 73 0 0 200 0 0 0 0 0 80 0 64 1053 0 180 0 0 0 0 809 0 0 0 120 0 0 0 0 64 64 0 0 0 0 0 0 0 52 509 0 32 0 0 0 0 0 64 0 0 0 0 100 61 0 0 0 0 0 0 0 0 0 0 0 0 82 16 0 0 0 0 0 199 0 0 0 0 0 0 414 51 0 20 0 0 0 0 26 0 32 0 13 26 80 0 64 0 0 0 0 0 0 0 0 0 64 1219 0 54 0 20 0 0 16 96 0 0 51 0 80 0 0 0 0 0 0 0 0 0 0 0 0 0 0 81 0 0 333 142 0 0 0 40 474 6010 660 0 40 0 0 0 16 320 0 40 64 13 0 0 0 1101 0 0 0 0 51 0 80 0 0 94 0 0 0 0 0 0 0 0 40 0 0 0 0 0 356 0 80 0 90 0 0 0 0 20 379 0 41 0 0 
39 0 0 0 0 0 0 0 0 0 0 40 0 0 51 0 0 0 0 0 0 0 0 16 0 0 0 0 0 0 0 0 0 0 100 0 0 0 0 0 0 0 0 0 0 0 0 0 100 20 0 0 0 0 0 0 0 0 0 0 0 0 0 0 0 0 0 0 0 0 0 0 0 0 0 0 13 0 0 0 0 0 0 100 0 0 0 0 0 0 80 0 0 0 0 26 0 0 0 16 0 0 0 0 0 0 0 0 0 0 0 0 0 0 0 0 0 137 0 0 0 0 0 0 0 0 0 0 0 0 0 0 0 0 0 0 0 0 0 0 0 0 0 0 0 0 0 0 0 0 0 0 0 0 270 299 0 0 0 0 0 0 0 80 0 100 64 0 0 0 0 110 0 0 0 0 0 0 0 0 0 0 0 0 0 0 0 0 0 0 0 0 0 0 0 0 16 0 0 0 0 0 0 0 0 0 64 0 0 0 0 
32 0 0 0 0 0 0 0 0 0 0 0 0 0 26 0 0 0 0 0 0 0 64 207 0 0 0 0 0 0 0 0 0 0 0 0 0 0 0 0 0 0 0 0 0 0 0 0 0 40 0 16 0 0 0 0 0 0 0 0 0 0 0 26 0 0 0 0 0 0 0 0 0 0 0 0 40 0 0 0 0 0 0 220 0 0 0 0 0 0 0 0 0 0 0 0 0 0 0 0 0 0 0 0 0 0 0 0 0 0 0 0 0 0 0 0 0 47 0 0 0 0 0 0 0 0 0 0 0 0 0 0 0 0 0 0 0 0 0 0 0 0 0 0 0 0 0 0 0 0 0 0 0 0 64 241 51 0 0 0 0 0 0 0 0 51 0 0 0 0 0 930 0 0 0 0 0 0 0 0 0 0 0 0 0 0 0 0 0 0 0 0 0 0 0 0 0 0 0 0 0 0 0 0 0 0 0 0 0 80 0 
0 0 0 0 0 0 0 0 0 0 26 40 0 0 0 0 0 0 0 0 0 0 0 561 20 0 0 0 0 0 0 0 0 0 13 0 0 0 0 0 0 0 0 0 0 0 0 0 0 57 0 0 0 0 0 0 0 0 0 0 0 0 0 0 0 0 0 0 0 0 0 0 0 0 0 0 0 0 0 0 0 0 0 40 0 0 0 0 0 0 0 0 0 0 0 0 0 0 26 0 0 0 0 0 0 0 0 0 0 0 0 0 0 0 0 0 0 1183 0 64 0 86 0 0 13 200 0 0 0 0 0 0 0 0 0 0 0 0 0 0 0 0 0 0 0 0 0 0 32 77 0 0 0 0 0 597 128 0 0 0 0 64 92 80 0 0 0 0 0 0 0 297 0 0 16 0 0 0 0 0 0 0 0 0 32 0 0 0 0 0 0 0 0 0 0 0 106 0 0 0 0 0 0 0 0 40 80 0 0 40 0 
0 0 0 0 0 0 0 0 0 0 0 0 0 0 0 0 0 0 0 0 0 0 0 0 0 0 0 0 0 0 0 0 0 0 0 0 0 0 0 0 0 0 0 0 0 0 0 0 0 0 0 0 0 0 0 0 0 0 0 0 0 0 0 0 0 0 0 0 0 0 0 0 0 0 0 0 0 0 0 0 0 0 0 0 0 0 0 0 0 0 0 0 0 0 0 0 0 0 0 0 0 0 0 0 0 0 0 0 0 0 0 0 0 0 0 0 0 0 0 0 0 0 0 0 0 0 0 0 0 0 0 0 0 0 0 0 0 0 0 0 0 0 0 0 0 0 0 0 0 0 0 0 0 0 0 0 0 0 0 0 0 0 0 0 0 0 0 0 0 0 0 0 0 0 0 0 0 0 0 0 0 0 0 0 0 0 0 0 0 0 0 0 0 0 0 0 0 0 0 0 0 0 0 0 0 0 0 0 0 0 0 
0 0 0 0 0 0 0 0 0 0 0 0 0 0 0 0 0 0 0 0 0 0 0 0 0 0 0 0 0 0 0 0 0 0 0 0 0 0 0 0 0 0 0 0 0 0 0 0 0 0 0 0 0 0 0 0 0 0 0 0 0 0 0 0 0 0 0 0 0 0 0 0 0 0 0 0 0 0 0 0 0 0 0 0 0 0 0 0 0 0 0 0 0 0 0 0 0 0 0 0 0 0 0 0 0 0 0 0 0 0 0 0 0 0 0 0 0 0 0 0 0 0 0 0 0 0 0 0 0 0 0 0 0 0 0 0 0 0 0 0 0 0 0 0 0 0 0 0 0 0 0 0 0 0 0 0 0 0 0 0 0 0 0 0 0 0 0 0 0 0 0 0 0 0 0 0 0 0 0 0 0 0 0 0 0 0 0 0 0 0 0 0 0 0 0 0 0 0 0 0 0 0 0 0 0 0 0 0 0 0 0 
0 0 0 0 0 0 0 0 0 0 0 0 0 0 0 0 0 0 0 0 0 0 0 0 0 0 0 0 0 0 0 0 0 0 0 0 0 0 0 0 0 0 0 0 0 0 0 0 0 0 0 0 0 0 0 0 0 0 0 0 0 0 0 0 0 0 0 0 0 0 0 0 0 0 0 0 0 0 0 0 0 0 0 0 0 0 0 0 0 0 0 0 0 0 0 0 0 0 0 0 0 0 0 0 0 0 0 0 0 0 0 0 0 0 0 0 0 0 0 0 0 0 0 0 0 0 0 0 0 0 0 0 0 0 0 0 0 0 0 0 0 0 0 0 0 0 0 0 0 0 0 0 0 0 0 0 0 0 0 0 0 0 0 0 0 0 0 0 0 0 0 0 0 0 0 0 0 0 0 0 0 0 0 0 0 0 0 0 0 0 0 0 0 0 0 0 0 0 0 0 0 0 0 0 0 0 0 0 0 0 0 
315 0 0 0 51 0 0 32 0 0 0 0 0 0 0 0 0 0 0 0 0 0 20 720 0 173 0 0 0 0 13 0 0 0 20 0 0 0 0 0 80 64 0 0 0 0 0 0 32 112 0 0 0 0 0 0 0 80 0 0 0 0 0 0 0 0 0 0 0 0 0 0 0 0 0 0 96 0 0 0 0 0 140 366 0 0 0 0 0 16 549 100 0 0 13 0 0 0 0 100 180 0 0 0 0 0 0 0 0 0 0 40 0 0 0 0 0 542 0 61 0 68 0 0 116 0 80 0 0 0 0 100 0 0 0 0 0 0 0 0 51 0 0 0 0 277 0 0 32 0 0 0 0 72 37 1461 113 0 51 0 0 100 1122 32 0 164 0 0 0 0 32 1469 0 0 40 0 0 0 0 0 0 0 0 0 0 0 0 0 0 0 0 0 32 0 0 0 112 0 0 0 0 0 0 0 0 215 67 0 0 300 0 
85 0 0 0 13 0 0 0 0 0 0 0 0 0 0 0 0 0 0 0 0 0 0 51 0 64 0 0 0 0 0 0 0 0 80 0 0 0 0 0 0 0 0 0 0 0 0 0 100 0 0 0 0 0 0 0 0 67 0 0 0 0 0 0 0 0 0 0 0 0 64 0 0 0 0 0 0 0 0 0 0 0 0 13 0 0 0 0 0 32 0 26 0 0 0 0 0 0 0 180 64 0 0 0 0 0 0 0 0 0 0 0 0 0 0 0 0 114 0 26 0 0 0 0 32 51 0 0 0 0 0 0 0 0 0 0 0 0 0 0 0 0 0 0 0 126 0 0 0 0 0 0 51 0 64 219 32 0 0 0 0 0 100 61 0 0 20 0 0 0 0 173 0 0 0 0 0 0 0 0 0 64 0 0 0 0 0 0 0 0 0 0 0 0 0 0 0 0 0 0 0 0 0 0 0 0 26 0 0 0 0 
327 0 0 0 182 0 0 0 0 0 0 84 0 0 33 0 0 0 0 0 40 0 33 517 0 40 0 0 0 0 20 0 0 0 381 0 0 0 0 16 0 0 0 0 0 0 0 0 0 32 0 20 0 0 0 0 0 40 0 0 0 0 0 0 0 0 0 0 0 0 0 0 0 0 0 0 238 0 40 0 0 0 0 796 0 0 0 0 13 95 53 32 0 0 0 67 0 0 0 0 0 0 0 0 0 80 0 0 0 0 40 67 0 0 0 0 0 748 0 16 80 51 0 0 40 0 0 0 0 0 40 13 0 0 0 0 0 0 0 0 20 0 0 26 0 208 40 0 64 67 0 0 0 0 508 4912 130 0 0 0 64 53 1861 389 0 16 0 0 0 0 0 1176 0 0 0 0 0 0 0 0 0 131 0 0 0 0 0 0 0 0 0 0 0 0 0 0 26 0 0 0 13 0 0 0 0 0 209 0 0 114 0 
152 0 0 0 0 0 0 0 0 0 0 0 0 0 0 0 0 0 0 0 0 0 0 67 0 0 0 0 0 0 0 0 0 0 0 0 0 0 0 0 0 0 0 0 0 0 0 0 0 80 0 0 0 0 0 0 0 0 0 0 0 0 0 0 0 0 0 0 0 0 0 0 0 0 0 0 0 51 0 0 0 0 0 0 0 0 0 0 0 64 115 0 0 0 0 0 0 0 0 0 0 0 0 0 0 0 0 0 0 0 0 0 0 0 0 0 0 73 0 0 0 100 0 0 16 0 0 0 0 0 0 0 0 0 0 0 0 0 0 0 0 0 0 0 0 64 0 0 0 0 0 0 51 0 0 106 0 0 0 0 0 0 100 0 0 0 0 0 0 0 0 64 0 0 0 0 0 0 0 0 0 0 0 0 0 0 0 0 0 0 0 0 0 0 0 0 0 0 0 0 0 0 0 0 0 0 0 0 0 32 0 
547 0 0 0 0 0 0 0 0 0 0 0 0 0 0 0 0 0 0 0 64 0 0 477 0 100 0 0 0 0 0 0 0 0 16 0 0 0 0 0 0 0 0 0 0 51 0 0 0 0 0 0 0 0 0 0 0 377 0 0 0 0 0 0 0 0 0 0 0 0 0 0 0 0 0 0 65 75 0 0 0 0 0 314 0 0 0 0 0 100 0 0 0 0 0 0 0 0 0 0 80 0 20 40 0 0 51 0 0 0 0 51 0 0 0 0 0 358 0 0 0 0 0 0 0 77 0 0 0 0 0 0 0 0 0 0 0 0 0 0 0 0 0 0 0 67 0 0 0 80 0 0 20 80 64 2000 119 0 0 0 0 100 392 0 0 100 0 51 0 0 0 421 0 0 0 0 64 0 0 0 20 26 0 0 0 0 0 0 16 0 26 0 0 0 0 0 40 0 0 0 32 0 0 0 0 0 431 0 51 73 0 
0 0 0 0 0 0 0 0 0 0 0 0 0 0 40 0 0 0 0 0 0 0 0 30 0 0 0 0 0 0 0 0 0 0 0 0 0 0 0 0 0 0 0 0 0 0 0 0 0 0 0 0 0 0 0 0 0 0 0 0 0 0 0 0 0 0 0 0 0 0 0 0 0 0 0 0 0 0 0 0 0 0 0 0 0 0 0 0 0 0 0 0 0 0 0 0 0 0 0 0 0 0 0 0 0 0 0 0 0 0 0 0 0 0 0 0 0 51 0 0 0 0 0 0 0 0 0 0 0 0 0 0 0 0 0 0 0 0 0 0 0 0 0 0 0 0 0 0 0 0 0 0 0 0 0 80 20 0 0 0 0 0 0 0 0 0 0 0 0 0 0 51 0 0 0 0 0 0 0 0 0 0 0 0 0 0 0 0 0 0 0 0 0 0 0 0 0 0 0 0 32 0 0 0 0 0 0 100 0 0 0 
0 0 0 0 0 0 0 0 0 0 0 0 0 0 0 0 0 0 0 0 0 0 0 64 0 0 0 0 0 0 0 0 0 0 0 0 0 0 0 0 0 0 0 0 0 0 0 0 0 0 0 0 0 0 0 0 0 0 0 0 0 0 0 0 0 0 0 0 0 0 0 0 0 0 0 0 0 0 0 0 0 0 0 20 0 0 0 0 0 0 0 0 0 0 0 0 0 0 0 0 0 0 0 0 0 0 0 0 0 0 0 0 0 0 0 0 0 0 0 0 0 0 0 0 0 0 0 0 0 0 0 0 0 0 0 0 0 0 0 0 0 0 0 0 0 0 0 0 0 0 0 0 0 0 0 40 64 0 0 0 0 0 100 0 0 0 0 0 0 0 0 0 0 0 0 0 0 0 0 0 0 0 0 0 0 0 0 0 0 0 0 0 0 0 0 0 0 0 0 0 0 0 0 0 0 0 0 0 0 0 0 
303 0 0 0 0 0 32 0 0 0 0 64 0 0 0 0 0 0 0 0 0 0 0 77 16 80 0 0 0 0 0 0 0 0 0 0 0 0 0 0 0 0 0 0 0 0 0 0 26 140 0 0 0 0 0 0 0 0 0 0 0 0 0 0 0 51 0 0 0 0 0 0 0 0 0 0 0 0 0 0 0 0 20 116 0 0 0 0 0 0 226 0 0 0 0 0 0 0 0 0 0 0 54 0 0 0 0 0 0 0 0 0 0 0 0 0 0 230 0 0 0 51 0 0 403 0 0 0 0 0 0 0 0 0 0 0 0 0 0 0 0 0 0 0 0 185 0 0 0 0 0 0 100 0 0 822 0 0 0 0 0 0 100 0 0 0 0 0 0 0 0 283 0 0 0 0 0 0 0 0 0 0 0 0 0 0 0 0 0 0 0 64 64 0 0 0 0 0 0 0 13 0 0 0 0 0 16 0 0 194 0 
2537 0 0 0 100 13 0 0 0 0 125 264 0 0 608 64 0 0 0 0 47 0 256 2968 64 215 0 0 0 64 744 0 0 0 785 83 34 0 0 241 0 0 0 0 0 201 0 13 422 736 131 134 0 125 0 0 83 961 0 0 137 0 105 129 0 0 77 0 0 0 40 0 0 0 0 0 617 788 64 0 0 100 13 3105 0 40 0 0 100 212 1749 152 92 13 0 77 0 0 40 264 0 0 387 51 182 144 20 0 0 80 0 302 0 0 0 164 0 3597 131 798 0 420 0 0 67 258 132 32 400 0 39 97 0 0 0 0 0 0 0 0 0 0 0 0 0 485 0 0 232 239 0 0 220 113 657 11954 818 80 264 32 0 363 4222 430 0 253 51 123 51 0 0 5215 0 0 228 0 0 0 0 0 168 366 64 0 0 0 0 0 221 0 57 26 32 0 0 40 471 0 72 0 128 0 0 0 0 40 1081 0 65 1001 0 
0 0 0 0 0 0 0 0 0 0 0 0 0 0 0 0 0 0 0 0 0 0 0 0 0 0 0 0 0 0 0 0 0 0 0 0 0 0 0 0 0 0 0 0 0 0 0 0 0 0 0 0 0 0 0 0 0 0 0 0 0 0 0 0 0 0 0 0 0 0 0 0 0 0 0 0 0 0 0 0 0 0 0 0 0 0 0 0 0 0 0 0 0 0 0 0 0 0 0 0 0 0 0 0 0 0 0 0 0 0 0 0 0 0 0 0 0 0 0 0 0 0 0 0 0 0 0 0 0 0 0 0 0 0 0 0 0 0 0 0 0 0 0 0 0 0 0 0 0 0 0 0 0 0 0 0 0 0 0 0 0 0 0 0 0 0 0 0 0 0 0 0 0 0 0 0 0 0 0 0 0 0 0 0 0 0 0 0 0 0 0 0 0 0 0 0 0 0 0 0 0 0 0 0 0 0 0 0 0 0 0 
152 0 0 0 16 0 0 0 0 0 0 0 0 0 149 20 0 0 0 0 0 0 0 309 0 0 0 0 0 0 0 0 0 0 268 100 0 0 0 0 0 0 0 0 0 0 0 0 0 69 0 20 0 0 0 0 0 64 0 0 0 0 0 0 0 0 0 0 0 0 0 0 0 0 0 0 20 34 0 0 0 0 0 626 0 0 0 0 0 64 106 0 0 0 0 0 0 0 80 20 0 0 0 0 0 0 0 0 0 0 0 0 0 0 0 0 0 446 0 110 0 40 0 13 13 0 0 0 80 0 0 0 0 0 0 0 0 0 0 0 0 0 0 0 0 64 0 0 100 64 0 0 64 0 158 2068 26 0 0 0 0 26 400 182 0 251 0 0 0 0 0 330 0 0 0 0 0 0 26 0 0 0 0 26 20 0 0 0 40 0 0 0 0 0 0 0 73 0 0 0 137 0 0 0 0 0 26 0 0 0 0 
0 0 0 0 0 0 0 0 0 0 0 0 0 0 0 0 0 0 0 0 0 0 0 0 0 0 0 0 0 0 0 0 0 0 0 0 0 0 0 0 0 0 0 0 0 0 0 0 0 0 0 0 0 0 0 0 0 0 0 0 0 0 0 0 0 0 0 0 0 0 0 0 0 0 0 0 0 0 0 0 0 0 0 0 0 0 0 0 0 0 0 0 0 0 0 0 0 0 0 0 0 0 0 0 0 0 0 0 0 0 0 0 0 0 0 0 0 0 0 0 0 0 0 0 0 0 0 0 0 0 0 0 0 0 0 0 0 0 0 0 0 0 0 0 0 0 0 0 0 0 0 0 0 0 0 0 0 0 0 0 0 0 0 0 0 0 0 0 0 0 0 0 0 0 0 0 0 0 0 0 0 0 0 0 0 0 0 0 0 0 0 0 0 0 0 0 0 0 0 0 0 0 0 0 0 0 0 0 0 0 0 
794 0 0 0 80 0 106 0 0 0 100 210 0 0 160 0 0 0 0 0 0 0 121 1454 0 96 0 0 0 0 583 0 0 0 407 20 0 0 0 107 64 0 0 0 0 0 0 0 57 237 0 0 0 0 0 132 0 100 0 0 64 20 0 0 0 13 131 0 0 0 46 0 0 64 0 0 223 16 0 0 0 0 26 1665 0 0 0 0 0 0 152 0 0 0 193 0 0 0 0 64 283 0 103 13 46 0 120 0 16 0 0 20 0 0 0 80 0 1819 26 183 80 211 0 20 61 106 0 0 0 0 153 51 0 0 0 0 0 0 0 0 0 0 0 0 100 100 0 93 337 128 0 0 67 96 350 4449 676 93 378 0 0 100 321 119 0 0 40 0 0 0 0 2348 0 0 40 0 0 0 0 0 94 201 0 100 32 0 0 0 67 0 0 0 0 0 0 0 0 0 0 0 189 0 13 0 0 13 578 0 0 465 0 
0 0 0 0 0 0 0 0 0 0 64 0 0 0 0 0 0 0 0 0 0 0 20 40 0 0 0 0 0 0 0 0 0 0 13 0 0 0 0 0 0 0 0 0 0 0 0 0 0 0 0 0 0 0 0 0 0 0 0 0 0 0 0 0 0 0 0 0 0 0 0 0 0 0 0 0 0 0 0 0 0 0 0 0 0 0 0 0 0 0 0 0 0 0 0 0 0 0 0 0 0 0 0 0 0 0 0 0 0 0 0 0 0 0 0 0 0 26 0 0 0 0 0 0 64 0 0 0 0 0 0 0 0 0 0 0 0 0 0 0 0 0 0 0 100 100 0 0 0 0 0 0 0 0 0 40 0 0 0 0 0 0 0 0 0 0 0 0 0 0 0 122 0 0 0 0 0 0 0 0 0 0 0 0 0 0 0 0 0 0 0 0 0 0 0 0 0 0 0 0 0 0 0 0 0 0 0 0 0 0 0 
67 0 0 0 0 0 0 0 0 0 0 0 0 0 0 0 0 0 0 0 0 0 0 277 0 0 0 0 0 0 350 0 0 0 58 0 0 0 0 0 0 0 0 0 0 0 0 0 0 0 0 0 0 0 0 0 26 51 0 0 0 0 0 0 0 0 0 0 0 0 0 0 0 0 0 0 16 0 0 0 0 0 0 165 0 0 0 0 0 0 0 0 0 0 0 0 0 0 0 0 0 0 40 64 0 0 0 0 0 0 0 26 0 0 0 0 0 192 0 0 0 0 0 0 40 0 0 0 0 0 0 0 0 0 0 20 0 0 0 0 0 0 0 0 0 0 0 0 83 32 0 0 20 0 26 754 46 0 0 0 0 26 447 0 0 0 0 0 0 0 0 496 0 0 0 0 0 0 0 0 0 58 0 0 0 0 0 0 0 0 0 0 0 0 0 0 0 0 0 0 67 0 0 0 0 0 40 0 0 0 0 
0 0 0 0 0 0 0 0 0 0 0 0 0 0 0 0 0 0 0 0 0 0 0 0 0 0 0 0 0 0 0 0 0 0 0 0 0 0 0 0 0 0 0 0 0 0 0 0 0 0 0 0 0 0 0 0 0 0 0 0 0 0 0 0 0 0 0 0 0 0 0 0 0 0 0 0 0 0 0 0 0 0 0 0 0 0 0 0 0 0 0 0 0 0 0 0 0 0 0 0 0 0 0 0 0 0 0 0 0 0 0 0 0 0 0 0 0 0 0 0 0 0 0 0 0 0 0 0 0 0 0 0 0 0 0 0 0 0 0 0 0 0 0 0 0 0 0 0 0 0 0 0 0 0 0 0 0 0 0 0 0 0 0 0 0 0 0 0 0 0 0 0 0 0 0 0 0 0 0 0 0 0 0 0 0 0 0 0 0 0 0 0 0 0 0 0 0 0 0 0 0 0 0 0 0 0 0 0 0 0 0 
16 0 0 0 0 0 0 80 0 0 0 0 0 0 0 0 0 0 0 0 0 0 0 92 0 0 0 0 0 0 0 0 0 0 49 0 0 0 0 0 0 0 0 0 0 13 0 26 0 40 0 0 0 0 0 0 0 0 0 0 0 0 0 0 0 0 0 0 0 0 0 0 0 0 0 0 13 0 0 0 0 0 0 93 0 0 0 0 0 0 0 0 0 0 0 0 0 0 0 0 0 0 0 0 0 0 0 0 0 0 0 0 0 0 0 0 0 20 0 88 0 0 0 0 32 32 0 0 0 0 0 0 0 0 0 0 0 0 0 0 0 0 0 0 0 0 0 0 34 0 0 0 0 0 42 282 26 0 0 0 0 0 80 54 0 0 0 0 0 0 0 373 0 0 0 0 0 0 0 0 0 0 0 0 80 0 0 0 0 0 0 0 0 0 0 0 0 0 0 0 0 0 0 0 0 0 0 0 0 0 0 
365 0 0 0 0 0 0 0 0 0 0 0 0 0 218 0 0 0 0 0 0 0 96 418 0 0 0 0 0 0 184 0 0 0 64 0 0 0 0 0 0 0 0 0 0 0 0 0 81 115 40 0 0 0 0 0 0 0 0 0 0 0 0 0 0 0 0 0 0 0 0 0 0 0 0 0 81 64 0 0 0 0 64 524 0 0 0 0 0 0 324 64 0 0 0 0 0 0 0 0 0 0 51 0 0 26 0 0 0 0 0 164 0 0 0 0 0 290 32 115 0 20 0 0 64 51 0 0 0 0 0 0 0 0 0 0 0 0 0 0 0 0 0 0 20 0 0 0 0 113 0 0 131 64 391 1225 240 64 0 0 0 0 0 80 0 0 0 0 0 0 64 881 0 0 0 0 32 0 0 0 0 80 0 0 0 0 0 0 0 0 26 0 0 0 0 0 26 0 0 0 0 0 0 0 0 52 104 0 0 20 0 
4426 0 0 0 260 80 0 0 0 0 125 330 0 0 1057 0 0 64 64 0 26 0 404 7997 158 464 0 0 0 26 512 0 0 0 710 20 0 0 20 16 0 0 0 0 16 0 0 0 505 443 0 0 0 13 0 0 0 138 0 0 51 0 32 200 100 0 100 0 0 0 0 0 0 80 0 0 490 293 0 0 0 0 128 1761 0 240 0 0 0 101 829 435 0 112 0 283 0 0 215 32 0 0 129 181 120 119 0 0 0 0 32 81 0 51 0 0 0 4733 96 622 67 562 0 0 389 698 0 116 88 32 54 57 20 0 26 0 0 0 0 0 0 0 0 64 47 61 64 0 144 671 0 100 413 162 1058 13818 1420 0 256 0 0 331 915 1348 0 158 0 73 51 0 0 2541 147 0 16 0 0 0 112 0 53 139 100 26 151 0 0 0 158 0 80 0 26 0 0 0 1314 0 179 0 263 0 0 0 64 106 441 0 121 159 0 
100 0 0 0 0 0 0 0 0 0 80 0 0 0 77 0 0 0 0 0 0 0 0 195 0 0 0 0 0 20 0 0 0 0 64 0 0 0 0 0 0 0 0 0 0 0 0 0 0 0 0 0 0 0 0 0 0 0 0 0 0 0 0 0 0 0 0 0 0 0 0 0 0 0 0 0 0 0 0 0 0 0 0 0 0 0 0 0 0 0 116 100 0 0 0 0 0 0 64 0 0 0 0 0 0 0 0 0 0 0 0 0 0 0 0 0 0 210 0 0 0 20 0 0 0 0 0 0 0 0 13 0 0 0 0 0 0 0 0 0 0 0 0 0 0 0 0 0 0 0 0 0 0 0 51 647 39 0 0 0 0 0 0 100 0 0 0 0 0 0 0 98 0 0 0 0 0 0 0 0 0 0 0 0 34 0 0 0 0 0 0 0 0 0 0 0 32 0 0 0 40 0 0 0 0 0 26 0 0 0 0 
1180 0 0 0 0 0 0 0 51 0 0 0 0 0 26 0 0 0 0 0 0 0 41 309 0 866 0 0 0 0 80 0 0 0 40 0 0 0 0 0 0 0 0 0 51 0 0 0 73 0 0 40 0 0 0 0 0 0 0 0 0 0 0 0 0 0 51 0 0 0 90 0 0 0 0 0 190 215 0 0 0 0 0 26 0 0 0 0 0 0 40 51 0 0 0 0 0 0 0 0 0 0 180 0 0 0 0 0 0 0 0 0 0 0 0 0 0 724 0 53 0 181 0 0 127 16 0 0 0 0 0 0 0 0 0 0 0 0 0 0 0 0 0 0 0 0 51 0 0 0 0 0 0 0 170 1535 200 16 0 0 0 0 20 0 0 0 0 80 0 0 0 453 0 0 0 0 0 0 0 0 0 0 0 0 0 0 0 0 0 51 0 0 40 0 0 0 26 0 0 0 0 0 0 0 0 32 93 32 0 16 0 
1653 0 0 0 51 0 0 0 13 0 51 96 0 0 495 40 0 40 0 0 16 0 378 2285 131 413 0 0 0 0 635 0 0 0 175 128 40 0 0 84 0 0 0 0 13 0 0 0 311 402 0 26 0 0 0 0 0 72 0 0 0 0 0 0 100 64 40 0 0 0 13 0 0 40 0 0 446 174 0 0 0 64 374 1348 0 0 0 0 0 84 766 198 0 64 126 141 0 0 64 0 26 0 630 32 64 0 0 0 0 0 0 490 0 0 0 0 0 1377 72 307 0 115 0 0 218 51 0 0 178 0 0 13 64 0 0 0 0 0 0 0 0 0 0 0 0 146 0 32 176 208 0 0 199 213 832 3392 1012 64 116 0 0 63 428 301 0 42 0 16 0 0 0 3434 0 0 16 0 0 0 108 0 64 272 0 0 0 0 0 0 40 0 32 0 0 0 0 0 80 0 0 0 129 0 0 0 0 0 563 0 142 363 0 
0 0 0 0 0 0 0 0 0 0 0 0 0 0 0 0 0 0 0 0 0 0 0 0 0 0 0 0 0 0 0 0 0 0 0 0 0 0 0 0 0 0 0 0 0 0 0 0 0 0 0 0 0 0 0 0 0 0 0 0 0 0 0 0 0 0 0 0 0 0 0 0 0 0 0 0 0 0 0 0 0 0 0 0 0 0 0 0 0 0 0 0 0 0 0 0 0 0 0 0 0 0 0 0 0 0 0 0 0 0 0 0 0 0 0 0 0 0 0 0 0 0 0 0 0 0 0 0 0 0 0 0 0 0 0 0 0 0 0 0 0 0 0 0 0 0 0 0 0 0 0 0 0 0 0 0 0 0 0 0 0 0 0 0 0 0 0 0 0 0 0 0 0 0 0 0 0 0 0 0 0 0 0 0 0 0 0 0 0 0 0 0 0 0 0 0 0 0 0 0 0 0 0 0 0 0 0 0 0 0 0 
