5872 260 100 0 358 368 0 0 0 67 537 304 0 0 517 0 0 0 0 0 123 0 870 7950 212 404 26 0 32 0 1703 0 0 0 1983 136 0 0 80 337 0 26 0 16 0 115 0 0 86 818 282 1403 0 160 0 0 0 207 0 0 93 0 128 0 112 32 102 104 0 26 0 0 0 400 0 0 2224 1140 115 0 0 64 400 4886 113 170 0 0 80 67 1332 276 0 61 593 2034 0 0 253 232 208 0 845 1401 358 366 113 0 65 0 0 244 0 0 13 112 0 13637 314 1423 199 373 0 0 3103 241 137 102 171 0 492 67 64 0 0 0 0 0 0 0 158 32 0 0 0 275 100 16 649 127 100 0 139 928 2393 6548 309 51 160 0 131 160 375 488 0 185 128 341 0 0 144 5940 0 64 114 0 32 0 0 0 369 279 16 0 20 0 0 0 235 64 256 0 364 0 0 0 1337 0 364 0 921 40 245 0 80 266 2124 0 336 646 0 
0 112 0 0 0 0 0 0 0 0 0 0 0 0 0 0 0 0 0 0 0 0 0 94 0 51 0 0 0 0 0 0 0 0 64 0 0 0 0 0 0 0 0 0 0 0 0 0 0 100 0 0 0 0 0 0 0 0 0 0 0 0 0 0 0 0 0 0 0 0 0 0 0 0 0 0 100 0 0 0 0 0 0 26 0 0 0 0 0 0 16 0 13 0 0 0 0 0 0 0 0 0 226 0 0 0 0 0 0 0 0 0 0 0 0 0 0 26 0 0 0 40 0 0 201 0 0 0 0 0 0 0 0 0 0 0 0 0 0 0 0 0 0 0 0 0 0 0 0 0 0 0 0 0 0 164 0 0 0 0 0 0 0 0 0 0 0 0 0 0 100 26 0 0 0 0 0 0 0 0 0 0 0 0 0 0 0 0 0 0 0 0 0 0 0 0 0 0 0 0 0 0 0 0 0 0 0 0 0 0 0 
0 0 0 0 0 0 0 0 0 0 0 0 0 0 0 0 0 0 0 0 0 0 0 0 0 0 0 0 0 0 0 0 0 0 0 0 0 0 0 0 0 0 0 0 0 0 0 0 0 0 0 0 0 0 0 0 0 0 0 0 0 0 0 0 0 0 0 0 0 0 0 0 0 0 0 0 40 0 0 0 0 0 0 0 0 0 0 0 0 0 0 0 0 0 0 0 0 0 0 0 0 0 0 0 0 0 0 0 0 0 0 0 0 0 0 0 0 100 0 0 0 0 0 0 0 0 0 0 0 0 0 0 0 0 0 0 0 0 0 0 0 0 0 0 0 0 0 0 0 0 0 0 0 0 0 32 0 0 0 0 0 0 0 0 0 0 0 0 0 0 0 0 0 0 0 0 0 0 0 0 0 0 0 0 0 0 0 0 0 0 0 0 0 0 0 0 0 0 0 0 0 0 0 0 0 0 0 0 0 0 0 
0 0 0 0 0 0 0 0 0 0 0 0 0 0 0 0 0 0 0 0 0 0 0 0 0 0 0 0 0 0 0 0 0 0 0 0 0 0 0 0 0 0 0 0 0 0 0 0 0 0 0 0 0 0 0 0 0 0 0 0 0 0 0 0 0 0 0 0 0 0 0 0 0 0 0 0 0 0 0 0 0 0 0 0 0 0 0 0 0 0 0 0 0 0 0 0 0 0 0 0 0 0 0 0 0 0 0 0 0 0 0 0 0 0 0 0 0 0 0 0 0 0 0 0 0 0 0 0 0 0 0 0 0 0 0 0 0 0 0 0 0 0 0 0 0 0 0 0 0 0 0 0 0 0 0 0 0 0 0 0 0 0 0 0 0 0 0 0 0 0 0 0 0 0 0 0 0 0 0 0 0 0 0 0 0 0 0 0 0 0 0 0 0 0 0 0 0 0 0 0 0 0 0 0 0 0 0 0 0 0 0 
737 0 0 0 0 0 0 0 0 0 0 0 0 0 160 0 0 0 0 0 0 0 140 832 0 64 0 0 0 0 102 0 0 0 251 0 0 0 0 0 0 0 0 0 0 0 0 0 51 26 0 80 0 0 0 0 0 0 0 0 32 0 0 0 0 0 0 0 0 0 0 0 0 0 0 0 272 20 0 0 0 0 75 330 0 0 0 0 0 0 347 0 0 0 140 0 0 0 32 40 100 0 0 110 0 0 32 0 0 0 0 0 0 0 0 0 0 544 0 96 0 0 0 0 137 115 0 100 0 0 0 0 0 0 0 0 0 0 0 0 0 0 0 0 0 0 51 0 190 0 0 0 26 80 376 2011 100 0 20 0 0 151 40 37 0 0 0 0 0 0 20 322 0 0 0 0 0 0 0 0 0 0 0 0 0 0 0 0 0 0 20 0 40 0 0 0 116 0 0 0 100 0 80 0 0 0 202 0 0 13 0 
80 0 0 0 0 0 0 0 0 0 0 0 0 0 100 0 0 0 0 0 0 0 0 26 0 0 0 0 0 0 0 0 0 0 0 0 0 0 0 0 0 80 0 0 0 0 0 0 0 0 0 0 0 0 0 0 0 0 0 0 0 0 0 0 0 0 0 0 0 0 0 0 0 0 0 0 51 0 0 0 0 0 0 20 0 0 0 0 0 0 64 0 0 0 0 0 0 0 0 0 0 0 0 0 0 0 0 0 0 0 0 16 0 0 0 0 0 0 0 64 0 51 0 0 116 0 0 0 0 0 0 0 0 0 0 0 0 0 0 0 0 0 0 0 0 64 0 0 0 0 0 0 0 0 0 326 32 0 0 0 0 0 0 0 0 0 0 0 0 0 0 0 0 0 0 0 0 0 0 0 0 0 0 0 0 0 0 0 0 0 0 0 32 0 0 0 100 0 0 0 0 0 0 0 0 0 0 0 0 0 0 
0 0 0 0 0 0 0 0 0 0 0 0 0 0 0 0 0 0 0 0 0 0 0 0 0 0 0 0 0 0 0 0 0 0 0 0 0 0 0 0 0 0 0 0 0 0 0 0 0 0 0 0 0 0 0 0 0 0 0 0 0 0 0 0 0 0 0 0 0 0 0 0 0 0 0 0 0 0 0 0 0 0 0 0 0 0 0 0 0 0 0 0 0 0 0 0 0 0 0 0 0 0 0 0 0 0 0 0 0 0 0 0 0 0 0 0 0 0 0 0 0 0 0 0 0 0 0 0 0 0 0 0 0 0 0 0 0 0 0 0 0 0 0 0 0 0 0 0 0 0 0 0 0 0 0 0 0 0 0 0 0 0 0 0 0 0 0 0 0 0 0 0 0 0 0 0 0 0 0 0 0 0 0 0 0 0 0 0 0 0 0 0 0 0 0 0 0 0 0 0 0 0 0 0 0 0 0 0 0 0 0 
0 0 0 0 0 0 0 0 0 0 0 0 0 0 0 0 0 0 0 0 0 0 0 0 0 0 0 0 0 0 0 0 0 0 0 0 0 0 0 0 0 0 0 0 0 0 0 0 0 0 0 0 0 0 0 0 0 0 0 0 0 0 0 0 0 0 0 0 0 0 0 0 0 0 0 0 0 0 0 0 0 0 0 20 0 0 0 0 0 0 0 0 0 0 0 0 0 0 0 0 0 0 0 0 0 0 0 0 0 0 0 0 0 0 0 0 0 105 0 0 0 0 0 0 0 0 0 0 0 0 0 0 0 0 0 0 0 0 0 0 0 0 0 0 0 0 0 0 0 0 0 0 0 0 0 197 0 0 0 0 0 0 0 0 0 0 0 0 0 0 0 300 0 0 0 0 0 0 0 0 0 0 0 0 0 0 0 0 0 0 0 0 0 0 0 0 0 0 0 0 0 0 0 0 0 0 0 0 0 0 0 
0 0 0 0 0 0 0 0 0 0 0 0 0 0 0 0 0 0 0 0 0 0 0 0 0 0 0 0 0 0 0 0 0 0 0 0 0 0 0 0 0 0 0 0 0 0 0 0 0 0 0 0 0 0 0 0 0 0 0 0 0 0 0 0 0 0 0 0 0 0 0 0 0 0 0 0 0 40 0 0 0 0 0 0 0 16 0 0 0 0 0 0 0 0 0 0 0 0 0 0 0 0 0 0 0 0 0 0 0 0 0 0 0 0 0 100 0 114 0 0 0 0 0 0 0 0 0 0 0 0 0 0 0 0 0 0 0 0 0 0 0 0 0 0 0 0 0 0 0 0 0 0 0 0 0 32 0 0 0 0 0 0 0 0 0 0 0 0 0 0 0 0 0 0 0 0 0 0 0 0 0 0 0 0 0 0 0 0 0 0 0 0 0 0 0 0 0 0 0 0 0 0 0 0 0 0 0 0 0 0 0 
145 0 0 0 0 0 0 0 0 0 0 0 0 0 40 0 0 0 0 0 0 0 0 106 0 20 0 0 0 0 20 0 0 0 464 0 0 0 0 0 0 0 0 0 0 0 0 0 0 0 0 0 0 0 0 0 0 0 0 0 0 0 0 0 0 0 0 0 0 0 0 0 0 0 0 0 0 64 0 0 0 0 0 224 0 0 0 0 0 0 40 0 0 0 0 0 0 0 0 0 0 0 0 0 0 0 0 0 0 0 0 13 0 0 0 0 0 203 0 16 0 0 0 0 0 0 0 51 0 0 0 0 0 0 0 0 0 0 0 0 0 0 0 0 0 0 0 0 0 0 0 0 0 0 0 947 26 0 0 0 0 0 13 100 0 0 0 40 0 0 0 0 0 116 0 0 0 0 0 0 32 0 0 0 0 0 0 0 0 0 0 0 0 0 0 0 64 0 0 0 0 0 0 0 0 0 392 0 0 0 0 
1784 0 0 0 13 0 0 0 0 0 0 0 0 0 1016 0 0 0 0 0 0 0 300 387 0 0 0 0 0 0 93 0 0 0 47 0 0 0 0 0 0 0 0 0 0 51 0 0 13 64 0 0 0 0 0 0 0 64 0 0 0 0 153 0 40 0 0 49 0 0 0 0 0 20 0 0 80 0 0 0 0 0 0 404 0 0 0 0 0 26 83 0 0 0 51 0 0 0 20 0 0 0 16 16 51 40 0 0 0 0 51 160 0 0 0 64 0 397 0 57 72 0 0 0 90 0 0 0 0 0 0 0 0 0 0 0 0 0 0 0 0 0 0 0 0 0 0 0 0 13 16 0 0 0 215 1376 26 0 80 0 0 0 0 132 0 0 80 0 0 0 0 168 0 0 0 0 0 0 0 0 0 0 26 0 0 0 0 0 93 0 64 0 0 0 0 0 197 0 0 0 51 0 0 0 0 0 153 0 0 20 0 
173 0 0 0 51 0 0 0 0 0 0 26 0 0 0 0 0 0 0 0 0 0 0 341 0 0 0 0 0 0 0 0 0 0 0 0 0 0 0 0 0 0 0 0 0 0 0 0 0 20 0 0 0 0 0 0 0 0 0 0 13 0 0 0 0 0 0 40 0 0 0 0 0 0 0 0 80 20 0 0 0 0 49 32 0 0 0 0 0 0 0 0 0 0 40 0 0 0 0 0 0 0 92 0 0 0 0 0 0 0 0 0 0 0 0 0 0 369 0 0 115 100 0 0 0 0 0 0 0 0 0 0 0 0 0 0 0 0 0 0 0 0 0 0 0 0 0 0 83 0 0 0 0 0 140 857 0 0 0 0 0 32 32 0 0 0 0 0 0 0 0 0 0 0 0 0 0 0 0 0 0 0 0 0 0 0 0 0 51 0 0 0 0 0 0 0 0 0 0 0 0 0 0 0 0 80 0 0 0 0 0 
0 0 0 0 0 0 0 0 0 0 0 0 0 0 0 0 0 0 0 0 0 0 0 0 0 0 0 0 0 0 0 0 0 0 0 0 0 0 0 0 0 0 0 0 0 0 0 0 0 0 0 0 0 0 0 0 0 0 0 0 0 0 0 0 0 0 0 0 0 0 0 0 0 0 0 0 0 0 0 0 0 0 0 0 0 0 0 0 0 0 0 0 0 0 0 0 0 0 0 0 0 0 0 0 0 0 0 0 0 0 0 0 0 0 0 0 0 0 0 0 0 0 0 0 0 0 0 0 0 0 0 0 0 0 0 0 0 0 0 0 0 0 0 0 0 0 0 0 0 0 0 0 0 0 0 0 0 0 0 0 0 0 0 0 0 0 0 0 0 0 0 0 0 0 0 0 0 0 0 0 0 0 0 0 0 0 0 0 0 0 0 0 0 0 0 0 0 0 0 0 0 0 0 0 0 0 0 0 0 0 0 
0 0 0 0 0 0 0 0 0 0 0 0 0 0 0 0 0 0 0 0 0 0 0 0 0 0 0 0 0 0 0 0 0 0 0 0 0 0 0 0 0 0 0 0 0 0 0 0 0 0 0 0 0 0 0 0 0 0 0 0 0 0 0 0 0 0 0 0 0 0 0 0 0 0 0 0 0 0 0 0 0 0 0 0 0 0 0 0 0 0 0 0 0 0 0 0 0 0 0 0 0 0 0 0 0 0 0 0 0 0 0 0 0 0 0 0 0 0 0 0 0 0 0 0 0 0 0 0 0 0 0 0 0 0 0 0 0 0 0 0 0 0 0 0 0 0 0 0 0 0 0 0 0 0 0 0 0 0 0 0 0 0 0 0 0 0 0 0 0 0 0 0 0 0 0 0 0 0 0 0 0 0 0 0 0 0 0 0 0 0 0 0 0 0 0 0 0 0 0 0 0 0 0 0 0 0 0 0 0 0 0 
1462 0 0 0 228 0 0 0 0 0 47 0 0 0 198 0 0 0 0 0 13 0 163 1773 16 64 0 0 0 0 951 0 0 0 1209 0 0 0 32 97 0 0 0 0 0 0 0 0 416 183 144 20 0 0 0 0 0 144 0 0 132 0 0 0 51 0 120 0 0 0 0 0 0 0 0 0 647 386 0 0 0 0 234 2512 0 0 0 0 0 51 492 0 0 0 207 51 0 0 52 0 0 0 192 262 0 80 80 0 0 0 0 328 0 0 0 80 0 2250 100 353 282 402 0 0 448 260 0 64 121 51 183 0 0 0 0 0 0 0 0 0 146 0 0 0 0 80 0 0 291 0 20 0 13 128 1168 6582 100 0 132 0 0 560 157 613 0 0 13 73 0 0 64 1414 0 0 51 0 100 0 0 0 96 0 243 0 0 0 0 0 319 0 0 0 0 0 0 16 82 0 80 0 90 0 0 0 0 64 738 0 0 177 0 
0 0 0 0 0 0 0 0 0 0 0 0 0 0 13 0 0 0 0 0 0 0 0 0 0 0 0 0 0 0 0 0 0 0 0 0 0 0 0 0 0 0 0 0 0 0 0 0 0 0 0 0 0 0 0 0 0 0 0 0 0 0 0 0 0 0 0 0 0 0 0 0 0 0 0 0 64 0 0 0 0 0 0 0 0 0 0 0 0 0 0 0 0 0 0 0 0 0 0 0 0 0 0 0 0 0 0 0 0 0 0 0 0 0 0 0 0 0 0 0 0 0 0 0 0 0 0 0 0 0 0 0 0 0 0 0 0 0 0 0 0 0 0 0 0 0 0 0 0 51 0 0 0 0 0 126 0 0 0 0 0 0 0 0 0 0 0 0 0 0 0 0 0 0 0 0 0 0 0 0 0 0 0 0 0 0 0 0 0 0 64 0 0 0 0 0 0 0 0 0 0 0 0 0 0 0 100 0 0 0 0 
0 0 0 0 0 0 0 0 0 0 0 0 0 0 0 0 0 0 0 0 0 0 0 0 0 0 0 0 0 0 0 0 0 0 0 0 0 0 0 0 0 0 0 0 0 0 0 0 0 0 0 0 0 0 0 0 0 0 0 0 0 0 0 0 0 0 0 0 0 0 0 0 0 0 0 0 0 0 0 0 0 0 0 0 0 0 0 0 0 0 0 0 0 0 0 0 0 0 0 0 0 0 0 0 0 0 0 0 0 0 0 0 0 0 0 0 0 0 0 0 0 0 0 0 0 0 0 0 0 0 0 0 0 0 0 0 0 0 0 0 0 0 0 0 0 0 0 0 0 0 0 0 0 0 0 0 0 0 0 0 0 0 0 0 0 0 0 0 0 0 0 0 0 0 0 0 0 0 0 0 0 0 0 0 0 0 0 0 0 0 0 0 0 0 0 0 0 0 0 0 0 0 0 0 0 0 0 0 0 0 0 
0 0 0 0 0 0 0 0 0 0 0 0 0 0 0 0 0 0 0 0 0 0 0 0 0 0 0 0 0 0 0 0 0 0 0 0 0 0 0 0 0 0 0 0 0 0 0 0 0 0 0 0 0 0 0 0 0 0 0 0 0 0 0 0 0 0 0 0 0 0 0 0 0 0 0 0 0 0 0 0 0 0 0 0 0 0 0 0 0 0 0 0 0 0 0 0 0 0 0 0 0 0 0 0 0 0 0 0 0 0 0 0 0 0 0 0 0 0 0 0 0 0 0 0 0 0 0 0 0 0 0 0 0 0 0 0 0 0 0 0 0 0 0 0 0 0 0 0 0 0 0 0 0 0 0 0 0 0 0 0 0 0 0 0 0 0 0 0 0 0 0 0 0 0 0 0 0 0 0 0 0 0 0 0 0 0 0 0 0 0 0 0 0 0 0 0 0 0 0 0 0 0 0 0 0 0 0 0 0 0 0 
0 0 0 0 0 0 0 0 0 0 0 0 0 0 0 0 0 0 0 0 0 0 0 0 0 0 0 0 0 0 0 0 0 0 0 0 0 0 0 0 0 0 0 0 0 0 0 0 0 0 0 0 0 0 0 0 0 0 0 0 0 0 0 0 0 0 0 0 0 0 0 0 0 0 0 0 0 0 0 0 0 0 0 0 0 0 0 0 0 0 0 0 0 0 0 0 0 0 0 0 0 0 0 0 0 0 0 0 0 0 0 0 0 0 0 0 0 0 0 0 0 0 0 0 0 0 0 0 0 0 0 0 0 0 0 0 0 0 0 0 0 0 0 0 0 0 0 0 0 0 0 0 0 0 0 0 0 0 0 0 0 0 0 0 0 0 0 0 0 0 0 0 0 0 0 0 0 0 0 0 0 0 0 0 0 0 0 0 0 0 0 0 0 0 0 0 0 0 0 0 0 0 0 0 0 0 0 0 0 0 0 
0 0 0 0 0 0 0 0 0 0 0 0 0 0 0 0 0 0 0 0 0 0 0 0 0 0 0 0 0 0 0 0 0 0 0 0 0 0 0 0 0 0 0 0 0 0 0 0 0 0 0 0 0 0 0 0 0 0 0 0 0 0 0 0 0 0 0 0 0 0 0 0 0 0 0 0 0 0 0 0 0 0 0 0 0 0 0 0 0 0 0 0 0 0 0 0 0 0 0 0 0 0 0 0 0 0 0 0 0 0 0 0 0 0 0 0 0 0 0 0 0 0 0 0 0 0 0 0 0 0 0 0 0 0 0 0 0 0 0 0 0 0 0 0 0 0 0 0 0 0 0 0 0 0 0 0 0 0 0 0 0 0 0 0 0 0 0 0 0 0 0 0 0 0 0 0 0 0 0 0 0 0 0 0 0 0 0 0 0 0 0 0 0 0 0 0 0 0 0 0 0 0 0 0 0 0 0 0 0 0 0 
64 0 0 0 0 0 0 0 0 0 0 0 0 0 0 0 0 0 0 0 0 0 0 275 0 0 0 0 0 0 0 0 0 0 0 0 0 0 0 51 0 0 0 0 0 0 0 0 80 0 0 0 0 0 0 0 0 0 0 0 0 0 0 0 0 0 0 0 0 0 0 0 0 0 0 0 0 0 0 0 0 0 0 113 0 0 0 0 0 0 54 0 0 0 0 0 0 0 0 0 0 0 0 112 51 64 0 0 0 0 0 0 0 0 0 0 0 227 0 113 0 0 0 0 20 100 0 0 0 0 13 0 0 0 0 0 0 0 0 0 0 0 0 0 0 0 0 0 0 80 0 0 0 0 0 1392 0 100 0 0 0 0 0 0 0 0 0 0 0 0 0 100 0 0 0 0 0 0 0 0 0 80 200 0 80 0 0 0 0 0 0 0 32 0 0 0 100 0 0 0 0 0 151 0 0 0 84 0 0 0 0 
0 0 0 0 0 0 0 0 0 0 0 0 0 0 0 0 0 0 0 0 0 0 0 0 0 0 0 0 0 0 0 0 0 0 0 0 0 0 0 0 0 0 0 0 0 0 0 0 0 0 0 0 0 0 0 0 0 0 0 0 0 0 0 0 0 0 0 0 0 0 0 0 0 0 0 0 0 0 0 0 0 0 0 0 0 0 0 0 0 0 0 0 0 0 0 0 0 0 0 0 0 0 0 0 0 0 0 0 0 0 0 0 0 0 0 0 0 0 0 0 0 0 0 0 0 0 0 0 0 0 0 0 0 0 0 0 0 0 0 0 0 0 0 0 0 0 0 0 0 0 0 0 0 0 0 0 0 0 0 0 0 0 0 0 0 0 0 0 0 0 0 0 0 0 0 0 0 0 0 0 0 0 0 0 0 0 0 0 0 0 0 0 0 0 0 0 0 0 0 0 0 0 0 0 0 0 0 0 0 0 0 
823 0 0 0 0 13 0 0 0 0 80 256 0 0 83 0 0 0 0 0 0 0 240 1301 0 83 40 0 64 0 281 0 0 0 275 0 32 0 0 0 0 0 0 0 0 0 0 32 206 149 0 0 0 0 0 0 0 104 0 0 0 0 64 0 0 64 32 0 0 0 0 0 0 0 0 0 188 73 0 0 0 0 113 568 0 0 0 0 0 32 90 158 0 0 91 40 0 0 32 0 142 0 51 116 72 32 0 0 0 0 0 51 0 0 0 0 0 1418 0 400 0 64 0 0 405 110 0 51 121 0 0 0 0 0 0 0 0 0 0 0 0 0 0 0 0 0 0 0 106 138 0 0 13 40 129 821 73 0 0 0 0 40 20 40 0 0 0 0 0 0 0 681 0 0 80 0 0 0 0 0 57 160 0 0 0 0 0 0 0 0 80 0 51 0 0 0 157 0 0 0 140 0 0 0 0 16 209 0 0 64 0 
8014 26 0 0 640 212 0 0 0 215 273 128 0 0 1886 0 0 0 0 0 303 0 555 8926 295 542 32 0 258 0 4187 0 0 0 2713 301 0 0 115 397 16 51 0 88 0 51 0 217 257 1651 491 190 0 16 0 0 0 1053 64 0 957 0 0 90 73 232 788 77 0 256 83 0 0 78 0 0 1993 1974 20 0 0 0 1874 5807 58 64 0 0 54 887 3325 575 135 159 982 273 0 0 466 262 533 0 1903 1547 542 364 16 0 0 0 0 947 116 0 0 96 0 10382 416 1815 481 933 0 0 1297 1009 120 391 702 100 468 280 105 0 40 0 0 0 0 0 223 13 0 0 64 496 242 42 2284 483 80 136 723 753 3251 15751 1590 112 1067 0 444 332 2083 1105 0 252 200 242 0 0 46 8606 0 306 279 0 40 0 0 0 709 511 282 32 37 0 0 0 1487 80 757 20 626 0 0 182 979 0 211 0 885 26 240 0 145 329 3800 100 290 943 0 
64 0 0 0 80 0 0 0 0 0 0 0 0 0 0 0 0 0 0 0 0 0 13 186 32 80 0 0 0 0 80 0 0 0 65 0 0 0 32 0 0 0 0 0 0 0 0 0 0 0 0 0 0 0 0 0 0 0 0 0 0 0 0 0 0 0 0 0 0 0 0 0 0 0 0 0 140 0 0 0 0 0 0 84 0 0 0 0 0 0 0 0 0 0 0 0 0 0 0 0 0 0 0 40 0 0 0 0 0 0 0 0 0 0 0 0 0 40 0 0 0 0 0 0 26 64 0 0 0 0 0 0 0 0 0 0 0 0 0 0 0 0 0 0 0 16 0 64 0 0 0 0 0 40 64 179 0 0 0 0 0 0 0 26 0 0 0 0 0 0 0 72 0 0 0 0 0 0 0 0 0 0 0 0 0 0 0 0 0 0 0 0 0 0 0 0 100 0 0 0 0 0 0 0 0 0 260 0 0 0 0 
188 0 0 0 144 0 0 0 0 20 13 0 0 0 96 0 0 0 0 0 64 0 0 310 16 399 0 0 0 0 154 0 0 0 424 0 0 0 51 106 0 0 0 0 0 0 0 51 140 54 16 0 0 0 0 0 0 13 0 0 0 0 0 0 0 0 0 0 0 0 0 0 0 0 0 0 113 0 0 0 0 0 0 611 0 0 0 0 0 102 228 51 0 0 0 0 0 0 0 77 0 0 100 67 100 0 0 0 0 0 0 0 0 0 0 0 0 1302 0 263 0 1023 0 0 439 800 0 144 0 0 32 100 0 0 0 0 0 0 0 0 0 0 0 0 0 20 32 0 432 26 0 0 200 212 172 1230 32 0 0 0 0 0 117 64 0 67 0 32 0 0 0 1109 0 0 40 0 80 0 64 0 84 0 32 0 0 0 0 0 0 80 0 80 0 0 0 40 106 0 0 0 64 0 0 0 0 0 332 0 0 83 0 
40 0 0 0 0 0 0 0 0 0 0 0 0 0 0 0 0 0 0 0 0 0 0 0 0 0 0 0 80 0 121 0 0 0 180 0 100 0 0 0 0 0 0 0 0 0 0 0 64 0 0 0 0 0 0 0 0 0 0 0 0 0 0 0 0 0 0 0 0 0 0 0 0 0 0 0 0 0 0 0 0 0 0 90 0 0 0 0 0 0 0 0 0 0 0 0 0 0 0 0 0 0 0 0 0 0 0 0 0 0 0 0 0 0 0 0 0 118 0 0 0 0 0 0 100 0 0 0 0 0 0 0 0 0 0 0 0 0 0 0 0 0 0 0 0 100 0 0 64 0 0 0 0 0 151 126 0 0 0 0 0 0 0 0 0 0 0 0 0 0 0 13 0 0 0 0 0 0 0 0 0 0 0 0 0 0 0 0 0 0 0 0 0 0 0 0 0 0 0 0 100 0 0 0 0 0 0 0 0 100 0 
0 0 0 0 0 0 0 0 0 0 0 0 0 0 0 0 0 0 0 0 0 0 0 0 0 0 0 0 0 0 0 0 0 0 0 0 0 0 0 0 0 0 0 0 0 0 0 0 0 0 0 0 0 0 0 0 0 0 0 0 0 0 0 0 0 0 0 0 0 0 0 0 0 0 0 0 0 0 0 0 0 0 0 0 0 0 0 0 0 0 0 0 0 0 0 0 0 0 0 0 0 0 0 0 0 0 0 0 0 0 0 0 0 0 0 0 0 0 0 0 0 0 0 0 0 0 0 0 0 0 0 0 0 0 0 0 0 0 0 0 0 0 0 0 0 0 0 0 0 0 0 0 0 0 0 0 0 0 0 0 0 0 0 0 0 0 0 0 0 0 0 0 0 0 0 0 0 0 0 0 0 0 0 0 0 0 0 0 0 0 0 0 0 0 0 0 0 0 0 0 0 0 0 0 0 0 0 0 0 0 0 
177 0 0 0 40 0 0 0 0 13 0 0 0 0 32 0 0 0 0 0 0 0 0 37 0 61 80 0 0 0 131 0 0 0 16 0 64 0 100 0 0 0 0 0 0 0 0 0 100 26 0 0 0 0 0 0 0 80 0 0 0 0 0 0 0 0 0 0 0 0 64 0 0 0 0 0 113 0 0 0 0 0 13 372 0 0 0 0 0 0 140 0 20 0 200 80 0 0 0 0 0 0 164 0 80 0 0 0 0 0 0 0 0 0 0 0 0 178 0 251 0 0 0 0 82 83 0 0 0 0 0 0 0 0 0 0 0 0 0 0 0 0 0 0 0 0 0 0 377 0 0 0 0 0 244 304 100 0 0 0 0 0 100 51 0 51 0 0 0 0 0 682 0 0 0 0 64 0 0 0 0 0 0 0 0 0 0 0 0 0 0 0 0 0 0 0 0 0 0 0 0 0 0 0 0 0 0 0 0 16 0 
0 0 0 0 0 0 0 0 0 0 0 0 0 0 0 0 0 0 0 0 0 0 0 64 0 0 0 0 0 0 0 0 0 0 0 0 0 0 0 0 0 0 0 0 0 0 0 0 0 0 0 0 0 0 0 0 0 0 0 0 0 0 0 0 0 0 0 0 0 0 0 0 0 0 0 0 0 0 0 0 0 0 26 0 0 0 0 0 0 0 0 0 0 0 0 0 0 0 0 0 0 0 0 0 0 0 0 0 0 0 0 0 0 0 0 0 0 0 0 0 0 0 0 0 0 0 0 0 0 0 0 0 0 0 0 0 0 0 0 0 0 0 0 0 0 0 0 0 0 0 0 0 0 0 0 100 100 0 0 0 0 0 20 0 0 0 0 0 0 0 0 140 0 0 0 0 0 0 0 0 0 0 0 0 0 0 0 0 0 0 0 0 0 0 0 0 0 0 0 0 0 0 0 0 0 0 0 0 0 0 0 
5185 0 0 0 153 0 0 0 0 51 0 0 0 0 459 0 0 0 0 0 356 0 844 2503 77 731 32 0 0 0 3004 51 0 0 679 37 0 0 0 241 0 0 0 32 0 32 0 51 410 360 185 26 0 0 0 0 0 735 0 0 20 0 0 0 0 51 16 0 0 0 0 0 0 0 0 0 1629 1082 0 0 0 0 2056 1782 40 0 0 0 0 227 1890 104 20 0 439 218 0 0 32 80 100 0 37 192 220 26 164 0 0 0 0 62 67 0 0 180 0 3328 32 816 178 691 0 0 979 285 0 120 201 0 60 54 0 0 0 0 0 0 0 0 112 0 0 0 0 211 80 0 230 125 0 26 26 90 836 5764 136 0 53 0 0 223 1504 662 0 305 141 30 0 0 80 4415 0 0 0 0 0 0 0 0 67 91 65 0 32 0 0 0 135 20 64 54 96 0 0 0 108 0 0 0 180 0 0 0 0 160 1064 0 138 707 0 
0 0 0 0 0 0 0 0 0 0 0 0 0 0 0 0 0 0 0 0 0 0 0 0 0 0 0 0 0 0 0 0 0 0 0 0 0 0 0 0 0 0 0 0 0 0 0 0 0 0 0 0 0 0 0 0 0 0 0 0 100 0 0 0 0 0 0 0 0 0 0 0 0 0 0 0 100 0 0 0 0 0 0 20 0 0 0 0 0 0 40 0 0 0 0 0 0 0 0 0 0 0 0 0 0 0 0 0 0 0 0 0 0 0 0 0 0 64 0 0 0 80 0 0 0 0 0 0 0 0 0 0 0 0 0 0 0 0 0 0 0 0 0 0 0 0 0 0 0 0 0 0 0 0 0 67 0 0 0 0 0 0 0 0 0 0 0 0 0 0 0 0 0 0 0 0 0 0 0 0 0 0 0 0 0 0 0 0 0 0 0 0 0 0 0 0 0 0 0 0 0 0 0 0 0 0 0 0 0 0 0 
0 0 0 0 0 0 0 0 0 0 0 0 0 0 0 0 0 0 0 0 0 0 0 0 0 0 0 0 0 0 0 0 0 0 0 0 0 0 0 0 0 0 0 0 0 0 0 0 0 0 0 0 0 0 0 0 0 0 0 0 0 0 0 0 0 0 0 0 0 0 0 0 0 0 0 0 0 0 0 0 0 0 0 0 0 0 0 0 0 0 0 0 0 0 0 0 0 0 0 0 0 0 0 0 0 0 0 0 0 0 0 0 0 0 0 0 0 0 0 0 0 0 0 0 0 0 0 0 0 0 0 0 0 0 0 0 0 0 0 0 0 0 0 0 0 0 0 0 0 0 0 0 0 0 0 0 0 0 0 0 0 0 0 0 0 0 0 0 0 0 0 0 0 0 0 0 0 0 0 0 0 0 0 0 0 0 0 0 0 0 0 0 0 0 0 0 0 0 0 0 0 0 0 0 0 0 0 0 0 0 0 
0 0 0 0 0 0 0 0 0 0 0 0 0 0 0 0 0 0 0 0 0 0 0 0 0 0 0 0 0 0 0 0 0 0 0 0 0 0 0 0 0 0 0 0 0 0 0 0 0 0 0 0 0 0 0 0 0 0 0 0 0 0 0 0 0 0 0 0 0 0 0 0 0 0 0 0 0 0 0 0 0 0 0 0 0 0 0 0 0 0 0 0 0 0 0 0 0 0 0 0 0 0 0 0 0 0 0 0 0 0 0 0 0 0 0 0 0 0 0 0 0 0 0 0 0 0 0 0 0 0 0 0 0 0 0 0 0 0 0 0 0 0 0 0 0 0 0 0 0 0 0 0 0 0 0 0 0 0 0 0 0 0 0 0 0 0 0 0 0 0 0 0 0 0 0 0 0 0 0 0 0 0 0 0 0 0 0 0 0 0 0 0 0 0 0 0 0 0 0 0 0 0 0 0 0 0 0 0 0 0 0 
2918 0 0 0 80 0 0 32 0 0 0 80 0 0 2849 0 0 0 0 0 0 0 452 2285 80 772 32 0 0 0 630 0 0 0 647 0 0 0 26 71 0 0 0 80 0 13 0 0 320 490 40 40 0 0 0 0 0 51 0 0 115 0 0 100 64 26 531 0 0 0 0 0 0 0 0 0 744 502 0 0 0 80 154 2210 0 0 0 0 26 80 796 117 0 0 131 325 0 0 64 0 0 0 390 176 292 64 84 0 0 0 0 72 0 0 0 26 0 2540 0 288 2601 244 0 0 600 67 0 151 102 0 132 115 0 0 0 0 0 0 0 0 0 0 0 0 0 74 64 0 204 276 0 0 357 187 916 7147 196 0 106 0 0 26 262 347 0 173 0 0 0 0 0 1686 0 40 200 0 160 0 0 0 90 0 16 32 0 0 0 0 139 0 195 0 47 0 0 13 198 0 0 0 32 0 16 0 0 51 1753 0 20 111 0 
238 0 0 0 0 0 0 0 0 0 0 0 0 0 80 0 0 0 0 0 0 0 0 175 80 20 0 0 0 0 264 0 0 0 113 0 0 0 0 0 0 0 0 0 0 0 0 0 0 200 0 0 0 0 0 0 0 20 0 0 0 0 0 0 0 0 0 0 0 0 0 0 0 0 0 0 181 264 0 0 0 0 0 399 0 0 0 0 0 200 32 0 0 0 0 0 0 0 0 0 80 0 0 0 0 64 0 0 0 0 0 0 0 0 0 0 0 144 0 64 0 100 0 0 64 0 0 0 0 0 0 0 0 0 0 0 0 0 0 0 0 0 0 0 0 0 0 0 0 0 0 0 0 0 102 621 26 0 0 0 0 64 40 0 0 0 0 0 0 0 0 279 0 100 0 0 0 0 0 0 20 0 0 0 0 0 0 0 100 0 0 0 0 0 0 0 13 0 0 0 0 0 0 0 0 0 347 0 26 64 0 
0 0 0 0 0 0 0 0 0 0 0 0 0 0 0 0 0 0 0 0 0 0 0 0 0 0 0 0 0 0 131 0 0 0 0 0 0 0 0 0 0 0 0 0 0 0 0 0 0 0 0 0 0 0 0 0 0 0 0 0 0 0 0 0 0 0 0 0 0 0 0 0 0 0 0 0 0 0 0 0 0 0 0 0 0 0 0 0 0 0 0 0 0 0 0 0 0 0 0 0 0 0 0 0 0 0 0 0 0 0 0 0 0 0 0 0 0 0 0 0 0 0 0 0 0 0 0 0 0 0 0 0 0 0 0 0 0 0 0 0 0 0 0 0 0 0 0 0 0 0 0 0 0 0 0 0 0 0 0 0 0 0 0 0 0 0 0 0 0 0 0 0 0 0 0 0 0 0 0 0 0 0 0 0 0 0 0 0 0 0 0 0 0 0 0 0 0 0 0 0 0 0 0 0 0 0 0 0 0 0 0 
0 0 0 0 0 0 0 0 0 0 0 0 0 0 0 0 0 0 0 0 0 0 0 0 0 0 0 0 0 0 0 0 0 0 0 0 0 0 0 0 0 0 0 0 0 0 0 0 0 0 0 0 0 0 0 0 0 0 0 0 0 0 0 0 0 0 0 0 0 0 0 0 0 0 0 0 0 0 0 0 0 0 0 0 0 0 0 0 0 0 0 0 0 0 0 0 0 0 0 0 0 0 0 0 0 0 0 0 0 0 0 0 0 0 0 0 0 0 0 0 0 0 0 0 0 0 0 0 0 0 0 0 0 0 0 0 0 0 0 0 0 0 0 0 0 0 0 0 0 0 0 0 0 0 0 0 0 0 0 0 0 0 0 0 0 0 0 0 0 0 0 0 0 0 0 0 0 0 0 0 0 0 0 0 0 0 0 0 0 0 0 0 0 0 0 0 0 0 0 0 0 0 0 0 0 0 0 0 0 0 0 
32 0 0 0 0 0 0 0 0 0 0 0 0 0 0 0 0 0 0 0 0 0 0 166 0 40 0 0 0 0 32 0 0 0 0 0 0 0 0 42 0 0 0 0 0 0 0 0 0 47 0 0 0 64 0 0 0 40 0 0 51 0 0 0 0 0 0 0 0 0 0 0 0 0 0 0 0 40 0 0 0 0 0 16 0 0 0 0 0 0 473 0 0 0 0 0 0 0 0 0 13 0 0 0 0 0 0 0 0 0 0 67 0 0 0 0 0 240 0 0 0 0 0 0 112 0 0 0 0 0 0 0 0 0 0 0 0 0 0 0 0 0 0 0 0 16 0 0 32 115 0 0 0 0 0 234 26 0 0 0 0 0 113 0 0 32 0 0 0 0 0 190 0 0 0 0 0 0 0 0 0 0 0 0 0 0 0 0 80 0 0 0 0 0 0 0 16 0 0 0 26 0 0 0 0 0 0 0 100 152 0 
167 0 0 0 0 0 0 0 0 0 0 0 0 0 0 0 0 0 0 0 0 0 64 491 0 0 0 0 0 0 244 0 0 0 26 0 0 0 0 106 0 0 0 0 0 0 0 51 140 0 80 0 0 0 0 0 0 61 0 0 0 0 0 0 0 0 0 0 0 0 0 0 0 0 0 0 130 13 0 0 0 0 0 453 0 0 0 0 0 0 120 106 0 0 0 0 0 0 0 0 0 0 77 0 0 128 0 0 0 0 0 20 0 0 0 0 0 350 0 102 96 40 0 0 34 0 0 0 0 0 0 0 0 0 0 0 0 0 0 0 0 0 0 0 0 0 0 0 93 0 0 0 0 0 26 750 100 0 0 0 0 0 280 0 0 51 0 51 0 0 0 510 0 0 0 0 0 0 0 0 51 0 0 0 0 0 0 0 0 0 32 0 0 0 0 0 0 0 26 0 0 13 0 0 0 0 80 0 0 0 0 
0 0 0 0 0 0 0 0 0 0 40 0 0 0 0 0 0 0 0 0 0 0 0 0 0 0 0 0 0 0 0 0 0 0 100 0 0 0 0 0 0 0 0 0 0 0 0 0 0 0 0 0 0 0 0 0 0 0 0 0 0 0 0 0 0 0 0 0 0 0 0 0 0 0 0 0 0 0 0 0 0 0 0 0 0 0 0 0 0 0 100 0 0 0 0 0 0 0 0 0 0 0 0 0 0 0 0 0 0 0 0 0 0 0 0 0 0 20 0 0 0 0 0 0 0 0 0 0 0 0 0 0 0 0 0 0 0 0 0 0 0 0 0 0 0 0 0 0 0 0 0 0 0 0 0 180 0 0 0 0 0 0 0 0 0 0 0 0 0 0 0 40 0 0 0 0 0 0 0 0 0 0 0 0 0 0 0 0 0 0 0 0 0 0 0 0 100 0 0 0 0 0 0 0 0 0 0 0 0 0 0 
0 0 0 0 0 0 0 0 0 0 0 0 0 0 0 0 0 0 0 0 0 0 0 40 0 0 0 0 0 0 0 0 0 0 16 0 0 0 0 0 0 0 0 0 0 0 0 0 0 0 0 0 0 0 0 0 0 0 0 0 0 0 0 0 0 0 0 0 0 0 0 0 0 0 0 0 80 0 0 0 0 0 0 0 0 0 0 0 0 0 100 0 0 0 0 0 0 0 0 0 0 0 0 0 0 0 0 0 0 0 0 26 0 0 0 0 0 0 0 0 0 0 0 0 0 0 0 0 0 0 0 0 0 0 0 0 0 0 0 0 0 0 0 0 0 0 0 0 0 0 0 0 0 0 0 13 0 0 0 0 0 0 0 0 0 0 0 0 0 0 0 0 0 0 0 0 0 0 0 0 0 0 0 0 0 0 0 0 0 0 0 0 0 0 0 0 0 0 0 0 0 0 0 0 0 0 0 0 0 0 0 
0 0 0 0 0 0 0 0 0 0 0 0 0 0 0 0 0 0 0 0 0 0 0 51 0 0 0 0 0 0 0 0 0 0 0 0 0 0 0 0 0 0 0 0 0 0 0 0 0 80 0 0 0 0 0 0 0 0 0 0 0 0 0 0 0 0 0 0 0 0 0 0 0 0 0 0 0 0 0 0 0 0 0 0 0 0 0 0 0 32 26 0 0 0 0 0 0 0 0 0 0 0 0 0 0 0 0 0 0 0 0 0 0 0 0 0 0 0 0 0 0 0 0 0 0 0 0 0 0 0 0 0 0 0 0 0 0 0 0 0 0 0 0 0 0 0 0 0 0 0 0 0 0 0 0 0 0 0 0 0 0 0 0 0 0 0 0 0 0 0 0 0 0 0 0 0 0 0 0 0 0 0 0 0 0 0 0 0 0 0 0 0 0 0 0 0 0 0 0 0 0 0 0 0 0 0 0 0 0 0 0 
0 0 0 0 0 0 0 0 0 0 0 0 0 0 0 0 0 0 0 0 0 0 0 0 0 0 0 0 0 0 0 0 0 0 0 0 0 0 0 0 0 0 0 0 0 0 0 0 0 0 0 0 0 0 0 0 0 0 0 0 0 0 0 0 0 0 0 0 0 0 0 0 0 0 0 0 0 0 0 0 0 0 0 128 0 0 0 0 0 0 0 0 0 0 0 0 0 0 0 0 0 0 0 0 0 0 0 0 0 0 0 0 0 0 0 0 0 77 0 0 0 0 0 0 20 0 0 0 0 0 0 0 0 0 0 0 0 0 0 0 0 0 0 0 0 0 80 0 0 100 0 0 0 0 0 300 0 0 0 0 0 0 0 0 0 0 0 0 0 0 0 32 0 0 0 0 0 0 0 0 0 0 0 0 0 0 0 0 0 0 0 0 0 0 0 0 0 0 0 0 0 0 0 0 0 0 26 0 0 0 0 
80 0 0 0 0 0 0 0 0 0 51 0 0 0 40 0 0 0 0 0 0 0 0 0 0 0 0 0 0 0 0 0 0 0 0 0 0 0 0 0 0 0 0 0 0 0 0 0 0 0 0 0 0 0 0 0 0 0 0 0 0 0 0 0 0 0 0 0 0 0 0 0 0 0 0 0 0 0 0 0 0 0 0 0 0 0 0 0 0 0 0 0 0 0 0 0 0 0 0 0 64 0 0 0 0 0 0 0 0 0 0 20 0 0 0 0 0 16 0 0 0 20 0 0 26 0 0 0 40 0 0 0 0 0 0 0 0 0 0 0 0 0 0 0 0 0 0 0 0 0 0 0 0 0 0 100 0 0 0 0 0 0 0 0 0 0 0 0 0 0 0 32 0 0 0 0 0 0 0 0 0 0 0 0 0 0 0 0 0 0 0 0 0 0 0 0 0 0 0 0 0 0 0 0 0 0 0 0 0 0 0 
308 0 0 0 32 0 0 0 0 0 0 0 0 0 0 0 0 0 0 0 0 0 0 464 0 0 0 0 0 0 0 0 0 0 0 0 0 0 0 0 0 0 0 0 0 0 0 0 0 0 0 0 0 0 0 0 0 0 0 0 0 0 0 0 0 0 0 0 0 0 0 0 0 0 0 0 0 0 0 0 0 0 0 26 0 0 0 0 0 0 0 0 0 0 0 0 0 0 0 0 0 0 0 16 0 0 0 0 0 0 0 0 0 0 0 0 0 73 0 0 0 0 0 0 16 0 0 0 0 0 0 0 0 0 0 0 0 0 0 0 0 0 0 0 0 0 0 0 0 0 0 0 0 0 0 116 100 0 0 0 0 0 0 0 0 32 0 0 0 0 0 51 0 16 0 0 0 0 0 0 0 0 100 0 0 0 0 0 0 0 0 0 0 0 0 0 0 0 0 0 0 0 0 0 0 0 61 0 0 13 0 
0 0 0 0 0 0 0 0 0 0 0 0 0 0 0 0 0 0 0 0 0 0 0 32 0 0 0 0 0 0 0 0 0 0 0 0 0 0 0 0 0 0 0 0 0 0 0 0 0 13 0 0 0 0 0 0 0 0 0 0 0 0 0 0 0 0 0 0 0 0 0 0 0 0 0 0 0 0 0 0 0 0 0 0 0 0 0 0 0 0 0 20 0 0 0 0 0 0 0 0 0 0 0 0 0 0 0 0 0 0 0 0 0 0 0 80 0 179 0 0 0 0 0 0 0 0 0 0 0 0 0 0 0 0 0 0 0 0 0 0 0 0 0 0 0 0 0 0 40 0 0 0 0 0 100 200 0 0 0 0 0 0 0 0 0 0 0 0 0 0 0 0 0 0 0 0 0 0 0 0 0 0 0 0 0 0 0 0 0 0 0 0 0 0 0 0 0 0 0 0 0 0 0 0 0 0 0 0 0 0 0 
80 0 0 0 0 0 0 0 0 0 0 0 0 0 0 0 0 0 0 0 0 0 0 324 40 0 0 0 0 0 20 0 0 0 0 0 0 0 0 0 0 0 0 0 0 0 0 0 0 0 0 0 0 0 0 0 0 0 0 0 0 0 0 0 0 0 0 0 0 0 0 0 0 0 0 0 51 0 0 0 0 0 0 120 0 0 0 0 0 0 0 0 0 0 0 0 0 0 0 0 0 0 64 13 0 0 0 0 0 0 0 0 0 0 0 0 0 67 0 40 0 51 0 0 0 0 0 0 0 0 0 0 0 0 0 0 0 0 0 0 0 0 0 0 0 0 0 0 0 0 0 0 0 0 16 133 0 0 0 0 0 0 0 0 0 0 80 0 0 0 0 93 0 0 0 0 0 0 0 0 0 0 0 0 0 0 0 0 0 0 0 0 0 0 0 0 0 0 0 0 0 0 0 0 0 0 100 0 0 0 0 
2001 0 0 0 113 0 0 20 0 13 126 16 0 0 462 0 0 0 0 0 101 0 397 1433 0 340 64 0 58 0 703 0 0 0 924 0 0 0 0 0 80 0 0 0 0 13 0 0 0 461 327 0 0 0 0 0 0 311 0 0 64 0 0 16 51 61 0 100 0 0 0 0 100 0 0 0 723 351 0 0 0 26 629 1073 40 0 0 0 0 0 1703 532 0 32 244 222 0 40 80 13 0 0 134 40 190 499 0 80 0 0 0 522 0 51 0 208 0 1287 16 521 13 587 0 20 228 218 0 0 73 0 26 26 0 0 0 0 0 0 0 0 0 0 0 0 80 170 0 40 385 58 0 0 208 135 785 3155 245 64 347 0 32 94 310 364 0 220 0 0 16 0 0 1623 0 0 40 0 0 0 0 0 65 26 51 64 0 0 0 0 335 0 251 0 34 0 20 0 117 0 64 0 53 0 0 0 0 113 1050 0 0 188 0 
2403 100 0 0 64 0 0 0 0 32 91 0 0 0 251 0 0 0 0 0 115 0 288 1001 0 200 0 0 0 32 474 0 0 0 283 0 0 0 106 0 0 0 0 0 0 32 0 0 20 82 0 0 0 0 0 0 0 58 0 0 58 0 0 0 0 0 51 0 0 0 0 0 0 0 0 0 202 261 26 0 0 0 0 826 0 0 0 0 0 157 487 120 0 0 180 20 0 0 100 0 64 0 73 80 0 0 0 0 0 0 0 100 0 0 0 0 0 1885 0 243 64 186 0 51 223 119 64 0 0 0 20 0 0 0 0 0 0 0 0 0 0 0 0 0 0 0 0 0 182 352 0 0 80 93 535 4061 335 237 0 0 0 100 115 264 0 213 126 80 0 0 0 1396 0 0 26 0 51 0 51 0 67 0 16 0 0 0 0 0 0 0 118 0 42 0 0 0 427 0 0 0 243 0 40 0 64 106 301 0 80 98 0 
510 0 0 0 100 0 0 0 0 0 0 120 0 0 40 0 0 0 0 0 0 0 0 370 0 0 0 0 20 0 112 0 0 0 0 126 0 0 0 0 0 0 0 0 0 0 0 0 51 0 32 0 0 0 0 0 0 13 80 0 0 0 0 0 0 102 0 0 0 0 0 0 0 0 0 0 154 104 0 0 0 40 0 307 0 0 0 0 0 0 575 0 0 0 80 26 0 0 0 16 0 0 80 0 0 16 0 0 0 0 0 26 0 0 0 0 0 357 0 16 0 32 0 0 64 0 0 0 64 0 80 0 64 0 0 0 0 0 0 0 0 0 0 0 0 0 0 0 0 0 0 80 64 26 51 404 90 0 0 0 0 13 0 0 0 0 0 0 0 0 0 691 0 0 0 0 40 0 0 0 80 0 64 0 0 0 0 0 80 0 80 0 0 0 0 0 0 0 0 0 13 0 0 0 13 0 156 0 0 0 0 
118 0 0 0 0 51 0 0 0 0 0 0 0 0 0 0 0 0 0 0 0 0 65 619 0 40 0 0 0 0 51 0 0 0 0 0 0 0 0 0 0 32 0 0 0 0 0 0 32 20 32 26 0 0 0 0 0 0 20 0 0 0 0 0 0 0 0 0 0 0 0 0 0 0 0 0 34 16 0 0 0 0 0 357 0 0 0 0 0 84 39 0 0 0 0 0 0 0 0 64 0 0 0 0 26 0 0 0 40 0 0 64 0 0 16 0 0 559 0 67 0 0 0 0 321 140 0 0 0 0 0 0 0 0 0 0 0 0 0 0 0 0 0 0 0 80 0 0 106 0 0 0 64 0 195 265 20 0 0 0 0 0 0 0 0 40 0 0 0 0 0 107 0 0 0 0 0 0 0 0 0 0 0 0 0 0 0 0 0 51 16 0 0 0 0 0 40 0 0 0 32 0 0 0 0 0 20 0 0 32 0 
0 0 0 0 0 0 0 0 0 0 0 0 0 0 0 0 0 0 0 0 0 0 0 0 0 0 0 0 0 0 0 0 0 0 0 0 0 0 0 0 0 0 0 0 0 0 0 0 0 0 0 0 0 0 0 0 0 0 0 0 0 0 0 0 0 0 0 0 0 0 0 0 0 0 0 0 0 0 0 0 0 0 0 0 0 0 0 0 0 0 0 0 0 0 0 0 0 0 0 0 0 0 0 0 0 0 0 0 0 0 0 0 0 0 0 0 0 0 0 0 0 0 0 0 0 0 0 0 0 0 0 0 0 0 0 0 0 0 0 0 0 0 0 0 0 0 0 0 0 0 0 0 0 0 0 0 0 0 0 0 0 0 0 0 0 0 0 0 0 0 0 0 0 0 0 0 0 0 0 0 0 0 0 0 0 0 0 0 0 0 0 0 0 0 0 0 0 0 0 0 0 0 0 0 0 0 0 0 0 0 0 
0 0 0 0 0 0 0 0 0 0 0 100 0 0 40 0 0 0 0 0 51 0 0 131 0 0 0 0 0 0 0 0 0 0 0 0 0 0 0 0 0 0 0 0 0 0 0 0 0 126 0 0 0 0 0 0 0 0 0 0 0 0 0 0 0 0 0 0 0 0 0 0 0 0 0 0 0 32 0 0 0 0 0 49 0 0 0 0 0 0 0 0 0 0 0 0 0 0 0 0 0 0 0 0 0 0 0 0 0 0 0 0 0 0 0 0 0 13 0 26 0 0 0 0 51 0 0 0 0 0 0 0 0 0 0 0 0 0 0 0 0 0 0 0 0 0 0 0 0 0 0 0 0 0 26 122 0 0 0 0 0 0 0 0 0 0 0 0 0 0 0 280 0 0 0 0 0 0 0 0 0 0 0 0 0 0 0 0 0 0 0 0 13 0 0 0 13 0 0 0 0 0 13 0 0 0 80 0 80 0 0 
0 0 0 0 0 0 0 0 0 0 0 0 0 0 0 0 0 0 0 0 0 0 0 0 0 0 0 0 0 0 0 0 0 0 0 0 0 0 0 0 0 0 0 0 0 0 0 0 0 0 0 0 0 0 0 0 0 0 0 0 0 0 0 0 0 0 0 0 0 0 0 0 0 0 0 0 0 0 0 0 0 0 0 0 0 0 0 0 0 0 0 0 0 0 0 0 0 0 0 0 0 0 0 0 0 0 0 0 0 0 0 0 0 0 0 0 0 0 0 0 0 0 0 0 0 0 0 0 0 0 0 0 0 0 0 0 0 0 0 0 0 0 0 0 0 0 0 0 0 0 0 0 0 0 0 0 0 0 0 0 0 0 0 0 0 0 0 0 0 0 0 0 0 0 0 0 0 0 0 0 0 0 0 0 0 0 0 0 0 0 0 0 0 0 0 0 0 0 0 0 0 0 0 0 0 0 0 0 0 0 0 
0 0 0 0 0 0 0 0 0 0 0 0 0 0 0 0 0 0 0 0 0 0 0 0 0 0 0 0 0 0 0 0 0 0 0 0 0 0 0 0 0 0 0 0 0 0 0 0 0 0 0 0 0 0 0 0 0 0 0 0 0 0 0 0 0 0 0 0 0 0 0 0 0 0 0 0 0 0 0 0 0 0 0 0 0 0 0 0 0 0 0 0 0 0 0 0 0 0 0 0 0 0 0 0 0 0 0 0 0 0 0 0 0 0 0 0 0 0 0 0 0 0 0 0 0 0 0 0 0 0 0 0 0 0 0 0 0 0 0 0 0 0 0 0 0 0 0 0 0 0 0 0 0 0 0 0 0 0 0 0 0 0 0 0 0 0 0 0 0 0 0 0 0 0 0 0 0 0 0 0 0 0 0 0 0 0 0 0 0 0 0 0 0 0 0 0 0 0 0 0 0 0 0 0 0 0 0 0 0 0 0 
0 0 0 0 0 0 0 0 0 0 0 0 0 0 0 0 0 0 0 0 0 0 0 0 0 0 0 0 0 0 0 0 0 0 0 0 0 0 0 0 0 0 0 0 0 0 0 0 0 0 0 0 0 0 0 0 0 0 0 0 0 0 0 0 0 0 0 0 0 0 0 0 0 0 0 0 0 0 0 0 0 0 0 0 0 0 0 0 0 0 0 0 0 0 0 0 0 0 0 0 0 0 0 0 0 0 0 0 0 0 0 0 0 0 0 0 0 0 0 0 0 0 0 0 0 0 0 0 0 0 0 0 0 0 0 0 0 0 0 0 0 0 0 0 0 0 0 0 0 0 0 0 0 0 0 0 0 0 0 0 0 0 0 0 0 0 0 0 0 0 0 0 0 0 0 0 0 0 0 0 0 0 0 0 0 0 0 0 0 0 0 0 0 0 0 0 0 0 0 0 0 0 0 0 0 0 0 0 0 0 0 
468 0 0 0 0 0 0 0 0 0 40 0 0 0 87 0 0 0 0 0 104 0 92 357 0 106 0 0 90 0 13 0 0 0 381 67 0 0 0 0 0 0 0 0 0 0 0 0 100 119 13 26 0 0 0 0 0 13 0 0 80 0 0 131 80 0 16 0 0 0 0 0 0 0 0 0 209 266 0 0 0 0 47 484 0 0 0 0 0 0 348 0 0 0 20 0 0 0 0 0 40 0 0 0 26 0 0 0 0 0 0 368 0 0 0 0 0 297 0 0 112 51 0 0 101 0 0 0 64 0 0 0 0 0 0 0 0 0 0 0 0 0 0 0 32 13 0 0 315 0 0 0 13 0 327 1031 321 51 51 0 0 13 67 46 0 0 0 0 0 0 0 1021 0 0 32 0 0 0 16 0 115 40 51 0 16 0 0 0 104 0 0 0 94 0 0 0 34 0 0 0 83 0 0 0 0 0 278 0 30 0 0 
141 0 0 0 0 0 0 0 0 0 0 0 0 0 0 0 0 0 0 0 0 0 0 72 0 0 0 0 0 0 83 0 0 0 0 0 0 0 0 0 0 0 0 0 0 0 0 0 51 16 16 64 0 0 0 0 0 0 0 0 0 0 0 0 0 0 0 0 0 0 0 0 0 0 0 0 0 0 0 0 0 0 0 53 0 0 0 0 0 0 0 51 0 0 0 0 0 0 0 0 0 0 0 0 0 0 0 0 0 0 0 83 0 0 0 0 0 0 0 0 0 0 0 0 0 0 0 0 0 0 0 0 0 0 0 0 0 0 0 0 0 0 0 0 0 0 0 0 0 0 0 0 164 16 40 16 0 0 0 0 0 20 93 26 0 0 0 0 0 0 0 453 0 0 0 0 0 0 0 0 0 0 64 0 0 0 0 0 0 0 0 0 0 0 0 0 0 0 0 0 0 0 0 0 0 0 0 0 0 0 0 
0 0 0 0 0 0 0 0 0 0 0 0 0 0 0 0 0 0 0 0 0 0 0 0 0 0 0 0 0 0 0 0 0 0 0 0 0 0 0 0 0 0 0 0 0 0 0 0 0 0 0 0 0 0 0 0 0 0 0 0 0 0 0 0 0 0 0 0 0 0 0 0 0 0 0 0 0 0 0 0 0 0 0 0 0 0 0 0 0 0 0 0 0 0 0 0 0 0 0 0 0 0 0 0 0 0 0 0 0 0 0 0 0 0 0 0 0 0 0 0 0 0 0 0 0 0 0 0 0 0 0 0 0 0 0 0 0 0 0 0 0 0 0 0 0 0 0 0 0 0 0 0 0 0 0 0 0 0 0 0 0 0 0 0 0 0 0 0 0 0 0 0 0 0 0 0 0 0 0 0 0 0 0 0 0 0 0 0 0 0 0 0 0 0 0 0 0 0 0 0 0 0 0 0 0 0 0 0 0 0 0 
754 0 0 0 0 0 0 0 0 0 0 40 0 0 0 0 0 0 0 0 0 0 0 455 16 0 80 0 0 0 32 0 0 0 600 0 0 0 0 32 0 0 0 40 0 0 0 0 0 301 0 32 0 0 0 0 0 0 0 0 0 0 0 0 0 0 0 0 0 0 0 0 0 0 0 0 280 151 0 0 0 0 26 459 0 0 0 0 0 300 80 0 0 0 80 131 0 0 0 0 0 0 16 64 0 0 0 0 0 0 0 0 0 0 0 0 0 322 51 361 20 100 0 0 0 64 0 0 0 0 0 0 0 0 0 0 0 0 0 0 64 0 0 0 0 0 0 0 51 0 0 0 0 0 30 1195 13 16 0 0 0 0 0 0 0 0 0 0 0 0 0 494 0 0 64 0 0 0 0 0 0 251 0 0 0 0 0 0 0 0 0 0 0 0 0 0 0 0 40 0 90 0 0 0 0 0 504 0 93 0 0 
0 0 0 0 0 0 0 0 0 0 0 0 0 0 0 0 0 0 0 0 0 0 0 0 0 0 0 0 0 0 0 0 0 0 0 0 0 0 0 0 0 0 0 0 0 0 0 0 0 0 0 0 0 0 0 0 0 0 0 0 0 0 0 0 0 0 0 0 0 0 0 0 0 0 0 0 0 0 0 0 0 0 0 0 0 0 0 0 0 0 0 0 0 0 0 0 0 0 0 0 0 0 0 0 0 0 0 0 0 0 0 0 0 0 0 0 0 0 0 0 0 0 0 0 0 0 0 0 0 0 0 0 0 0 0 0 0 0 0 0 0 0 0 0 0 0 0 0 0 0 0 0 0 0 0 0 0 0 0 0 0 0 0 0 0 0 0 0 0 0 0 0 0 0 0 0 0 0 0 0 0 0 0 0 0 0 0 0 0 0 0 0 0 0 0 0 0 0 0 0 0 0 0 0 0 0 0 0 0 0 0 
0 0 0 0 0 0 0 0 40 0 0 0 0 0 0 0 0 0 0 0 0 0 0 54 0 0 0 0 0 0 0 0 0 0 0 0 0 0 0 0 0 0 0 0 0 0 0 0 0 0 0 0 0 0 0 0 0 0 0 0 20 0 0 0 0 0 0 80 0 0 0 0 0 64 0 0 0 13 0 0 0 0 0 0 0 0 0 0 0 0 0 0 0 0 0 0 0 0 0 0 0 0 0 0 0 0 0 0 0 0 80 40 0 0 0 32 0 26 0 0 0 0 0 0 0 0 0 0 0 0 0 0 0 0 0 0 0 0 0 0 0 0 0 0 0 0 0 0 0 0 0 0 0 0 0 276 0 0 0 0 0 0 0 0 0 0 0 0 0 0 0 0 0 0 0 0 0 0 0 0 0 0 0 0 0 0 0 0 0 0 0 0 0 0 0 0 300 0 0 0 0 0 0 0 0 0 0 0 0 0 0 
126 0 0 0 0 0 0 0 0 0 0 0 0 0 0 0 0 0 0 0 0 0 0 13 0 0 0 0 0 0 57 0 0 0 0 0 0 0 0 0 0 0 0 0 0 0 0 0 0 0 0 20 0 0 0 0 0 0 0 0 0 0 0 80 0 0 0 0 0 0 0 0 0 0 0 0 64 80 0 0 0 0 77 90 0 0 0 0 0 32 16 0 0 0 0 0 0 0 0 0 0 0 0 0 0 64 0 0 0 0 0 0 0 0 0 0 0 204 0 0 0 0 0 0 0 67 0 0 0 0 0 0 0 0 0 0 0 0 0 0 0 0 0 0 0 0 0 0 0 0 0 0 0 0 80 209 0 0 0 0 0 0 0 0 0 0 0 0 0 0 0 106 0 0 0 0 0 0 0 0 80 0 0 0 67 0 0 0 0 0 0 0 0 0 0 0 144 0 0 0 26 0 0 0 0 0 0 0 0 0 0 
240 0 0 0 0 0 0 0 0 0 0 0 0 0 0 0 0 0 0 0 0 0 40 0 0 0 0 0 0 0 0 0 0 0 0 0 0 0 0 0 0 0 0 0 0 0 0 0 0 0 0 0 0 0 0 0 0 0 0 0 0 0 0 0 0 0 0 0 0 0 0 0 0 0 0 0 80 32 0 0 0 0 0 257 0 0 0 0 0 0 120 0 0 0 51 0 0 0 0 0 0 0 26 40 0 0 0 0 0 0 0 0 0 0 0 0 0 173 0 0 0 0 0 0 471 0 0 0 0 0 0 0 0 0 0 0 0 0 0 0 0 0 0 0 0 0 0 0 0 0 0 0 0 0 0 237 0 0 0 0 0 0 0 20 0 0 0 0 0 0 0 20 0 0 0 0 0 0 0 0 0 0 80 0 0 0 0 0 0 0 0 0 0 0 0 0 0 0 0 0 16 0 0 0 0 0 0 0 0 13 0 
92 0 0 0 0 0 0 0 0 80 0 64 0 0 0 0 0 0 0 0 0 0 0 120 0 0 0 0 0 0 0 0 0 0 53 0 0 0 0 0 0 0 0 0 0 0 0 0 126 13 0 0 0 0 0 0 0 0 0 0 0 0 0 0 0 64 0 20 0 0 0 0 0 0 0 0 0 64 0 0 0 0 0 390 0 0 0 0 0 0 64 160 0 0 0 0 0 0 0 0 0 0 0 0 0 0 0 0 0 0 0 100 0 0 0 0 0 157 0 77 0 80 0 0 0 0 0 0 0 0 0 0 0 0 0 0 0 0 0 0 0 0 0 0 0 0 0 0 0 0 0 0 0 0 0 219 16 0 0 0 0 0 0 0 0 0 0 0 0 0 0 620 0 0 0 0 0 0 0 0 0 0 0 0 0 0 0 0 52 0 0 0 0 0 0 0 0 0 0 0 0 0 0 0 0 0 0 0 0 0 0 
125 0 0 0 0 0 0 0 0 16 0 0 0 0 64 0 0 0 0 0 0 0 80 599 0 20 0 0 0 0 213 0 0 0 0 0 0 0 0 0 0 0 0 0 0 0 0 0 0 26 64 0 0 0 0 0 0 0 0 0 51 0 0 0 0 0 168 0 0 0 0 0 0 0 0 0 90 120 0 0 0 0 0 273 0 0 0 0 0 0 99 34 0 0 0 0 0 0 0 0 0 0 104 0 0 0 0 0 0 0 0 13 0 0 0 0 0 781 0 0 0 320 0 0 166 51 20 51 0 0 0 0 0 0 0 0 0 0 0 0 0 0 0 0 0 51 0 0 0 0 0 0 64 0 167 280 32 0 0 0 0 64 134 13 0 0 0 0 0 0 0 390 0 0 51 0 0 0 0 0 0 0 0 0 0 0 0 0 0 0 0 0 0 0 0 0 0 0 0 0 106 0 0 0 0 0 26 0 0 0 0 
13 0 0 0 64 0 0 0 0 0 0 13 0 0 0 0 0 0 0 0 0 0 0 374 0 0 0 0 0 0 0 0 0 0 0 0 0 0 0 0 0 0 0 0 0 0 0 0 0 0 0 0 0 0 0 0 0 0 0 0 32 0 0 0 0 26 0 0 0 0 0 0 0 0 0 0 0 0 0 0 0 0 0 0 0 0 0 0 0 0 80 0 0 0 0 0 0 0 0 0 100 0 0 0 0 0 0 0 0 0 0 0 0 0 0 0 0 112 0 0 0 0 0 0 0 0 0 0 0 0 0 0 0 0 0 0 0 0 0 0 16 0 0 0 0 0 0 0 0 0 0 0 0 0 0 85 32 0 0 0 0 0 64 0 0 64 0 0 0 0 80 72 0 0 0 0 0 0 0 0 0 0 0 0 0 0 0 0 106 0 0 0 40 0 0 0 0 0 0 0 100 0 40 0 0 0 0 0 0 0 0 
0 0 0 0 0 0 0 0 0 0 0 0 0 0 0 0 0 0 0 0 0 0 0 0 0 0 0 0 0 0 0 0 0 0 0 0 0 0 0 0 0 0 0 0 0 0 0 0 0 0 0 0 0 0 0 0 0 0 0 0 0 0 0 0 0 0 0 0 0 0 0 0 0 0 0 0 0 0 0 0 0 0 0 0 0 0 0 0 0 0 0 0 0 0 0 0 0 0 0 0 0 0 0 0 0 0 0 0 0 0 0 0 0 0 0 0 0 0 0 0 0 0 0 0 0 0 0 0 0 0 0 0 0 0 0 0 0 0 0 0 0 0 0 0 0 0 0 0 0 0 0 0 0 0 0 0 0 0 0 0 0 0 0 0 0 0 0 0 0 0 0 0 0 0 0 0 0 0 0 0 0 0 0 0 0 0 0 0 0 0 0 0 0 0 0 0 0 0 0 0 0 0 0 0 0 0 0 0 0 0 0 
0 0 0 0 0 0 0 0 0 0 0 0 0 0 0 0 0 0 0 0 0 0 0 39 0 0 0 0 0 0 0 0 0 0 40 0 0 0 0 0 0 0 0 0 0 0 0 0 0 0 80 0 0 0 0 0 0 0 0 0 40 0 0 0 0 0 0 0 0 0 100 0 0 0 0 0 0 0 0 0 0 0 0 132 0 0 0 0 0 0 0 0 0 0 0 0 0 0 0 0 0 0 0 0 0 0 0 0 0 0 0 0 0 0 0 0 0 67 0 0 0 0 0 0 40 0 0 0 0 0 0 0 0 0 0 0 0 0 0 0 0 0 0 0 0 0 0 0 93 0 0 0 0 0 164 83 0 0 0 0 0 0 0 0 0 0 0 0 0 0 0 165 0 0 0 0 0 0 0 0 0 0 0 0 0 0 0 0 0 0 51 0 0 0 0 0 0 0 0 0 0 0 0 0 0 0 0 0 0 0 0 
0 0 0 0 0 0 0 0 0 0 0 0 0 0 0 0 0 0 0 0 0 0 0 0 0 0 0 0 0 0 0 0 0 0 0 0 0 0 0 0 0 0 0 0 0 0 0 0 0 0 0 0 0 0 0 0 0 0 0 0 0 0 0 0 0 0 0 0 0 0 0 0 0 0 0 0 0 0 0 0 0 0 0 100 0 0 0 0 0 0 0 0 0 0 0 0 0 0 0 0 0 0 0 0 0 0 0 0 0 0 0 0 0 0 0 0 0 32 0 0 0 0 0 0 0 0 0 0 0 0 0 0 0 0 0 0 0 0 0 0 0 0 0 0 0 0 0 0 0 0 0 0 0 0 0 164 0 0 0 0 0 0 0 0 0 0 0 0 0 0 0 100 0 0 0 0 0 0 0 0 0 0 0 0 0 0 0 0 0 0 0 0 0 0 0 0 0 0 0 0 0 0 0 0 0 0 0 0 0 0 0 
0 0 0 0 0 0 0 0 0 0 0 0 0 0 0 0 0 0 0 0 0 0 0 0 0 0 0 0 0 0 0 0 0 0 0 0 0 0 0 0 0 0 0 0 0 0 0 0 0 0 0 0 0 0 0 0 0 0 0 0 0 0 0 0 0 0 0 0 0 0 0 0 0 0 0 0 0 0 0 0 0 0 0 0 0 0 0 0 0 0 0 0 0 0 0 0 0 0 0 0 0 0 0 0 0 0 0 0 0 0 0 0 0 0 0 0 0 0 0 0 0 0 0 0 0 0 0 0 0 0 0 0 0 0 0 0 0 0 0 0 0 0 0 0 0 0 0 0 0 0 0 0 0 0 0 0 0 0 0 0 0 0 0 0 0 0 0 0 0 0 0 0 0 0 0 0 0 0 0 0 0 0 0 0 0 0 0 0 0 0 0 0 0 0 0 0 0 0 0 0 0 0 0 0 0 0 0 0 0 0 0 
0 0 0 0 0 0 0 0 0 0 0 0 0 0 0 0 0 0 0 0 0 0 0 0 0 0 0 0 0 0 0 0 0 0 0 0 0 0 0 0 0 0 0 0 0 0 0 0 0 0 0 0 0 0 0 0 0 0 0 0 0 0 0 0 0 0 0 0 0 0 0 0 0 0 0 0 32 0 0 0 0 0 0 0 0 0 0 0 0 0 26 0 0 0 0 0 0 0 0 0 0 0 0 0 0 0 0 0 0 0 0 0 0 0 0 0 0 0 0 0 0 0 0 0 0 0 0 0 0 0 0 0 0 0 0 0 0 0 0 0 0 0 0 0 0 0 0 0 0 0 0 0 0 0 0 0 0 0 0 0 0 0 0 0 0 0 0 0 0 0 0 51 0 0 0 0 0 0 0 0 0 0 0 0 0 0 0 0 0 0 0 0 0 0 0 0 0 0 0 0 0 0 0 0 0 0 0 0 0 0 0 
227 0 0 0 0 0 0 0 80 0 20 0 0 0 16 0 0 0 0 0 0 0 13 84 0 0 0 0 0 0 16 0 0 0 0 0 0 0 0 0 0 0 0 0 0 0 0 0 0 0 0 51 0 0 0 0 0 0 0 0 0 0 0 0 0 0 0 0 0 0 0 0 0 0 0 0 0 26 0 0 0 0 0 40 0 0 0 0 0 0 80 0 0 0 0 0 0 0 0 0 0 0 0 0 0 0 0 0 0 0 0 0 0 0 0 64 0 168 0 16 0 80 0 0 0 51 0 0 0 0 0 0 0 0 0 0 0 0 0 0 0 0 0 0 0 0 0 0 0 0 0 0 0 0 51 20 0 0 0 0 0 0 0 0 0 0 0 0 0 0 0 122 0 0 0 0 0 0 0 0 0 0 0 0 0 0 0 0 0 0 0 0 0 0 0 0 0 0 0 0 0 0 0 0 0 0 40 0 0 0 0 
0 0 0 0 0 0 0 0 0 0 0 0 0 0 0 0 0 0 0 0 0 0 0 0 0 0 0 0 0 0 0 0 0 0 0 0 0 0 0 0 0 0 0 0 0 0 0 0 0 0 0 0 0 0 0 0 0 0 0 0 0 0 0 0 0 0 0 0 0 0 0 0 0 0 0 0 0 0 0 0 0 0 0 0 0 0 0 0 0 0 0 0 0 0 0 0 0 0 0 0 0 0 0 0 0 0 0 0 0 0 0 0 0 0 0 0 0 0 0 0 0 0 0 0 0 0 0 0 0 0 0 0 0 0 0 0 0 0 0 0 0 0 0 0 0 0 0 0 0 0 0 0 0 0 0 0 0 0 0 0 0 0 0 0 0 0 0 0 0 0 0 0 0 0 0 0 0 0 0 0 0 0 0 0 0 0 0 0 0 0 0 0 0 0 0 0 0 0 0 0 0 0 0 0 0 0 0 0 0 0 0 
0 0 0 0 0 0 0 0 0 0 0 0 0 0 0 0 0 0 0 0 0 0 0 0 0 0 0 0 0 0 0 0 0 0 0 0 0 0 0 0 0 0 0 0 0 0 0 0 0 0 0 0 0 0 0 0 0 0 0 0 0 0 0 0 0 0 0 0 0 0 0 0 0 0 0 0 0 0 0 0 0 0 0 0 0 0 0 0 0 0 0 0 0 0 0 0 0 0 0 0 0 0 0 0 0 0 0 0 0 0 0 0 0 0 0 0 0 0 0 0 0 0 0 0 0 0 0 0 0 0 0 0 0 0 0 0 0 0 0 0 0 0 0 0 0 0 0 0 0 0 0 0 0 0 0 0 0 0 0 0 0 0 0 0 0 0 0 0 0 0 0 0 0 0 0 0 0 0 0 0 0 0 0 0 0 0 0 0 0 0 0 0 0 0 0 0 0 0 0 0 0 0 0 0 0 0 0 0 0 0 0 
6442 0 0 0 0 92 0 0 0 0 169 104 0 0 658 0 0 0 0 0 0 0 180 2875 0 783 0 0 0 0 690 40 0 0 440 32 0 0 67 58 80 0 0 0 0 96 0 51 141 275 40 196 0 0 0 0 0 239 0 0 116 0 0 40 0 64 26 51 0 300 0 0 0 144 0 0 551 667 0 0 0 96 300 1873 0 0 0 0 115 53 1191 282 0 64 176 129 0 0 100 81 57 0 151 211 204 124 0 51 0 0 0 325 0 0 0 0 0 3006 41 646 30 752 0 0 1255 176 0 0 26 26 26 688 51 0 0 0 0 0 0 0 0 0 0 0 0 26 0 80 297 467 0 0 113 228 1048 8917 486 0 0 0 0 180 556 454 0 110 278 20 0 0 0 2545 0 40 13 0 0 0 0 0 129 73 26 0 0 0 0 0 292 0 124 0 198 0 0 51 316 0 131 0 401 51 20 0 16 201 385 0 218 229 0 
1191 0 0 0 64 0 0 0 0 74 20 0 0 0 478 0 0 0 0 0 0 0 100 1632 183 273 0 0 32 0 402 0 0 0 297 40 0 0 26 157 0 0 0 0 0 26 100 13 20 51 16 0 0 0 0 0 0 16 0 0 0 0 0 0 0 16 0 0 0 0 0 0 0 0 0 0 263 253 0 0 0 0 20 547 0 51 0 0 0 97 596 146 0 0 32 80 0 0 34 0 0 0 20 160 0 0 32 0 0 0 0 16 100 0 0 0 0 1788 0 203 26 300 0 0 625 80 0 0 32 140 125 0 0 0 0 0 0 0 0 0 34 0 0 0 0 0 0 0 458 140 40 26 16 0 722 5852 227 0 16 0 0 51 143 512 0 67 0 0 0 0 64 1215 0 0 100 0 0 0 0 0 40 0 64 0 16 0 0 0 200 0 0 0 75 0 13 0 256 0 0 0 80 0 77 0 32 0 423 0 40 26 0 
193 0 0 0 0 0 0 0 0 0 0 0 0 0 0 0 0 0 0 0 0 0 0 20 0 0 0 0 100 0 0 0 0 0 0 80 0 0 0 0 0 0 0 0 0 0 0 0 0 100 0 0 0 0 0 0 0 0 0 0 0 0 0 0 0 0 0 0 0 0 0 0 0 0 0 0 16 0 0 0 0 0 0 0 0 0 0 0 0 0 0 0 0 0 0 0 0 0 0 0 51 0 0 0 0 0 0 0 0 0 0 0 0 0 0 0 0 40 0 0 0 64 0 0 0 0 0 0 0 0 100 0 0 0 0 0 0 0 0 0 0 0 0 0 0 0 0 0 0 0 0 0 0 0 104 40 0 0 0 0 0 0 0 80 0 0 0 0 0 0 0 168 0 0 0 0 0 0 0 0 0 0 113 0 0 0 0 0 0 0 0 0 0 0 0 0 0 0 0 0 0 0 0 0 0 0 32 26 0 16 0 
0 0 0 0 0 0 0 0 0 0 0 0 0 0 0 0 0 0 0 0 0 0 0 0 0 0 0 0 0 0 0 0 0 0 0 0 0 0 0 0 0 0 0 0 0 0 0 0 0 0 0 0 0 0 0 0 0 0 0 0 0 0 0 0 0 0 0 0 0 0 0 0 0 0 0 0 0 0 0 0 0 0 0 0 0 0 0 0 0 0 0 0 0 0 0 0 0 0 0 0 0 0 0 0 0 0 0 0 0 0 0 0 0 0 0 0 0 0 0 0 0 0 0 0 0 0 0 0 0 0 0 0 0 0 0 0 0 0 0 0 0 0 0 0 0 0 0 0 0 0 0 0 0 0 0 0 0 0 0 0 0 0 0 0 0 0 0 0 0 0 0 0 0 0 0 0 0 0 0 0 0 0 0 0 0 0 0 0 0 0 0 0 0 0 0 0 0 0 0 0 0 0 0 0 0 0 0 0 0 0 0 
0 0 0 0 0 0 0 0 0 0 0 0 0 0 0 0 0 0 0 0 0 0 0 0 0 0 0 0 0 0 0 0 0 0 0 0 0 0 0 0 0 0 0 0 0 0 0 0 0 0 0 0 0 0 0 0 0 0 0 0 0 0 0 0 0 0 0 0 0 0 0 0 0 0 0 0 0 0 0 0 0 0 0 0 0 0 0 0 0 0 0 0 0 0 0 0 0 0 0 0 0 0 0 0 0 0 0 0 0 0 0 0 0 0 0 0 0 0 0 0 0 0 0 0 0 0 0 0 0 0 0 0 0 0 0 0 0 0 0 0 0 0 0 0 0 0 0 0 0 0 0 0 0 0 0 0 0 0 0 0 0 0 0 0 0 0 0 0 0 0 0 0 0 0 0 0 0 0 0 0 0 0 0 0 0 0 0 0 0 0 0 0 0 0 0 0 0 0 0 0 0 0 0 0 0 0 0 0 0 0 0 
40 0 0 0 0 0 0 0 0 0 0 0 0 0 0 0 0 0 0 0 0 0 0 13 0 0 0 0 0 0 104 0 0 0 64 0 0 0 0 0 0 0 0 0 0 0 0 64 0 0 0 0 0 0 0 0 0 0 0 0 0 0 0 0 0 0 0 0 0 0 0 0 0 0 0 0 100 53 0 0 0 0 0 0 0 0 0 0 0 80 0 0 0 0 0 0 0 0 0 0 0 0 0 0 0 0 0 0 0 0 0 80 0 0 0 0 0 170 0 0 0 0 0 0 0 0 0 0 0 0 0 0 0 0 0 0 0 0 0 0 0 64 0 0 0 0 0 0 0 0 0 0 64 0 100 321 80 0 0 0 0 0 16 61 0 0 0 0 0 0 0 152 0 80 0 0 0 0 0 0 0 0 0 0 0 0 0 0 0 0 0 0 40 0 0 0 0 0 0 0 0 0 0 0 0 0 136 0 0 0 0 
1139 0 0 0 80 0 0 0 0 0 0 0 0 0 305 0 0 0 0 0 0 0 218 612 0 744 0 0 164 0 168 0 0 0 235 151 0 0 0 26 0 0 0 0 0 0 0 0 126 96 352 100 0 0 0 0 0 301 160 0 0 0 0 0 0 96 16 0 0 0 0 0 0 0 0 0 414 108 51 0 0 0 0 761 0 0 0 0 0 26 1160 302 0 0 444 77 0 0 40 0 165 0 110 51 88 37 0 0 0 0 0 0 0 0 0 100 0 507 0 437 37 245 0 0 300 75 0 0 332 0 0 0 0 0 0 0 0 0 0 0 51 16 0 0 0 0 0 32 179 168 0 0 268 63 457 815 165 40 176 0 0 0 903 94 0 0 51 40 0 0 0 2910 0 0 0 0 0 0 0 0 127 13 26 0 0 0 0 0 162 0 0 0 26 0 0 0 207 0 0 0 13 13 0 0 0 93 213 0 0 379 0 
9541 0 0 0 260 13 0 64 0 163 96 54 0 0 1176 0 0 0 0 0 108 0 737 6647 40 1336 113 0 183 0 2017 0 0 0 1672 0 0 0 185 217 40 0 0 13 0 40 0 26 629 483 115 321 0 144 0 0 0 378 64 0 110 0 0 0 204 0 753 0 0 164 0 0 0 106 0 100 2224 581 40 0 0 0 264 2204 800 120 0 0 32 110 1014 863 332 0 489 173 0 0 187 302 145 0 92 1026 306 341 40 0 0 0 0 338 0 0 0 100 0 6685 80 1117 179 639 0 80 1634 1119 120 178 233 51 246 80 96 0 0 0 0 0 0 0 62 51 0 0 0 106 57 40 682 1374 51 0 202 448 3296 19422 845 0 20 0 0 736 551 1748 0 113 78 209 0 0 0 3583 0 0 33 0 64 0 0 0 311 141 125 57 0 0 0 0 571 61 240 64 375 0 0 141 774 0 84 0 558 192 53 0 80 39 2641 0 432 349 0 
77 0 0 0 0 0 0 0 0 0 0 0 0 0 80 0 0 0 0 0 0 0 26 117 0 0 0 0 0 0 0 0 0 0 0 0 0 0 0 0 0 0 0 0 0 0 0 0 0 0 0 0 0 0 0 0 0 0 0 0 0 0 0 0 0 0 0 0 0 0 0 0 0 0 0 0 0 51 0 0 0 0 0 0 0 0 0 0 0 0 0 0 0 0 0 0 0 0 0 0 0 0 0 0 0 0 0 0 0 0 0 0 0 0 0 0 0 800 0 0 0 0 0 0 32 0 0 0 0 0 0 0 0 0 0 0 0 0 0 0 0 0 0 0 0 0 0 0 26 0 0 0 0 0 64 157 0 0 0 0 0 0 0 0 0 0 0 0 0 0 0 13 0 0 0 0 0 0 0 0 0 0 0 0 0 0 0 0 0 0 0 0 0 0 0 0 16 0 0 0 0 0 0 0 0 0 64 0 0 0 0 
40 0 0 0 26 0 0 0 0 0 0 0 0 0 0 0 0 0 0 0 0 0 0 0 0 0 0 0 0 0 0 0 0 0 0 0 0 0 0 0 0 0 0 0 0 0 0 0 0 0 0 0 0 0 0 0 0 0 0 0 0 0 0 0 0 0 0 0 0 0 0 0 0 0 0 0 0 0 0 0 0 0 0 0 0 0 0 0 0 0 0 0 0 0 0 0 0 0 0 0 0 0 0 0 0 0 0 0 0 0 0 0 0 0 0 0 0 251 0 0 0 0 0 0 0 0 0 0 0 0 0 0 0 0 0 0 0 0 0 0 0 0 0 0 0 0 0 0 0 0 0 0 0 100 0 160 0 0 0 0 0 0 0 0 0 0 0 0 0 0 0 51 0 0 0 0 0 0 0 0 0 0 0 0 0 0 0 0 0 0 0 0 0 0 0 0 0 0 0 0 0 0 0 0 0 0 0 0 0 0 0 
0 0 0 0 0 0 0 0 0 0 0 0 0 0 0 0 0 0 0 0 0 0 0 0 0 0 0 0 0 0 0 0 0 0 0 0 0 0 0 0 0 0 0 0 0 0 0 0 0 0 0 0 0 0 0 0 0 0 0 0 0 0 0 0 0 0 0 0 0 0 0 0 0 0 0 0 0 0 0 0 0 0 0 0 0 0 0 0 0 0 0 0 0 0 0 0 0 0 0 0 0 0 0 0 0 0 0 0 0 0 0 0 0 0 0 0 0 0 0 0 0 0 0 0 0 0 0 0 0 0 0 0 0 0 0 0 0 0 0 0 0 0 0 0 0 0 0 0 0 0 0 0 0 0 0 0 0 0 0 0 0 0 0 0 0 0 0 0 0 0 0 0 0 0 0 0 0 0 0 0 0 0 0 0 0 0 0 0 0 0 0 0 0 0 0 0 0 0 0 0 0 0 0 0 0 0 0 0 0 0 0 
0 0 0 0 0 0 0 0 0 0 0 0 0 0 0 0 0 0 0 0 0 0 0 0 0 0 0 0 0 0 0 0 0 0 0 0 0 0 0 0 0 0 0 0 0 0 0 0 0 0 0 0 0 0 0 0 0 0 0 0 0 0 0 0 0 0 0 0 0 0 0 0 0 0 0 0 0 0 0 0 0 0 0 0 0 0 0 0 0 0 0 0 0 0 0 0 0 0 0 0 0 0 0 0 0 0 0 0 0 0 0 0 0 0 0 0 0 0 0 0 0 0 0 0 0 0 0 0 0 0 0 0 0 0 0 0 0 0 0 0 0 0 0 0 0 0 0 0 0 0 0 0 0 0 0 0 0 0 0 0 0 0 0 0 0 0 0 0 0 0 0 0 0 0 0 0 0 0 0 0 0 0 0 0 0 0 0 0 0 0 0 0 0 0 0 0 0 0 0 0 0 0 0 0 0 0 0 0 0 0 0 
0 0 0 0 0 0 0 0 0 0 0 0 0 0 0 0 0 0 0 0 0 0 0 0 0 0 0 0 0 0 51 0 0 0 0 0 0 0 0 0 0 0 0 0 0 0 0 0 0 0 0 0 0 0 0 0 0 0 0 0 0 0 0 0 0 0 0 0 0 0 0 0 0 0 0 0 0 0 0 0 0 0 0 100 0 0 0 0 0 0 64 0 0 0 0 0 0 0 0 0 0 0 0 0 0 0 0 0 0 0 0 0 0 0 0 0 0 100 0 0 0 0 0 0 13 0 0 0 0 0 0 0 0 0 0 0 0 0 0 0 0 0 0 0 0 0 0 0 0 0 0 0 0 0 0 80 0 0 0 0 0 0 0 0 0 0 0 0 0 0 0 32 0 0 0 0 0 0 0 0 0 0 0 0 0 0 0 0 0 0 0 0 0 0 0 0 0 0 0 0 0 0 0 0 0 0 0 0 0 0 0 
686 0 0 0 0 64 0 0 0 0 0 0 0 0 120 0 0 0 0 0 26 0 64 300 200 0 51 0 40 0 0 0 0 0 0 0 0 0 0 0 20 0 0 0 0 0 0 0 16 141 0 134 0 0 0 0 0 0 0 0 0 0 0 80 51 0 0 0 0 0 0 0 0 40 0 0 112 0 0 0 0 0 0 177 0 0 0 0 0 61 167 0 0 0 20 0 0 0 0 0 0 0 0 0 32 40 0 0 0 0 0 40 0 0 0 0 0 569 0 154 0 0 0 0 114 227 0 0 0 0 13 0 0 0 0 0 0 0 0 0 0 0 0 0 0 0 0 0 113 0 0 0 0 0 275 2188 0 0 0 0 0 0 0 0 0 0 0 0 0 0 0 100 0 0 0 0 0 0 0 0 40 32 20 0 0 0 0 0 40 0 0 0 64 0 0 0 366 0 0 0 64 0 0 0 0 0 0 0 0 20 0 
3302 32 0 0 80 42 0 0 0 0 153 113 0 0 1932 0 0 0 0 0 0 0 438 2556 33 560 0 0 13 0 946 0 0 0 935 208 0 0 13 100 13 0 0 0 0 80 0 67 136 531 196 51 0 80 0 0 0 229 0 0 284 0 0 85 64 40 60 64 0 0 0 0 0 0 0 0 1368 983 0 0 0 0 347 2327 0 0 0 0 0 218 882 137 100 32 333 78 0 0 20 292 58 0 508 343 519 100 20 0 0 0 0 298 0 0 0 0 0 1746 100 758 146 567 0 0 1176 67 0 57 320 20 193 0 0 0 0 0 0 0 0 0 13 0 0 0 0 13 0 0 1102 473 0 51 71 167 1366 4026 201 100 360 0 0 40 62 170 0 0 164 16 0 0 0 4728 0 0 0 0 0 0 0 0 410 120 222 0 0 0 0 0 527 0 231 0 0 0 0 0 136 0 64 0 454 0 0 0 0 84 1865 0 0 1653 0 
1510 64 0 0 85 0 0 0 0 0 20 77 0 0 671 0 0 0 0 0 16 0 420 883 0 58 0 0 0 0 126 0 0 0 204 0 0 0 64 0 0 0 0 0 0 0 0 0 104 120 0 0 0 0 0 0 0 51 0 0 0 0 0 40 100 0 0 0 0 0 0 0 0 64 0 0 55 0 0 0 0 0 13 568 0 0 0 0 0 0 99 61 0 0 301 0 0 0 0 20 0 0 106 153 64 0 0 0 0 0 0 70 0 0 0 0 0 881 32 195 0 250 0 0 282 26 0 0 0 0 0 0 0 0 0 0 0 0 0 0 0 0 0 0 0 51 0 0 300 0 0 0 100 80 416 1627 26 0 64 0 0 26 67 80 0 0 0 34 0 0 0 1126 0 0 0 0 0 0 0 0 26 0 16 0 0 0 0 0 0 0 51 0 51 0 0 0 88 0 0 0 64 0 13 0 0 0 362 0 51 0 0 
90 0 0 0 0 0 0 0 0 0 0 0 0 0 0 0 0 0 0 0 0 0 0 238 0 0 0 0 0 0 160 0 0 0 0 0 0 0 0 0 0 0 0 0 0 0 0 0 0 0 0 0 0 0 0 0 0 0 0 0 0 0 0 0 0 0 0 0 0 0 0 0 0 0 0 0 0 0 0 0 0 0 0 0 0 0 0 0 0 100 64 0 0 0 0 0 0 0 0 0 0 0 0 40 16 0 0 0 0 0 0 80 0 0 0 0 0 73 0 80 0 80 0 0 92 0 0 0 0 0 0 0 0 0 0 0 0 0 0 0 0 0 0 0 0 0 0 0 0 0 0 0 0 0 132 393 0 0 0 0 0 0 0 0 0 0 0 0 0 0 0 80 0 0 0 0 0 0 0 0 0 0 0 0 0 0 0 0 0 0 0 0 0 0 0 0 0 0 0 0 0 0 0 0 0 0 64 0 0 0 0 
64 0 0 0 32 0 0 0 0 0 0 20 0 0 64 0 0 0 0 0 0 0 0 78 0 0 0 0 0 0 0 0 0 0 32 0 0 0 0 0 0 0 0 0 0 0 0 0 0 0 26 0 0 0 0 0 0 0 0 0 0 0 0 0 0 0 0 0 0 0 0 0 0 0 0 0 144 0 0 0 0 0 0 40 0 0 0 0 0 0 53 0 0 0 180 0 0 0 0 0 0 0 0 0 0 0 0 0 0 0 0 0 0 0 0 0 0 80 0 0 0 0 0 0 131 0 100 0 0 0 16 0 0 0 0 0 0 0 0 0 0 0 0 0 0 0 0 0 0 0 0 0 0 211 0 64 32 0 0 0 0 0 0 32 0 0 0 0 0 0 0 215 0 0 0 0 0 0 0 0 0 40 0 0 0 0 0 0 0 0 0 0 0 0 0 0 0 0 0 0 0 0 0 0 0 0 32 0 0 0 0 
2523 0 0 0 196 0 0 0 0 0 20 0 0 0 120 0 0 0 0 0 0 0 220 666 64 131 20 0 26 0 211 0 0 0 0 20 0 0 0 64 0 0 0 0 0 64 0 0 40 144 0 0 0 0 0 0 0 0 0 0 40 0 0 0 0 0 96 0 0 0 0 0 0 0 0 0 174 190 32 0 0 0 80 579 51 0 0 0 0 83 708 80 0 0 64 80 0 0 32 16 13 0 64 200 131 0 0 0 0 0 0 0 0 0 0 0 0 1188 0 263 40 196 0 0 252 184 0 132 0 0 0 80 0 0 0 0 0 0 0 0 51 0 0 0 0 0 0 0 306 26 0 0 0 90 560 2573 218 0 0 0 100 0 40 520 0 300 64 0 0 0 0 1503 0 0 0 0 0 0 0 0 0 115 118 0 0 0 0 0 16 0 80 0 53 0 0 0 144 0 0 0 224 0 0 0 0 51 209 0 32 20 0 
233 100 0 0 128 0 0 0 0 0 0 0 0 0 0 0 0 0 0 0 0 0 0 313 26 26 0 0 0 0 169 0 0 0 80 0 0 0 0 26 0 0 0 0 0 0 0 0 0 0 0 0 0 0 0 0 0 0 0 0 32 0 0 0 0 0 0 0 0 0 0 0 0 0 0 0 413 20 0 0 0 0 20 159 0 0 0 0 0 0 0 0 0 0 0 0 0 0 0 0 0 0 300 0 51 0 0 0 0 0 0 0 13 0 0 0 0 812 114 430 0 0 0 0 106 20 0 0 0 0 0 0 13 0 0 0 0 0 0 0 0 0 0 0 0 0 0 0 144 0 0 0 0 40 0 556 64 0 0 0 0 0 32 0 0 0 0 0 0 0 0 121 0 0 0 0 0 0 0 0 0 51 0 0 0 0 0 0 0 0 0 16 40 0 0 0 0 0 80 0 0 0 0 0 0 0 240 0 0 64 0 
0 0 0 0 0 0 0 0 0 0 0 0 0 0 0 0 0 0 0 0 0 0 0 0 0 0 0 0 0 0 0 0 0 0 0 0 0 0 0 0 0 0 0 0 0 0 0 0 0 0 0 0 0 0 0 0 0 0 0 0 0 0 0 0 0 0 0 0 0 0 0 0 0 0 0 0 0 0 0 0 0 0 0 0 0 0 0 0 0 0 0 0 0 0 0 0 0 0 0 0 0 0 0 0 0 0 0 0 0 0 0 0 0 0 0 0 0 0 0 0 0 0 0 0 0 0 0 0 0 0 0 0 0 0 0 0 0 0 0 0 0 0 0 0 0 0 0 0 0 0 0 0 0 0 0 0 0 0 0 0 0 0 0 0 0 0 0 0 0 0 0 0 0 0 0 0 0 0 0 0 0 0 0 0 0 0 0 0 0 0 0 0 0 0 0 0 0 0 0 0 0 0 0 0 0 0 0 0 0 0 0 
0 0 0 0 0 0 0 0 0 0 0 0 0 0 0 0 0 0 0 0 64 0 0 0 0 0 0 0 0 0 0 0 0 0 0 0 0 0 0 0 0 0 0 0 0 0 0 0 0 0 0 0 0 0 0 0 0 0 0 0 0 0 0 0 0 0 0 0 0 0 0 0 0 0 0 0 0 0 0 0 0 0 0 32 0 0 0 0 0 0 0 0 0 0 0 0 0 0 0 0 0 0 0 0 26 0 0 0 0 0 0 0 0 0 0 0 0 100 0 0 0 0 0 0 0 51 0 0 0 0 0 0 0 0 0 0 0 0 0 0 0 0 0 0 0 0 0 0 0 0 0 0 0 0 0 20 0 0 0 0 0 0 0 0 0 0 0 0 0 0 0 0 0 0 0 0 0 0 0 0 0 0 0 0 0 0 0 0 0 0 0 0 0 0 0 0 0 0 0 0 0 0 0 0 0 0 0 0 0 0 0 
77 0 0 0 104 0 0 0 0 0 0 0 0 0 0 0 0 0 0 0 0 0 0 147 0 0 0 0 0 0 51 0 0 0 0 0 0 0 0 0 0 0 0 0 0 0 0 0 16 0 0 51 0 0 0 0 0 0 0 0 0 0 0 0 0 0 0 0 0 0 0 0 0 0 0 0 0 13 0 0 0 0 0 119 0 0 0 0 0 0 0 0 0 0 0 0 0 0 40 0 0 0 0 0 0 0 0 0 0 0 0 64 0 0 0 0 0 302 0 32 0 0 0 0 16 200 0 0 0 0 0 0 0 0 0 0 0 0 0 0 0 0 0 0 0 0 0 0 51 0 0 0 0 0 0 26 80 0 0 0 0 26 0 0 0 0 0 0 0 0 0 258 0 0 64 0 0 0 0 0 0 0 0 0 0 0 0 0 0 0 0 0 32 0 0 0 0 0 26 0 0 0 0 0 0 0 120 0 0 0 0 
92 0 0 0 0 0 0 0 0 0 96 0 0 0 190 0 0 0 0 0 0 0 115 346 0 64 0 0 0 0 157 0 0 0 131 0 0 0 40 0 0 0 0 0 0 0 0 0 20 116 144 0 0 0 0 0 0 0 0 0 16 0 0 51 0 0 0 0 0 0 0 0 0 0 0 0 61 40 0 0 0 0 64 212 0 0 0 0 0 0 32 0 0 0 0 0 0 0 0 0 0 0 0 0 0 0 0 0 0 0 0 0 0 0 0 0 0 194 0 16 0 65 0 0 32 0 0 0 0 0 51 0 0 0 0 0 0 0 0 0 0 0 0 0 0 0 0 80 0 140 102 0 0 64 0 562 325 0 0 0 0 20 0 65 0 0 0 16 0 0 80 524 0 0 0 0 0 0 0 0 40 32 0 0 0 0 0 0 83 0 65 0 0 0 0 0 0 0 0 0 81 0 0 0 0 40 128 0 0 0 0 
332 0 0 0 0 0 0 0 0 0 0 0 0 0 0 0 0 0 0 0 0 0 80 218 0 80 0 0 0 0 83 0 0 0 167 46 0 0 64 0 0 0 0 0 0 0 0 0 0 0 0 0 0 32 0 0 0 120 0 0 0 0 0 0 0 0 0 0 0 0 0 0 0 0 0 0 177 42 0 0 0 0 32 67 0 0 0 0 0 51 256 0 0 0 40 0 0 0 0 0 13 0 0 0 0 0 0 0 0 0 100 96 0 0 0 0 0 221 0 80 0 40 0 0 65 51 0 0 144 0 20 0 0 0 0 0 0 0 0 0 0 0 0 0 0 0 0 0 100 90 0 0 0 0 54 238 121 0 20 0 0 0 115 0 0 0 0 0 0 0 100 137 0 0 0 0 0 0 0 0 0 80 0 0 0 0 0 0 0 0 0 0 51 0 0 0 0 0 0 0 0 0 0 0 0 0 61 0 0 20 0 
0 0 0 0 0 0 0 0 0 0 0 0 0 0 0 0 0 0 0 0 0 0 0 0 0 0 0 0 0 0 0 0 0 0 0 0 0 0 0 0 0 0 0 0 0 0 0 0 0 0 0 0 0 0 0 0 0 0 0 0 0 0 0 0 0 0 0 0 0 0 0 0 0 0 0 0 0 0 0 0 0 0 0 0 0 0 0 0 0 0 0 0 0 0 0 0 0 0 0 0 0 0 0 0 0 0 0 0 0 0 0 0 0 0 0 0 0 0 0 0 0 0 0 0 0 0 0 0 0 0 0 0 0 0 0 0 0 0 0 0 0 0 0 0 0 0 0 0 0 0 0 0 0 0 0 0 0 0 0 0 0 0 0 0 0 0 0 0 0 0 0 0 0 0 0 0 0 0 0 0 0 0 0 0 0 0 0 0 0 0 0 0 0 0 0 0 0 0 0 0 0 0 0 0 0 0 0 0 0 0 0 
864 40 0 0 80 0 0 0 0 0 40 40 0 0 13 0 0 0 0 0 64 0 0 1112 0 115 98 0 0 0 146 0 0 0 332 0 0 0 100 128 0 0 0 0 0 40 0 0 0 359 40 0 0 0 0 0 0 46 0 0 0 0 0 0 0 0 100 0 0 0 0 0 0 0 0 0 206 0 16 0 0 0 16 591 40 0 0 0 0 100 72 170 0 126 281 0 0 0 40 0 0 0 350 16 0 0 51 0 0 0 0 0 0 0 0 0 0 962 0 201 219 136 0 0 431 172 0 65 64 0 0 0 0 0 0 0 0 0 0 0 0 0 0 0 0 0 0 0 331 247 0 0 26 2182 210 1436 148 0 0 0 0 0 0 83 0 0 0 0 0 0 0 1827 0 0 0 0 0 0 0 0 51 26 32 0 0 0 0 0 64 0 0 0 40 0 0 0 0 0 0 0 84 0 51 0 0 80 295 0 0 75 0 
148 0 0 0 64 0 0 0 0 0 0 0 0 0 205 0 0 0 0 0 64 0 20 1488 0 40 0 0 26 0 13 0 0 0 243 0 0 0 0 0 0 0 0 0 0 0 0 0 0 0 0 0 0 0 0 0 0 0 0 0 0 0 0 0 0 0 0 0 0 0 0 0 0 0 0 0 121 126 0 0 0 51 16 514 0 0 0 0 0 0 117 0 0 0 0 0 0 0 0 0 0 0 20 0 77 0 0 0 0 0 0 0 0 0 0 0 0 1129 0 67 0 0 0 0 47 100 0 80 0 0 0 100 0 0 0 0 0 0 0 0 0 0 0 0 0 0 0 0 53 0 0 0 0 32 236 633 93 0 0 0 0 0 51 0 0 26 0 0 0 0 0 312 0 0 0 0 0 0 0 0 0 16 51 0 0 0 0 0 0 0 37 0 16 0 0 0 20 0 0 0 32 0 128 0 0 0 85 0 64 40 0 
429 0 0 0 151 0 0 0 0 0 0 0 0 0 131 0 0 0 0 0 0 0 0 805 0 57 0 0 64 0 582 0 0 0 295 0 0 0 0 51 0 0 0 0 0 0 0 64 108 0 0 0 0 0 0 0 0 51 0 0 0 0 0 0 0 0 64 0 0 0 0 0 0 0 0 0 394 168 0 0 0 0 80 896 0 0 0 0 0 0 136 0 64 100 180 0 0 0 0 0 0 0 532 0 51 0 0 0 0 0 0 0 0 0 80 0 0 761 0 289 51 0 0 0 100 40 0 0 0 0 80 0 0 0 0 0 0 0 0 0 0 0 0 0 100 0 0 0 140 0 0 0 32 259 193 1608 64 0 0 0 0 0 0 90 0 80 40 0 0 0 0 837 0 0 0 0 0 0 0 0 0 0 0 0 0 0 0 0 80 0 0 0 0 0 0 0 0 0 0 0 0 0 0 0 0 32 0 0 20 0 0 
693 0 0 0 46 13 0 0 0 0 0 0 0 0 208 0 0 0 0 0 0 0 26 766 16 13 0 0 0 0 0 0 0 0 220 0 0 0 64 42 0 0 0 0 0 20 0 0 0 0 40 137 0 0 0 0 0 0 0 0 0 0 0 0 80 0 16 26 0 20 0 0 0 0 0 0 409 16 0 0 0 0 0 279 0 0 0 0 0 84 275 64 0 0 32 0 0 0 13 13 0 0 207 0 64 51 0 0 20 0 0 152 0 0 0 80 0 573 80 184 141 37 0 0 127 46 0 0 80 0 0 0 0 0 0 0 0 0 0 0 0 0 0 0 0 0 0 0 32 92 0 0 0 16 110 520 131 0 51 0 0 0 40 195 0 0 0 0 0 0 64 727 0 26 0 0 0 0 0 0 104 32 16 0 0 0 0 0 0 0 26 0 16 0 0 0 32 0 51 0 61 26 32 0 0 16 139 0 0 40 0 
129 0 0 0 0 0 0 0 0 0 0 0 0 0 13 0 0 0 0 0 0 0 0 144 0 0 0 0 0 0 64 0 0 0 100 0 0 0 0 0 0 0 0 0 0 0 0 0 0 0 0 0 0 0 0 0 0 0 0 0 0 0 0 0 0 0 0 0 0 0 0 0 0 0 0 0 0 20 0 0 0 0 0 0 0 0 0 0 0 0 0 0 0 0 16 13 0 0 0 0 13 0 0 0 0 0 0 0 0 0 0 0 0 0 0 0 0 52 0 0 0 0 0 0 0 0 0 100 0 0 0 0 0 0 0 0 0 0 0 0 0 0 0 0 0 0 0 0 0 0 0 0 0 64 0 0 100 0 0 0 0 0 0 0 0 0 0 0 0 0 0 26 0 0 0 0 0 0 0 0 0 0 0 0 0 0 0 0 0 40 0 0 0 0 0 0 0 0 0 0 0 0 0 0 0 0 0 0 0 0 0 
51 0 0 0 0 0 0 0 0 0 0 0 0 0 0 0 0 0 0 0 0 0 0 0 0 16 0 0 0 0 32 0 0 0 0 0 0 0 0 0 0 0 0 0 0 0 0 0 0 0 0 0 0 0 0 0 0 0 0 0 0 0 0 0 0 0 0 0 0 0 0 0 0 0 0 0 0 0 0 0 0 0 0 0 0 0 0 0 0 0 100 0 0 0 0 0 0 0 0 0 0 0 0 0 0 0 0 0 0 0 0 0 0 0 0 0 0 0 0 0 0 0 0 0 0 0 0 0 0 0 0 0 0 0 0 0 0 0 0 0 0 0 0 0 0 0 0 0 0 0 0 0 64 0 0 0 0 0 0 0 0 0 0 0 0 0 0 0 0 0 0 26 0 0 0 0 0 0 0 0 0 0 0 0 0 0 0 0 0 0 0 0 0 0 0 0 0 0 0 0 0 0 0 0 0 0 0 0 0 0 0 
0 0 0 0 0 0 0 0 0 0 0 0 0 0 0 0 0 0 0 0 0 0 0 0 0 0 0 0 0 0 0 0 0 0 0 0 0 0 0 0 0 0 0 0 0 0 0 0 0 0 0 0 0 0 0 0 0 0 0 0 0 0 0 0 0 0 0 0 0 0 0 0 0 0 0 0 0 0 0 0 0 0 0 0 0 0 0 0 0 0 0 0 0 0 0 0 0 0 0 0 0 0 0 0 112 0 0 0 0 0 0 0 0 0 51 0 0 0 0 0 0 0 0 0 0 0 0 0 0 0 0 0 0 0 0 0 0 0 0 0 0 0 0 0 0 0 0 0 0 0 0 0 0 20 0 16 0 0 0 0 0 0 0 0 0 0 0 0 0 0 0 0 0 0 0 0 0 0 0 0 0 0 0 0 0 0 0 0 0 0 0 0 0 0 0 0 0 0 0 0 0 0 0 0 0 0 0 0 0 0 0 
0 0 0 0 0 0 0 0 0 0 0 0 0 0 0 0 0 0 0 0 0 0 0 0 0 0 0 0 0 0 0 0 0 0 0 0 0 0 0 0 0 0 0 0 0 0 0 0 0 0 0 0 0 0 0 0 0 0 0 0 0 0 0 0 0 0 0 0 0 0 0 0 0 0 0 0 0 0 0 0 0 0 0 0 0 0 0 0 0 0 0 0 0 0 0 0 0 0 0 0 0 0 0 0 0 0 0 0 0 0 0 0 0 0 0 0 0 0 0 0 0 0 0 0 0 0 0 0 0 0 0 0 0 0 0 0 0 0 0 0 0 0 0 0 0 0 0 0 0 0 0 0 0 0 0 0 0 0 0 0 0 0 0 0 0 0 0 0 0 0 0 0 0 0 0 0 0 0 0 0 0 0 0 0 0 0 0 0 0 0 0 0 0 0 0 0 0 0 0 0 0 0 0 0 0 0 0 0 0 0 0 
0 0 0 0 0 0 0 0 64 0 0 0 0 0 0 0 0 0 0 0 0 0 13 80 0 0 0 0 0 0 16 0 0 0 0 0 0 0 0 0 0 0 0 0 0 0 0 0 0 0 0 0 0 0 0 0 0 0 0 0 0 0 0 0 0 0 0 0 0 0 0 0 0 100 0 0 26 20 0 0 0 0 0 0 0 0 0 0 0 0 0 0 0 0 0 0 0 0 0 0 0 0 0 0 0 0 0 0 0 0 0 0 0 0 0 51 0 40 0 0 0 0 0 0 0 0 0 0 0 0 0 0 0 0 0 0 0 0 0 0 0 0 0 0 0 0 0 0 0 0 0 0 0 0 0 16 0 0 0 0 0 0 0 0 0 0 0 0 0 0 0 93 0 0 0 0 0 0 0 0 51 0 0 0 0 0 0 0 0 0 0 0 0 0 0 0 0 0 0 0 0 0 0 0 0 0 0 0 0 0 0 
332 0 0 0 0 0 0 0 0 0 20 0 0 0 294 0 0 0 0 0 80 0 182 384 0 118 40 0 0 0 59 0 0 0 509 0 0 0 90 0 0 0 0 0 0 32 0 0 113 263 344 0 0 20 0 0 0 100 0 0 122 0 0 0 26 0 0 0 0 0 0 0 0 40 0 0 319 112 13 0 0 51 32 785 0 32 0 0 0 121 167 20 0 0 122 0 0 0 0 53 144 0 500 65 46 0 0 0 0 0 0 268 0 0 80 0 0 925 0 286 0 120 0 0 751 340 26 0 64 0 0 0 0 0 0 0 0 0 0 0 0 0 0 0 0 0 0 100 0 16 40 0 400 252 138 1303 51 0 128 0 0 0 75 33 0 0 0 0 0 0 20 902 0 0 26 0 26 0 0 0 51 13 216 0 0 0 0 0 64 0 0 0 0 0 0 0 16 0 0 0 16 0 0 0 0 144 256 0 0 100 0 
120 0 0 0 0 0 0 0 0 0 0 0 0 0 32 0 0 0 0 0 0 0 0 16 0 80 0 0 0 0 32 0 0 0 0 0 0 0 0 0 0 0 0 0 0 0 0 0 0 0 180 51 0 0 0 0 0 0 0 0 0 0 0 0 0 0 0 0 0 0 0 0 0 0 0 0 0 0 0 0 0 0 0 120 0 0 0 0 0 0 0 0 0 0 51 0 0 0 0 0 0 0 0 0 0 0 0 0 0 0 0 0 0 0 0 0 0 16 0 0 0 0 0 0 0 0 0 0 0 0 0 0 0 0 0 0 0 0 0 0 20 100 0 0 0 0 0 0 51 0 0 0 0 0 0 120 32 0 0 0 0 0 0 0 0 0 0 0 0 0 0 161 0 0 0 0 0 0 0 0 0 0 0 0 0 0 0 0 80 0 0 0 0 0 0 0 0 0 0 0 0 0 0 0 0 0 0 0 0 64 0 
0 0 0 0 0 0 0 0 0 0 0 13 0 0 0 0 0 0 0 0 0 0 0 0 0 0 0 0 0 0 0 0 0 0 20 0 0 0 0 0 0 0 0 0 0 0 0 0 0 0 0 0 0 0 0 0 0 0 0 0 0 0 0 0 0 0 0 0 0 0 0 0 0 0 0 0 40 0 0 0 0 0 0 0 0 0 0 0 0 0 0 0 0 80 0 0 0 0 0 51 0 0 0 0 0 0 0 0 0 0 0 0 0 0 0 0 0 100 0 64 0 0 0 0 0 0 0 0 0 0 0 0 0 0 0 0 0 0 0 0 0 0 0 0 0 0 0 0 0 0 0 0 0 0 0 100 0 0 0 0 0 0 0 0 0 0 0 0 0 0 0 64 0 0 0 0 0 0 0 0 0 0 0 0 0 0 0 0 0 0 0 0 0 0 0 0 0 0 0 0 0 0 0 0 0 0 100 0 0 0 0 
360 0 0 0 0 0 0 0 0 0 0 0 0 0 0 0 0 0 0 0 0 0 0 0 0 40 0 0 0 0 0 0 0 0 0 0 0 0 0 0 0 0 0 0 0 0 0 0 0 0 0 0 0 0 0 0 0 0 0 0 0 0 0 0 128 0 0 0 0 0 0 0 0 0 0 0 0 0 0 0 0 0 0 51 0 0 0 0 0 0 0 0 0 0 0 0 0 0 0 0 0 0 0 0 80 0 0 0 0 0 0 0 0 0 0 0 0 132 0 0 0 0 0 0 0 0 0 0 0 0 0 32 0 0 0 0 0 0 0 0 0 0 0 0 0 0 0 0 0 0 0 0 0 51 51 154 0 0 0 0 0 0 0 0 0 0 0 32 0 0 0 80 0 0 0 0 0 0 0 0 0 0 0 0 0 0 0 0 0 0 0 0 0 0 0 0 0 0 0 0 0 0 0 0 0 0 0 0 0 0 0 
57 0 0 0 0 0 0 0 0 0 0 0 0 0 240 0 0 0 0 0 80 0 112 132 0 0 0 0 0 0 0 0 0 0 364 0 0 0 0 0 0 0 0 0 0 0 0 0 0 0 100 0 0 0 0 0 0 0 0 0 0 0 0 0 32 0 0 0 0 40 0 0 0 0 0 0 0 92 0 0 0 0 0 154 0 20 0 0 0 0 20 0 0 0 0 16 0 0 0 0 0 0 64 0 13 0 0 0 0 0 0 0 0 0 0 0 0 472 0 100 0 0 0 0 147 0 0 0 13 0 0 0 0 0 0 0 0 0 0 0 0 0 0 0 0 0 0 0 42 0 0 0 0 84 127 287 0 0 0 0 0 0 0 0 0 0 20 0 0 0 0 232 0 0 0 0 0 0 0 0 0 0 0 0 0 0 0 0 0 0 0 0 0 0 0 0 0 0 0 0 40 0 0 0 0 0 94 0 0 77 0 
0 0 0 0 0 0 0 0 0 0 0 0 0 0 0 0 0 0 0 0 0 0 0 0 0 0 0 0 0 0 0 0 0 0 0 0 0 0 0 0 0 0 0 0 0 0 0 0 0 0 0 0 0 0 0 0 0 0 0 0 0 0 0 0 0 0 0 0 0 0 0 0 0 0 0 0 0 0 0 0 0 0 0 0 0 0 0 0 0 0 0 0 0 0 0 0 0 0 0 0 0 0 0 0 0 0 0 0 0 0 0 0 0 0 0 0 0 0 0 0 0 0 0 0 0 0 0 0 0 0 0 0 0 0 0 0 0 0 0 0 0 0 0 0 0 0 0 0 0 0 0 0 0 0 0 0 0 0 0 0 0 0 0 0 0 0 0 0 0 0 0 0 0 0 0 0 0 0 0 0 0 0 0 0 0 0 0 0 0 0 0 0 0 0 0 0 0 0 0 0 0 0 0 0 0 0 0 0 0 0 0 
7769 0 0 0 223 0 0 0 0 39 274 46 0 0 2559 0 0 0 0 0 217 0 1025 10522 576 1708 259 0 467 13 2037 13 0 0 1610 153 51 0 93 163 32 0 0 122 0 217 0 164 391 872 69 416 0 0 0 0 0 404 16 0 144 0 0 49 0 47 457 80 0 0 51 0 0 64 0 0 1914 949 61 0 0 0 491 5858 0 126 0 0 0 248 2426 853 190 77 532 112 0 0 30 389 233 0 568 327 306 481 16 0 80 0 0 756 0 0 32 0 0 6313 32 1680 280 1111 0 0 2826 536 152 899 260 32 307 39 64 0 0 0 0 0 0 0 181 0 0 0 0 250 13 0 1191 607 0 16 632 698 3421 24000 1696 0 0 0 32 1084 485 1503 0 600 174 172 0 0 58 5510 0 0 182 112 61 0 0 0 244 226 964 0 80 0 0 0 953 40 197 26 546 0 0 192 2097 0 137 0 1109 13 131 0 245 64 2027 138 129 933 0 
73 0 0 0 0 0 0 0 0 0 0 0 0 0 145 0 0 0 0 0 0 0 0 209 40 0 0 0 0 0 0 0 0 0 113 0 0 0 0 0 0 0 0 0 0 0 0 0 0 200 0 0 0 0 0 0 0 0 0 0 13 0 0 0 0 0 0 0 0 0 0 0 0 0 0 0 20 226 0 0 0 0 0 279 0 0 0 0 0 164 0 0 0 0 0 0 0 0 16 0 0 0 0 0 0 0 0 0 0 0 0 0 0 0 0 0 0 83 0 51 80 0 0 0 0 0 0 0 26 32 0 0 80 0 0 0 0 0 0 0 0 0 0 0 0 0 0 0 0 0 0 0 0 0 54 616 0 0 0 0 0 0 51 0 0 0 0 0 0 0 0 79 0 0 0 0 0 0 0 0 0 0 0 0 0 0 0 0 0 0 0 0 0 0 0 0 0 0 0 0 0 0 0 0 0 0 251 0 0 0 0 
2504 0 0 0 26 0 0 0 0 26 425 26 0 0 39 100 0 0 0 0 0 0 202 1582 100 604 0 0 0 0 560 0 0 0 657 32 0 0 104 32 51 0 0 51 0 0 0 100 64 374 160 176 0 0 0 0 0 163 0 0 0 0 81 0 100 49 58 26 0 0 80 0 0 40 0 0 315 145 0 0 0 0 179 1020 80 0 0 0 0 193 658 204 168 0 148 151 0 0 0 0 92 0 172 136 93 52 0 0 0 0 0 77 20 0 0 0 0 2430 0 424 110 804 0 40 458 496 0 0 53 0 34 160 0 0 0 0 0 0 0 0 64 0 0 0 0 20 64 0 178 90 0 51 241 93 699 9287 230 20 51 0 0 141 174 415 0 0 64 140 0 0 0 1650 0 26 64 0 80 0 0 0 190 26 0 0 0 0 0 0 100 64 92 0 391 0 0 16 291 0 128 0 96 0 0 0 20 0 917 0 121 239 0 
379 0 0 0 116 0 0 0 0 0 0 32 0 0 0 0 0 0 0 0 0 0 0 599 0 0 0 0 0 0 40 0 0 0 0 0 0 0 0 213 0 0 0 0 0 0 0 16 0 193 83 0 0 0 0 0 0 0 0 0 0 0 0 0 0 0 100 40 0 20 0 0 0 0 0 0 340 131 0 0 0 0 100 290 0 0 0 0 0 80 80 64 0 0 0 0 0 0 0 0 0 0 1520 80 0 64 26 0 0 0 0 0 0 0 0 64 0 460 0 13 26 26 0 0 161 0 0 0 0 0 0 0 0 0 0 0 0 0 0 0 0 0 0 0 0 0 0 0 93 176 0 0 0 0 13 1038 160 0 0 0 0 0 51 100 0 0 0 0 0 0 0 829 0 0 0 0 100 0 0 0 13 0 0 0 0 0 0 0 92 0 20 0 0 0 0 0 32 0 0 0 0 0 0 0 0 0 13 0 0 0 0 
944 226 0 0 120 0 0 0 0 0 67 0 0 0 214 0 0 0 0 0 51 0 181 1108 383 56 0 0 64 0 366 0 0 0 465 51 0 0 32 0 0 0 0 0 0 16 0 32 0 273 200 0 0 100 0 0 0 264 0 0 30 0 0 0 0 0 119 0 0 0 32 0 0 0 0 0 110 181 0 0 0 64 34 888 0 32 0 0 0 121 351 199 0 0 16 0 0 0 0 234 100 0 712 32 42 100 0 0 0 0 0 13 0 0 0 0 0 3048 0 336 148 259 0 0 532 184 164 37 134 51 96 0 0 0 0 0 0 0 0 0 0 0 0 0 0 0 0 0 0 96 0 0 244 20 481 1673 83 0 0 0 0 457 80 0 0 93 0 64 0 0 77 1369 0 80 40 0 0 0 0 0 73 32 73 0 0 0 0 0 51 0 160 0 118 0 32 0 309 0 0 0 538 0 61 0 0 0 816 0 80 211 0 
0 0 0 0 0 0 0 0 0 0 0 0 0 0 0 0 0 0 0 0 0 0 0 0 0 0 0 0 0 0 0 0 0 0 0 0 0 0 0 0 0 0 0 0 0 0 0 0 0 0 0 0 0 0 0 0 0 0 0 0 0 0 0 0 0 0 0 0 0 0 0 0 0 0 0 0 0 0 0 0 0 0 0 0 0 0 0 0 0 0 0 0 0 0 0 0 0 0 0 0 0 0 0 0 0 0 0 0 0 0 0 0 0 0 0 0 0 0 0 0 0 0 0 0 0 0 0 0 0 0 0 0 0 0 0 0 0 0 0 0 0 0 0 0 0 0 0 0 0 0 0 0 0 0 0 0 0 0 0 0 0 0 0 0 0 0 0 0 0 0 0 0 0 0 0 0 0 0 0 0 0 0 0 0 0 0 0 0 0 0 0 0 0 0 0 0 0 0 0 0 0 0 0 0 0 0 0 0 0 0 0 
0 0 0 0 0 0 0 0 0 80 0 0 0 0 0 0 0 0 0 0 0 0 0 32 0 0 0 0 0 0 0 0 0 0 0 0 0 0 0 0 0 0 0 0 0 0 0 0 0 0 0 0 0 0 0 0 0 0 0 0 0 0 0 0 0 0 0 0 0 0 0 0 0 0 0 0 0 0 0 0 0 0 0 0 0 0 0 0 0 0 0 0 0 0 0 0 0 0 0 0 0 0 0 0 0 0 0 0 0 0 0 0 0 0 0 0 0 0 0 0 0 0 0 0 0 0 0 0 0 0 0 0 0 0 0 0 0 0 0 0 0 0 0 0 0 0 0 0 0 0 0 0 0 0 0 84 0 0 0 0 0 0 0 0 0 0 0 26 0 0 0 0 0 0 0 0 0 0 0 0 0 0 0 0 0 0 0 0 0 0 0 0 0 0 0 0 0 0 0 0 0 0 0 0 0 0 0 0 0 0 0 
1931 0 0 0 0 80 0 0 0 64 80 0 0 0 263 0 0 0 0 0 57 0 444 1394 0 544 0 0 351 0 782 0 0 0 359 0 0 0 92 160 0 100 0 0 0 46 0 0 106 137 83 173 0 0 0 0 0 0 80 0 0 0 0 0 0 0 80 0 0 0 0 0 0 0 0 0 1129 271 0 0 0 0 280 1809 0 64 0 0 0 199 939 0 0 172 360 112 0 0 0 183 153 0 308 195 40 0 40 0 0 0 0 205 0 0 13 0 0 2179 20 440 80 161 0 0 1675 389 100 0 158 40 0 40 0 0 0 0 0 0 0 0 51 0 0 0 0 93 40 26 283 286 73 200 213 102 482 3703 491 0 0 0 0 32 306 64 0 40 0 0 0 0 174 2333 0 0 0 0 0 0 0 0 32 204 32 0 0 0 0 0 272 0 0 0 198 0 0 0 576 0 32 0 154 80 0 0 0 67 603 0 110 337 0 
280 0 0 0 16 0 0 0 0 26 0 0 0 0 88 0 0 0 0 0 80 0 0 354 0 0 0 0 0 0 57 0 0 0 42 0 0 0 104 0 0 0 0 0 0 0 0 0 80 16 0 64 0 0 0 0 0 0 0 0 0 0 0 0 0 0 0 0 0 0 0 0 0 0 0 0 186 104 0 0 0 0 0 439 0 40 0 0 0 80 163 144 0 16 13 0 0 0 32 0 0 0 16 0 84 51 13 0 0 0 0 0 0 0 0 20 0 594 0 93 26 51 0 0 305 51 0 0 80 0 13 0 0 0 0 0 0 0 0 0 51 0 0 0 0 0 0 0 118 53 0 0 0 264 240 656 34 0 0 0 0 0 80 0 0 0 0 0 0 0 0 419 0 0 80 0 0 0 0 0 0 0 0 0 0 0 0 0 0 0 13 0 0 0 0 0 49 0 80 0 192 0 0 0 0 0 72 0 0 104 0 
64 0 0 0 40 0 0 0 0 0 0 0 0 0 80 0 0 0 0 0 0 0 0 90 32 0 0 0 0 0 0 0 0 0 0 0 0 0 0 0 51 0 0 0 0 0 16 0 0 0 0 0 0 0 0 0 0 0 0 0 0 0 0 0 0 0 0 0 0 0 0 0 0 0 0 0 46 0 64 0 0 0 0 0 0 0 0 0 0 0 100 0 0 0 0 0 0 0 0 40 0 0 0 0 0 0 0 0 0 0 0 0 0 0 0 0 0 205 0 0 0 0 0 0 100 0 80 0 0 0 0 0 0 0 0 0 0 0 0 0 0 0 0 0 0 0 0 0 0 40 0 0 0 0 16 164 0 0 0 0 0 0 0 51 0 0 0 0 0 0 0 1595 0 0 0 0 0 0 0 0 51 0 0 0 0 0 0 0 0 0 0 0 0 0 0 0 0 0 0 0 0 0 0 0 0 0 20 0 0 0 0 
184 0 0 0 13 0 0 0 0 80 0 0 0 0 58 0 0 0 0 0 0 0 0 247 0 80 0 0 0 0 144 0 0 0 305 0 0 0 0 90 0 0 0 0 0 0 0 0 0 0 0 0 0 0 0 0 0 0 0 0 0 0 0 0 0 0 0 0 0 0 0 0 0 0 0 0 0 32 0 0 0 0 0 0 0 0 0 0 0 13 0 0 0 51 0 0 0 0 0 0 0 0 131 0 0 64 0 0 0 0 0 0 0 0 0 0 0 139 0 0 51 0 0 0 126 0 40 83 30 0 0 0 0 0 0 0 0 0 0 0 0 0 0 0 0 0 0 0 0 64 0 0 0 0 40 310 0 0 0 0 0 26 0 0 0 26 0 0 0 0 0 204 0 0 0 0 0 0 0 0 0 0 51 0 0 0 0 0 13 0 0 0 0 0 0 0 0 0 0 0 0 0 0 0 0 0 0 0 0 0 0 
728 64 0 0 0 0 0 0 0 0 0 0 0 0 280 0 0 0 0 0 0 0 93 675 0 40 0 0 0 0 215 0 0 0 182 0 0 0 0 20 0 0 0 64 0 100 0 0 100 92 0 0 0 0 0 0 0 0 0 0 16 0 0 0 0 0 0 0 0 0 0 0 0 0 0 0 499 259 0 0 0 0 0 790 0 0 0 0 0 151 371 0 0 0 67 112 0 0 0 51 0 0 0 0 100 0 0 0 0 0 0 83 0 0 0 0 0 1918 0 277 40 282 0 0 135 32 0 106 0 0 0 0 0 0 0 0 0 0 0 0 0 0 0 0 0 51 0 0 32 40 0 0 0 26 413 1513 40 0 0 0 0 32 100 140 0 0 0 0 0 0 0 1084 0 13 0 0 0 0 0 0 16 13 0 0 0 0 0 0 100 0 0 0 26 0 0 0 0 0 20 0 115 65 0 0 0 0 556 0 104 0 0 
80 0 0 0 0 0 0 0 0 0 0 13 0 0 0 0 0 0 0 0 0 0 0 40 0 0 0 0 0 0 0 0 0 0 0 0 0 0 0 0 0 0 0 0 0 0 0 0 0 0 0 0 0 0 0 0 0 0 0 0 0 0 0 0 0 0 0 0 0 0 0 0 0 0 0 0 80 0 0 0 0 0 0 100 0 0 0 0 0 0 0 0 0 0 40 0 0 0 64 0 0 0 0 0 0 0 0 0 0 0 0 0 0 0 0 0 0 0 0 0 0 0 0 0 0 0 0 0 0 0 0 0 0 0 0 0 0 0 0 0 16 0 0 0 0 40 0 0 0 0 0 0 0 0 0 93 0 0 0 0 0 0 0 0 0 32 0 0 0 0 0 0 0 0 0 0 0 0 0 0 0 0 0 0 0 0 0 0 0 0 0 0 0 0 0 0 26 0 0 0 0 0 0 0 0 0 100 0 0 0 0 
367 0 0 0 0 0 0 0 0 0 80 0 0 0 0 0 0 0 0 0 0 0 34 392 0 0 0 0 0 0 0 0 0 0 64 0 0 0 0 80 0 0 0 0 0 0 0 0 0 26 0 0 0 0 0 0 0 26 0 0 0 0 0 16 0 80 0 0 0 0 0 0 0 0 0 0 0 0 0 0 0 0 0 338 51 0 0 0 0 13 300 0 0 0 142 16 0 0 0 0 0 0 13 0 0 0 0 0 0 0 0 32 0 0 0 51 0 317 0 100 0 0 0 0 32 0 0 51 0 0 80 0 0 0 0 0 0 0 0 0 0 0 0 0 0 0 0 0 0 100 0 0 0 0 67 1305 151 0 0 0 0 0 0 100 0 0 51 0 0 0 0 242 0 0 0 0 0 0 0 0 0 13 0 0 80 0 0 0 51 0 0 0 0 0 80 0 100 0 0 0 16 0 0 0 0 0 635 0 0 0 0 
183 0 0 0 0 0 0 0 0 0 0 0 0 0 176 0 0 0 0 0 0 0 0 116 80 0 0 0 0 0 0 0 0 0 0 0 0 0 0 0 0 0 0 0 0 0 0 0 0 0 0 0 0 0 0 0 0 0 0 0 80 0 0 0 0 0 0 0 0 0 0 0 0 0 0 0 20 32 0 0 0 100 0 294 0 0 0 0 0 0 160 0 0 0 0 51 0 0 0 0 13 0 0 0 0 40 0 0 13 0 0 0 0 0 0 0 0 746 65 13 0 0 0 0 32 0 0 0 0 0 0 0 0 0 0 0 0 0 0 0 0 0 0 0 0 0 0 0 32 0 0 0 0 0 124 184 96 0 0 0 0 0 26 80 0 0 0 0 0 0 0 96 0 64 0 0 0 0 0 0 0 20 0 0 0 0 0 0 16 0 0 0 100 0 0 0 0 0 0 0 0 0 0 0 0 0 42 0 64 0 0 
40 0 0 0 0 0 0 0 0 0 0 0 0 0 0 0 0 0 0 0 0 0 0 20 0 0 0 0 0 0 0 0 0 0 80 0 0 0 0 0 0 0 0 0 0 0 0 0 0 0 0 0 0 0 0 0 0 0 0 0 0 0 0 0 0 0 0 0 0 0 0 0 0 0 0 0 51 16 0 0 0 0 0 0 0 0 0 0 0 0 0 13 0 0 0 0 0 0 0 0 0 0 0 0 0 0 0 0 0 0 0 0 0 0 0 0 0 52 0 13 0 0 0 0 100 0 0 0 16 0 0 0 0 0 0 0 0 0 0 0 0 0 0 0 0 0 0 0 0 0 0 0 0 0 64 256 0 0 0 0 0 0 0 0 0 0 0 0 0 0 0 100 0 0 0 0 0 0 0 0 0 0 0 0 0 0 0 0 0 0 0 0 0 0 0 0 0 0 0 0 0 0 0 0 0 0 64 0 0 0 0 
0 0 0 0 0 0 0 0 0 0 0 0 0 0 0 0 0 0 0 0 0 0 0 0 0 0 0 0 0 0 0 0 0 0 0 0 0 0 0 0 0 0 0 0 0 0 0 0 0 0 0 0 0 0 0 0 0 0 0 0 0 0 0 0 0 0 0 0 0 0 0 0 0 0 0 0 0 0 0 0 0 0 0 0 0 0 0 0 0 0 0 0 0 0 0 0 0 0 0 0 0 0 0 0 0 0 0 0 0 0 0 0 0 0 0 0 0 0 0 0 0 0 0 0 0 0 0 0 0 0 0 0 0 0 0 0 0 0 0 0 0 0 0 0 0 0 0 0 0 0 0 0 0 0 0 0 0 0 0 0 0 0 0 0 0 0 0 0 0 0 0 0 0 0 0 0 0 0 0 0 0 0 0 0 0 0 0 0 0 0 0 0 0 0 0 0 0 0 0 0 0 0 0 0 0 0 0 0 0 0 0 
0 0 0 0 0 0 0 0 0 0 0 0 0 0 0 0 0 0 0 0 0 0 0 40 0 0 0 0 0 0 0 0 0 0 0 0 0 0 0 0 0 0 0 0 0 0 0 0 0 0 0 0 0 0 0 0 0 0 0 0 0 0 0 0 0 0 0 0 0 0 0 0 0 0 0 0 0 0 0 0 0 0 0 80 0 0 0 0 0 0 0 0 0 0 0 0 0 0 0 0 0 0 0 0 0 0 0 0 0 0 0 0 0 0 0 0 0 0 0 0 0 0 0 0 0 0 0 0 0 0 0 0 0 0 0 0 0 0 0 0 0 0 0 0 0 0 0 0 0 0 0 0 0 0 0 0 0 0 0 0 0 0 0 64 0 0 0 0 0 0 0 0 0 0 0 0 0 0 0 0 0 0 0 0 0 0 0 0 0 0 0 0 0 0 0 0 0 0 0 0 0 0 0 0 0 0 0 0 0 0 0 
0 0 0 0 0 0 0 0 0 0 0 0 0 0 0 0 0 0 0 0 0 0 0 0 0 0 0 0 0 0 0 0 0 0 0 0 0 0 0 0 0 0 0 0 0 0 0 0 0 0 0 0 0 0 0 0 0 0 0 0 0 0 0 0 0 0 0 0 0 0 0 0 0 0 0 0 0 0 0 0 0 0 0 0 0 0 0 0 0 0 0 0 0 0 0 0 0 0 0 0 0 0 0 0 0 0 0 0 0 0 0 0 0 0 0 0 0 0 0 0 0 0 0 0 0 0 0 0 0 0 0 0 0 0 0 0 0 0 0 0 0 0 0 0 0 0 0 0 0 0 0 0 0 0 0 0 0 0 0 0 0 0 0 0 0 0 0 0 0 0 0 0 0 0 0 0 0 0 0 0 0 0 0 0 0 0 0 0 0 0 0 0 0 0 0 0 0 0 0 0 0 0 0 0 0 0 0 0 0 0 0 
0 0 0 0 0 0 0 0 0 0 0 0 0 0 0 0 0 0 0 0 0 0 0 0 0 0 0 0 0 0 0 0 0 0 0 0 0 0 0 0 0 0 0 0 0 0 0 0 0 0 0 0 0 0 0 0 0 0 0 0 0 0 0 0 0 0 0 0 0 0 0 0 0 0 0 0 0 0 0 0 0 0 0 0 0 0 0 0 0 0 0 0 0 0 0 0 0 0 0 0 0 0 0 0 0 0 0 0 0 0 0 0 0 0 0 0 0 0 0 0 0 0 0 0 0 0 0 0 0 0 0 0 0 0 0 0 0 0 0 0 0 0 0 0 0 0 0 0 0 0 0 0 0 0 0 0 0 0 0 0 0 0 0 0 0 0 0 0 0 0 0 0 0 0 0 0 0 0 0 0 0 0 0 0 0 0 0 0 0 0 0 0 0 0 0 0 0 0 0 0 0 0 0 0 0 0 0 0 0 0 0 
0 0 0 0 0 0 0 0 0 0 0 0 0 0 0 0 0 0 0 0 0 0 0 0 0 0 0 0 0 0 0 0 0 0 0 0 0 0 0 0 0 0 0 0 0 0 0 0 0 0 0 0 0 0 0 0 0 0 0 0 0 0 0 0 0 0 0 0 0 0 0 0 0 0 0 0 0 0 0 0 0 0 0 0 0 0 0 0 0 0 0 0 0 0 0 0 0 0 0 0 0 0 0 0 0 0 0 0 0 0 0 0 0 0 0 0 0 0 0 0 0 0 0 0 0 0 0 0 0 0 0 0 0 0 0 0 0 0 0 0 0 0 0 0 0 0 0 0 0 0 0 0 0 0 0 0 0 0 0 0 0 0 0 0 0 0 0 0 0 0 0 0 0 0 0 0 0 0 0 0 0 0 0 0 0 0 0 0 0 0 0 0 0 0 0 0 0 0 0 0 0 0 0 0 0 0 0 0 0 0 0 
0 0 0 0 0 0 0 0 0 0 0 0 0 0 0 0 0 0 0 0 0 0 0 0 0 0 0 0 0 0 0 0 0 0 0 0 0 0 0 0 0 0 0 0 0 0 0 0 0 0 0 0 0 0 0 0 0 0 0 0 0 0 0 0 0 0 0 0 0 0 0 0 0 0 0 0 0 0 0 0 0 0 0 0 0 0 0 0 0 0 0 0 0 0 0 0 0 0 0 0 0 0 0 0 0 0 0 0 0 0 0 0 0 0 0 0 0 0 0 0 0 0 0 0 0 0 0 0 0 0 0 0 0 0 0 0 0 0 0 0 0 0 0 0 0 0 0 0 0 0 0 0 0 0 0 0 0 0 0 0 0 0 0 0 0 0 0 0 0 0 0 0 0 0 0 0 0 0 0 0 0 0 0 0 0 0 0 0 0 0 0 0 0 0 0 0 0 0 0 0 0 0 0 0 0 0 0 0 0 0 0 
0 0 0 0 0 0 0 0 0 0 0 0 0 0 0 0 0 0 0 0 0 0 0 0 0 0 0 0 0 0 0 0 0 0 0 0 0 0 0 0 0 0 0 0 0 0 0 0 0 0 0 0 0 0 0 0 0 0 0 0 0 0 0 0 0 0 0 0 0 0 0 0 0 0 0 0 0 0 0 0 0 0 0 0 0 0 0 0 0 0 0 0 0 0 0 0 0 0 0 0 0 0 0 0 0 0 0 0 0 0 0 0 0 0 0 0 0 0 0 0 0 0 0 0 0 0 0 0 0 0 0 0 0 0 0 0 0 0 0 0 0 0 0 0 0 0 0 0 0 0 0 0 0 0 0 0 0 0 0 0 0 0 0 0 0 0 0 0 0 0 0 0 0 0 0 0 0 0 0 0 0 0 0 0 0 0 0 0 0 0 0 0 0 0 0 0 0 0 0 0 0 0 0 0 0 0 0 0 0 0 0 
294 0 0 0 100 0 0 0 0 0 0 0 0 0 51 0 0 0 0 0 0 0 0 466 0 0 0 0 0 0 129 0 0 0 100 0 0 0 0 100 0 0 0 0 0 0 0 0 0 96 0 0 0 0 0 0 0 0 0 0 0 0 0 0 0 0 0 0 0 0 0 0 0 0 0 0 92 0 0 0 0 0 0 194 0 0 0 0 0 0 40 0 0 0 0 0 0 0 0 0 0 0 80 0 0 0 0 0 0 0 0 0 0 0 0 0 0 206 0 16 100 0 0 0 20 32 0 0 0 0 0 0 0 0 0 0 0 0 0 0 13 0 0 0 0 0 0 13 0 0 0 0 0 51 93 728 13 0 0 0 0 0 58 0 0 0 0 0 0 0 0 720 0 26 0 0 0 0 0 0 0 0 0 0 0 0 0 0 0 0 0 0 40 0 0 0 0 0 0 0 0 0 0 0 0 0 58 0 0 0 0 
100 0 0 0 0 0 0 0 0 0 0 0 0 0 0 0 0 0 0 0 0 0 0 13 0 0 0 0 0 0 0 0 0 0 0 0 0 0 0 0 0 0 0 0 0 0 0 0 0 0 0 0 0 0 0 0 0 0 0 0 0 0 0 0 0 0 0 0 0 0 0 0 0 0 0 0 0 120 0 0 0 0 0 0 0 0 0 0 0 0 0 0 0 0 0 0 0 0 0 0 0 0 0 0 0 0 0 0 0 0 0 0 0 0 0 0 0 20 0 0 0 0 0 0 100 0 0 0 0 0 0 0 0 0 0 0 0 0 0 0 0 0 0 0 0 0 0 0 16 0 0 0 0 0 0 165 0 0 0 0 0 0 0 64 0 0 0 0 0 0 0 0 0 0 0 0 0 0 0 0 0 0 0 0 0 0 0 0 0 0 0 0 0 0 0 0 0 0 0 0 0 0 0 0 0 0 0 0 0 64 0 
0 0 0 0 0 0 0 0 0 0 0 0 0 0 0 0 0 0 0 0 0 0 0 0 0 0 0 0 0 0 0 0 0 0 0 0 0 0 0 0 0 0 0 0 0 0 0 0 0 0 0 0 0 0 0 0 0 0 0 0 0 0 0 0 0 0 0 0 0 0 0 0 0 0 0 0 0 0 0 0 0 0 0 0 0 0 0 0 0 0 0 0 0 0 0 0 0 0 0 0 0 0 0 0 0 0 0 0 0 0 0 0 0 0 0 0 0 0 0 0 0 0 0 0 0 0 0 0 0 0 0 0 0 0 0 0 0 0 0 0 0 0 0 0 0 0 0 0 0 0 0 0 0 0 0 0 0 0 0 0 0 0 0 0 0 0 0 0 0 0 0 0 0 0 0 0 0 0 0 0 0 0 0 0 0 0 0 0 0 0 0 0 0 0 0 0 0 0 0 0 0 0 0 0 0 0 0 0 0 0 0 
0 0 0 0 0 0 0 0 0 0 0 0 0 0 0 0 0 0 0 0 0 0 0 0 0 0 0 0 0 0 0 0 0 0 0 0 0 0 0 0 0 0 0 0 0 0 0 0 0 0 0 0 0 0 0 0 0 0 0 0 0 0 0 0 0 0 0 0 0 0 0 0 0 0 0 0 0 0 0 0 0 0 0 0 0 0 0 0 0 0 0 0 0 0 0 0 0 0 0 0 0 0 0 0 0 0 0 0 0 0 0 0 0 0 0 0 0 0 0 0 0 0 0 0 0 0 0 0 0 0 0 0 0 0 0 0 0 0 0 0 0 0 0 0 0 0 0 0 0 0 0 0 0 0 0 0 0 0 0 0 0 0 0 0 0 0 0 0 0 0 0 0 0 0 0 0 0 0 0 0 0 0 0 0 0 0 0 0 0 0 0 0 0 0 0 0 0 0 0 0 0 0 0 0 0 0 0 0 0 0 0 
0 0 0 0 0 0 0 0 0 0 0 0 0 0 32 0 0 0 0 0 0 0 0 64 0 0 0 0 0 0 20 0 0 0 32 0 0 0 0 40 0 0 0 0 0 0 0 0 0 0 0 0 0 0 0 0 0 0 0 0 0 0 0 0 0 0 0 0 0 0 0 0 0 0 0 0 26 0 0 0 0 0 51 0 0 0 0 0 0 51 0 0 0 40 0 0 0 0 0 0 0 0 0 0 0 0 0 0 0 0 0 0 0 0 0 0 0 0 0 0 0 0 0 0 0 0 0 0 0 0 64 0 0 0 0 0 0 0 0 0 0 0 0 0 0 0 0 0 26 0 0 51 0 0 0 68 26 0 0 0 0 0 0 0 0 0 0 0 0 0 0 417 0 0 0 0 0 0 0 0 80 0 0 0 0 0 0 0 0 0 0 0 0 0 0 0 0 0 0 0 0 0 0 0 0 0 0 0 0 0 0 
287 0 0 0 112 0 0 0 0 0 0 40 0 0 77 0 0 0 0 0 0 0 0 173 0 81 0 0 0 0 81 80 0 0 223 0 0 0 0 0 0 0 0 0 0 0 0 0 0 20 0 40 0 0 0 0 0 20 0 0 0 0 0 0 0 0 0 0 0 0 0 0 0 0 0 0 0 16 0 0 0 0 49 320 0 0 0 0 0 0 58 0 0 0 280 80 0 0 0 0 0 0 51 80 151 0 0 0 0 0 0 64 0 0 0 0 0 298 0 72 0 126 0 0 32 0 0 26 224 0 0 64 0 0 0 0 0 0 0 0 0 0 0 0 0 0 0 0 176 0 0 0 80 0 42 603 64 0 0 0 0 0 32 104 0 0 0 0 0 0 0 435 0 0 0 0 0 0 0 0 0 40 0 0 0 0 0 0 64 0 0 0 0 0 0 0 0 0 0 0 80 0 0 0 0 26 88 0 26 26 0 
0 0 0 0 0 0 0 0 0 0 0 0 0 0 0 0 0 0 0 0 0 0 0 288 0 0 0 0 0 0 0 0 0 0 0 0 0 0 0 0 0 0 0 0 0 0 0 0 0 0 0 0 0 0 0 0 0 0 0 0 0 0 0 0 0 0 0 0 0 0 0 0 0 0 0 0 0 0 0 0 0 0 0 16 0 0 0 0 0 0 0 0 0 80 0 0 0 0 0 0 0 0 0 0 0 51 0 0 0 0 0 20 0 0 0 0 0 168 0 0 0 0 0 0 32 40 0 0 0 0 0 0 0 0 0 0 0 0 0 0 0 0 0 0 0 0 0 0 0 0 0 0 0 0 0 0 0 0 0 0 0 0 0 0 0 0 100 0 0 0 0 0 0 0 0 0 0 0 0 0 0 0 0 0 0 0 0 0 0 0 0 0 0 0 0 0 0 0 0 0 0 0 0 0 0 0 61 0 0 0 0 
80 0 0 0 0 0 0 0 0 0 0 0 0 0 0 0 0 0 0 0 0 0 32 51 0 0 0 0 0 0 0 0 0 0 80 0 0 0 0 0 0 0 0 0 0 0 0 0 0 0 0 0 0 0 0 0 0 0 0 0 0 0 0 0 0 16 0 0 0 0 0 0 0 64 0 0 0 0 0 0 0 0 0 34 0 0 0 0 0 0 0 0 0 0 100 0 0 0 0 0 0 0 0 0 0 0 0 0 0 0 0 0 0 0 0 0 0 0 0 0 0 0 0 0 0 0 0 0 0 0 0 0 0 0 0 0 0 0 0 0 0 0 0 0 0 0 0 0 51 0 0 0 0 0 100 340 0 0 0 0 0 0 0 0 0 0 0 0 0 0 0 178 0 0 0 0 0 0 0 0 0 51 0 0 0 0 0 0 0 0 0 0 0 0 0 0 100 0 0 0 64 0 0 0 0 0 0 0 0 0 0 
1314 0 0 0 256 0 0 0 0 0 257 26 0 0 236 0 0 0 0 0 113 0 273 1785 0 26 26 0 16 0 1417 0 0 0 660 64 0 0 0 40 0 0 0 26 0 0 0 51 76 451 0 16 0 0 0 0 0 252 0 0 77 0 0 0 0 20 223 0 0 0 0 0 0 0 0 0 522 235 0 0 0 0 272 1516 0 0 0 0 13 64 281 64 26 0 120 0 0 0 612 64 0 0 287 51 2706 0 83 0 0 0 0 255 20 0 0 100 0 1221 32 466 67 145 0 0 184 42 0 0 51 0 16 26 0 0 0 0 0 0 0 0 32 0 0 0 0 0 0 32 1116 20 0 0 58 61 1465 2354 167 0 0 0 0 20 180 122 0 64 132 51 0 0 64 1991 0 0 0 0 0 0 0 0 0 16 64 0 0 0 0 0 20 176 37 100 20 0 0 0 40 0 0 0 93 0 20 0 0 0 638 0 83 147 0 
204 0 0 0 64 0 0 0 0 0 0 0 0 0 32 0 0 0 0 0 64 0 64 508 0 0 0 0 40 0 199 0 0 0 156 0 0 0 0 80 0 0 0 0 0 0 0 0 0 0 0 40 0 0 0 0 0 80 0 0 0 0 0 0 0 0 32 0 0 0 0 0 0 0 0 0 211 151 0 0 0 0 0 269 0 0 0 0 0 0 149 32 0 0 52 100 0 0 16 0 0 0 140 0 0 0 0 0 0 0 0 51 0 0 0 0 0 909 0 58 114 32 0 0 672 240 0 0 0 0 0 0 0 0 0 0 0 0 0 0 0 0 0 0 0 0 100 0 153 80 0 0 51 96 122 895 127 0 0 0 0 51 32 65 0 13 51 0 0 0 0 534 0 0 0 0 0 0 0 0 0 13 0 0 0 0 0 0 0 33 0 0 0 0 0 0 67 0 20 0 32 0 0 0 0 64 113 40 40 168 0 
0 0 0 0 0 0 0 0 0 51 0 0 0 0 0 0 0 0 0 0 0 0 0 80 0 0 0 0 0 0 0 0 0 0 0 0 0 0 0 0 0 0 0 0 0 0 0 0 0 0 0 0 0 0 0 0 0 0 0 0 0 0 0 0 0 0 0 0 0 0 0 0 0 0 0 0 0 26 0 0 0 0 0 16 0 0 0 0 0 0 0 0 0 0 0 0 0 0 0 16 0 0 0 0 0 0 0 0 0 0 0 0 0 0 0 0 0 0 0 0 0 0 0 0 120 0 0 0 0 0 0 0 0 0 0 0 0 0 0 0 0 0 0 0 0 0 0 0 0 0 0 80 0 0 0 40 0 0 100 0 0 0 0 0 0 0 0 0 0 0 0 73 0 0 0 0 0 0 0 0 0 0 0 0 0 0 0 0 0 0 0 0 0 0 0 0 0 0 0 0 100 0 0 0 0 0 0 0 0 0 0 
32 0 0 0 380 0 0 0 0 80 0 0 0 0 0 0 0 0 0 0 0 0 0 0 0 0 0 0 0 0 51 0 0 0 20 0 0 0 0 100 0 0 0 0 0 0 0 0 0 20 0 0 0 0 0 0 0 0 0 0 0 0 0 0 0 0 0 0 0 0 0 0 0 0 0 0 80 40 0 0 0 0 0 26 0 0 0 0 0 0 13 0 0 64 51 0 0 0 0 0 0 0 100 0 0 0 0 0 0 0 0 0 0 0 0 0 0 57 0 0 0 0 0 0 80 0 0 0 0 0 0 0 0 0 0 0 0 0 0 0 0 0 0 0 0 0 0 0 64 0 0 0 0 0 119 368 16 0 0 0 0 0 0 0 0 0 0 0 0 0 0 73 0 0 0 0 0 0 0 0 0 20 0 0 0 0 0 0 0 0 16 0 0 0 0 0 0 0 0 0 0 0 0 0 0 0 0 0 0 0 0 
1367 0 0 0 51 0 0 0 0 0 0 0 0 0 0 0 0 0 0 0 0 0 264 396 0 46 0 0 0 0 823 0 0 0 40 0 0 0 104 0 0 0 0 0 0 0 0 0 0 0 0 0 0 0 0 0 0 51 0 0 0 0 0 0 0 0 0 0 0 0 0 0 0 0 0 0 128 0 0 0 0 0 0 169 0 51 0 0 0 20 163 0 0 0 0 0 0 0 0 0 0 0 0 0 0 71 0 0 0 0 0 0 0 0 0 0 0 458 0 224 32 0 0 0 188 0 0 0 51 0 0 51 0 0 0 0 0 0 0 0 0 0 0 0 0 80 0 0 77 16 0 0 106 0 84 466 0 0 0 0 0 90 131 51 0 0 0 0 0 0 0 473 0 0 0 0 0 0 0 0 0 80 0 0 0 0 0 0 0 0 0 0 0 0 0 0 100 0 0 0 0 0 0 0 0 0 0 0 51 144 0 
745 0 0 0 0 0 0 0 0 16 16 0 0 0 40 0 0 0 0 0 0 0 0 289 0 464 180 0 200 0 211 0 0 0 102 0 0 0 200 160 0 0 0 0 0 0 0 0 20 42 64 0 0 0 0 0 0 80 0 0 0 0 0 0 0 0 0 0 0 0 0 0 0 0 0 0 26 220 20 0 0 0 0 654 115 0 0 0 0 0 174 245 0 0 0 26 0 0 100 26 0 0 0 0 0 0 0 0 0 0 0 0 0 0 0 0 0 765 0 120 200 131 0 0 47 340 80 0 0 0 26 0 0 0 0 0 0 0 0 0 0 0 0 0 0 13 0 0 0 102 0 0 46 0 173 1300 51 0 51 0 0 64 100 224 0 100 13 0 0 0 0 790 0 0 0 0 0 0 0 0 0 0 0 0 0 0 0 0 0 0 80 0 0 0 0 0 0 0 13 0 51 0 0 0 0 20 167 0 0 46 0 
2502 0 0 0 20 0 0 0 0 26 379 32 0 0 990 0 0 0 0 0 157 0 335 3124 0 175 132 0 72 26 1113 0 0 0 650 94 0 0 49 67 40 0 32 0 0 0 0 0 132 204 395 120 0 0 0 0 0 369 0 0 0 0 0 37 0 0 147 100 0 0 0 0 0 0 0 0 644 369 0 0 0 0 973 2603 0 0 0 0 0 128 841 215 139 0 54 131 0 0 124 211 275 0 422 302 245 199 40 0 0 0 64 517 32 0 0 100 0 3330 64 508 371 543 0 0 866 345 0 104 328 0 16 0 26 0 0 0 0 0 0 0 52 0 0 0 0 496 0 80 671 26 0 0 202 133 833 5535 277 51 13 0 0 64 463 239 0 51 151 0 0 0 13 3215 0 0 0 0 0 0 0 0 93 280 64 20 100 0 0 0 291 200 153 40 111 0 80 0 311 0 20 0 383 100 52 0 20 32 624 80 26 727 0 
7987 0 0 0 493 80 0 80 51 84 679 219 0 0 1365 0 0 0 0 0 119 0 797 16235 105 680 78 0 141 80 3376 0 0 0 2284 174 0 0 72 382 242 0 100 96 0 227 53 129 545 1812 164 274 0 34 0 0 0 502 0 0 466 0 0 93 104 136 270 72 0 0 0 0 0 558 0 0 3177 2097 39 0 0 64 649 8008 32 64 0 0 84 421 2430 311 461 467 1150 1259 0 0 103 540 331 0 1053 2535 413 401 92 0 0 0 100 726 154 0 0 40 0 28981 16 2787 709 2112 0 100 2860 2231 247 246 884 151 405 650 20 0 0 0 0 0 0 0 470 0 0 0 0 156 464 51 1679 542 102 83 429 502 4707 18540 1142 209 209 0 80 548 1237 747 0 310 566 272 0 0 96 7863 0 136 100 40 39 0 0 0 929 352 178 51 367 0 0 0 541 120 652 0 966 0 16 133 1555 0 406 0 3086 16 484 0 324 478 5688 30 271 998 0 
570 0 0 0 0 0 0 0 0 0 100 0 0 0 642 0 0 0 0 0 104 0 80 1094 0 51 0 0 0 0 482 0 0 0 432 0 0 0 100 0 0 0 0 0 0 0 80 100 180 200 20 16 0 51 0 0 0 40 0 0 100 0 0 0 0 0 129 0 0 0 0 0 0 0 0 0 260 644 0 0 0 0 101 1210 0 0 0 0 0 0 441 0 51 0 0 26 0 0 0 20 0 0 40 80 0 0 0 0 0 0 0 0 0 0 0 100 0 520 0 73 92 0 0 0 192 164 0 0 220 0 80 0 0 0 0 0 0 0 0 0 0 0 0 0 0 80 77 0 144 96 0 0 0 83 250 981 486 0 0 0 0 0 112 100 0 80 100 0 0 0 0 1025 0 0 0 0 0 0 0 0 200 0 0 0 0 0 0 0 40 0 77 32 0 0 0 0 100 0 0 0 26 51 0 0 0 64 1146 0 0 61 0 
176 0 0 0 100 0 0 0 0 0 0 0 0 0 0 0 0 0 0 0 0 0 32 115 0 64 0 0 0 0 0 0 0 0 61 0 0 0 0 0 0 0 0 0 0 0 0 0 0 200 0 0 0 0 0 0 0 0 0 0 0 0 0 0 0 0 0 0 0 0 0 0 0 0 0 0 0 0 0 0 0 0 0 58 0 0 0 0 0 0 0 0 0 0 100 0 0 0 0 13 0 0 0 0 0 0 0 0 0 0 0 0 0 0 0 0 0 216 0 100 0 0 0 0 0 0 0 0 0 0 0 0 0 0 0 0 0 0 0 0 0 0 0 0 0 0 0 0 0 0 0 0 0 0 0 176 40 13 0 0 0 0 0 0 0 80 0 0 0 0 0 64 0 0 0 0 0 0 0 0 0 100 0 0 0 0 0 0 0 0 0 0 0 0 0 0 0 0 0 0 0 0 0 0 0 0 0 0 100 0 0 
901 0 0 0 115 0 0 51 0 0 100 0 0 0 226 0 0 0 0 0 0 0 64 263 0 0 0 0 20 0 83 0 0 0 337 64 0 0 0 77 0 0 0 0 0 0 0 0 0 13 0 0 0 0 0 0 0 180 0 0 51 0 0 0 0 0 0 13 0 0 40 0 0 20 0 0 206 40 0 0 0 100 73 492 0 0 0 0 0 104 219 100 32 0 127 0 0 0 0 80 80 0 67 16 64 64 0 0 0 0 0 16 0 0 0 26 0 425 0 275 104 37 0 0 39 0 0 0 125 0 0 13 0 0 0 0 0 0 0 0 0 0 0 0 0 0 0 0 90 0 0 0 80 0 192 808 128 0 0 0 0 80 64 342 0 100 0 0 20 0 0 875 0 0 0 0 0 0 0 0 0 16 0 0 0 0 0 0 100 0 0 0 116 0 0 0 68 0 80 0 0 0 16 0 0 0 454 0 0 0 0 
0 0 0 0 0 0 0 0 0 0 0 0 0 0 0 0 0 0 0 0 0 0 0 0 0 0 0 0 0 0 0 0 0 0 0 0 0 0 0 0 0 0 0 0 0 0 0 0 0 0 0 0 0 0 0 0 0 0 0 0 0 0 0 0 0 0 0 0 0 0 0 0 0 0 0 0 0 0 0 0 0 0 0 0 0 0 0 0 0 0 0 0 0 0 0 0 0 0 0 0 0 0 0 0 0 0 0 0 0 0 0 0 0 0 0 0 0 0 0 0 0 0 0 0 0 0 0 0 0 0 0 0 0 0 0 0 0 0 0 0 0 0 0 0 0 0 0 0 0 0 0 0 0 0 0 0 0 0 0 0 0 0 0 0 0 0 0 0 0 0 0 0 0 0 0 0 0 0 0 0 0 0 0 0 0 0 0 0 0 0 0 0 0 0 0 0 0 0 0 0 0 0 0 0 0 0 0 0 0 0 0 
115 0 0 0 0 0 0 0 0 0 0 0 0 0 64 0 0 0 0 0 0 0 100 51 0 0 26 0 0 0 112 0 0 0 32 0 0 0 0 0 0 0 0 0 0 0 0 0 100 20 0 0 0 0 0 0 0 37 0 0 0 0 0 0 0 0 0 0 0 0 0 0 0 0 0 0 0 0 0 0 0 0 0 338 0 0 0 0 0 64 0 0 0 0 0 0 0 0 0 0 0 0 0 0 0 0 0 0 0 0 0 0 0 0 0 0 0 190 0 0 0 0 0 0 32 0 0 0 0 0 0 0 0 0 0 0 0 0 0 0 0 0 0 0 0 0 0 0 0 0 0 0 0 0 241 112 0 0 0 0 0 0 100 0 0 0 0 0 0 0 0 331 0 0 0 0 0 0 0 0 0 0 0 0 0 0 0 0 0 0 0 0 0 0 0 0 40 0 0 0 0 0 0 0 0 0 0 0 0 64 0 
182 0 0 0 77 0 0 0 0 0 0 0 0 0 0 0 0 0 0 0 54 0 0 420 0 16 0 0 0 0 51 0 0 0 0 0 0 0 0 0 0 0 0 20 0 0 0 0 0 26 0 0 0 0 0 0 0 0 0 0 0 0 0 0 0 0 64 0 0 0 0 0 0 0 0 0 40 0 0 0 0 0 168 94 0 0 0 0 0 80 20 0 13 0 0 0 0 0 0 40 0 0 0 26 0 0 0 0 0 0 0 20 0 0 0 0 0 407 0 39 0 51 0 0 90 13 0 0 0 0 0 20 32 0 0 0 0 0 0 0 0 0 0 0 0 0 13 0 136 16 0 0 0 80 106 439 32 0 0 0 0 64 51 20 0 0 0 0 0 0 26 281 0 0 0 0 0 0 0 0 13 0 64 0 0 0 0 0 0 0 80 0 40 0 64 0 52 0 0 0 64 0 0 0 0 0 16 0 100 81 0 
939 0 0 0 40 13 0 0 0 64 26 0 0 0 449 64 0 0 0 0 40 0 96 1376 188 116 100 0 112 0 302 0 0 0 532 0 16 0 64 20 0 0 0 40 0 0 0 100 32 136 240 32 0 20 0 0 0 100 0 0 0 0 0 0 100 0 16 20 0 64 0 0 0 0 0 0 360 357 0 0 0 32 90 1089 0 0 0 0 0 96 503 26 0 16 0 51 0 0 40 249 0 0 26 105 111 380 0 0 0 0 0 180 51 0 0 0 0 571 0 567 47 384 0 0 569 147 116 0 425 34 16 0 0 0 0 0 0 0 0 0 0 0 0 0 0 16 26 0 165 505 0 0 16 60 667 2235 698 0 40 0 0 0 129 156 0 80 40 77 0 0 0 1754 0 80 0 0 0 0 0 0 51 106 0 80 0 0 0 0 0 0 16 0 13 0 0 0 51 0 32 0 30 0 20 0 13 100 412 0 0 555 0 
551 0 0 0 101 0 0 0 0 0 73 0 0 0 211 0 0 0 0 0 0 0 139 1210 0 0 0 0 32 0 136 0 0 0 100 0 0 0 0 47 0 0 0 0 0 64 0 0 0 61 0 0 0 0 0 0 0 64 0 0 32 0 0 0 0 0 16 40 0 0 0 0 0 0 0 0 338 106 64 0 0 0 20 177 0 0 0 0 0 0 122 26 275 0 0 0 0 0 0 100 0 0 102 340 0 129 0 0 0 0 0 84 0 0 0 0 0 2074 20 94 132 879 0 0 244 73 0 96 0 0 144 0 0 0 0 0 0 0 0 0 0 0 0 0 0 0 0 0 64 100 0 0 0 114 312 1148 0 0 51 0 0 0 124 169 0 0 26 0 0 0 0 685 0 0 16 0 0 0 0 0 0 47 37 0 0 0 0 0 64 0 0 0 0 0 0 0 227 0 0 0 0 0 64 0 0 64 177 40 144 80 0 
0 0 0 0 0 0 0 0 0 0 0 0 0 0 0 0 0 0 0 0 0 0 0 0 0 0 0 0 0 0 0 0 0 0 0 0 0 0 0 0 0 0 0 0 0 0 0 0 0 0 0 0 0 0 0 0 0 0 0 0 0 0 0 0 0 0 0 0 0 0 0 0 0 0 0 0 0 0 0 0 0 0 0 0 0 0 0 0 0 0 0 0 0 0 0 0 0 0 0 0 0 0 0 0 0 0 0 0 0 0 0 0 0 0 0 0 0 0 0 0 0 0 0 0 0 0 0 0 0 0 0 0 0 0 0 0 0 0 0 0 0 0 0 0 0 0 0 0 0 0 0 0 0 0 0 0 0 0 0 0 0 0 0 0 0 0 0 0 0 0 0 0 0 0 0 0 0 0 0 0 0 0 0 0 0 0 0 0 0 0 0 0 0 0 0 0 0 0 0 0 0 0 0 0 0 0 0 0 0 0 0 
156 0 0 0 0 0 0 0 0 0 0 0 0 0 26 0 0 0 0 0 0 0 53 316 0 0 0 0 0 0 110 0 0 0 67 0 0 0 0 0 0 0 0 0 0 0 0 0 0 26 13 0 0 0 0 0 0 0 0 0 0 0 0 0 0 0 32 0 0 0 0 0 0 0 0 0 32 0 0 0 0 0 0 112 0 0 0 0 0 0 39 0 0 0 0 0 0 0 54 20 0 0 0 51 0 0 0 0 0 0 0 20 0 0 0 0 0 336 0 20 0 0 0 0 0 0 80 0 26 0 20 0 0 0 0 0 0 0 0 0 84 0 0 0 0 51 0 0 81 0 0 0 16 0 126 400 20 0 0 0 0 0 0 0 0 0 0 0 0 0 0 204 0 0 0 0 0 0 0 0 0 0 32 0 0 0 0 0 0 0 0 0 40 0 0 0 235 0 0 0 400 0 0 0 0 0 39 0 0 0 0 
245 0 0 0 26 0 0 0 0 0 40 0 0 0 100 0 0 0 0 0 0 0 64 257 0 53 0 0 0 0 199 0 0 0 40 0 0 0 0 49 0 0 0 0 0 0 0 13 0 32 0 0 0 0 0 0 0 0 0 0 0 0 16 0 0 0 0 0 0 0 0 0 0 0 0 0 142 0 0 0 0 0 51 329 0 0 0 0 0 0 286 20 0 100 115 0 0 0 116 0 0 0 100 140 80 0 0 0 0 0 0 93 32 0 0 0 0 394 0 166 0 90 0 0 0 13 51 0 0 0 0 0 0 0 0 0 0 0 0 0 51 0 0 0 0 0 0 0 54 64 0 0 0 0 67 503 0 0 0 0 0 0 0 0 0 0 0 0 0 0 0 541 0 0 0 0 0 0 0 0 20 32 51 0 0 0 0 0 0 0 20 0 26 0 0 0 13 0 0 0 64 0 0 0 0 0 310 0 0 93 0 
0 0 0 0 0 0 0 0 0 0 0 0 0 0 51 0 0 0 0 0 0 0 200 216 0 0 0 0 0 0 0 0 0 0 110 0 0 0 0 0 0 0 0 0 0 0 0 0 0 0 0 0 0 0 0 0 0 0 0 0 0 0 0 0 0 0 0 0 0 0 0 0 0 0 0 0 0 0 0 0 0 0 0 0 0 0 0 0 0 0 100 0 0 0 0 80 0 0 0 0 0 0 0 0 0 0 0 0 0 0 0 0 0 0 0 0 0 92 16 100 0 0 0 0 40 0 0 0 0 0 0 0 0 0 0 0 0 0 0 0 0 0 0 0 0 0 0 0 0 0 0 0 0 0 100 867 0 0 0 0 0 0 0 100 0 0 0 80 0 0 0 0 0 51 0 0 0 0 0 0 64 0 0 0 0 0 0 0 0 0 0 0 0 0 0 0 40 0 0 0 0 0 0 0 0 0 92 0 0 0 0 
0 0 0 0 0 0 0 0 0 0 0 0 0 0 0 0 0 0 0 0 0 0 0 0 0 0 0 0 0 0 0 0 0 0 0 0 0 0 0 0 0 0 0 0 0 0 0 0 0 0 0 0 0 0 0 0 0 0 0 0 0 0 0 0 0 0 0 0 0 0 0 0 0 0 0 0 100 0 0 0 0 0 0 0 0 0 0 0 0 0 0 0 0 0 0 0 0 0 0 0 0 0 0 0 0 0 0 0 0 0 0 0 0 0 0 0 0 51 0 0 0 0 0 0 0 0 0 0 0 0 0 0 0 0 0 0 0 0 0 0 0 0 0 0 0 0 0 0 0 0 0 0 0 0 0 80 0 0 0 0 0 0 0 0 0 0 0 0 0 0 0 0 0 0 0 0 0 0 0 0 0 0 0 0 0 0 0 0 0 0 0 0 0 0 0 0 0 0 0 0 0 0 0 0 0 0 0 0 0 0 0 
0 0 0 0 0 0 0 0 0 0 0 0 0 0 0 0 0 0 0 0 0 0 0 0 0 0 0 0 0 0 0 0 0 0 0 0 0 0 0 0 0 0 0 0 0 0 0 0 0 0 0 0 0 0 0 0 0 0 0 0 0 0 0 0 0 0 0 0 0 0 0 0 0 0 0 0 0 0 0 0 0 0 0 0 0 0 0 0 0 0 0 0 0 0 0 0 0 0 0 0 0 0 0 0 0 0 0 0 0 0 0 0 0 0 0 0 0 0 0 0 0 0 0 0 0 0 0 0 0 0 0 0 0 0 0 0 0 0 0 0 0 0 0 0 0 0 0 0 0 0 0 0 0 0 0 0 0 0 0 0 0 0 0 0 0 0 0 0 0 0 0 0 0 0 0 0 0 0 0 0 0 0 0 0 0 0 0 0 0 0 0 0 0 0 0 0 0 0 0 0 0 0 0 0 0 0 0 0 0 0 0 
80 0 0 0 0 0 0 0 0 0 0 0 0 0 0 0 0 0 0 0 0 0 0 218 0 0 0 0 0 0 0 0 0 0 80 0 0 0 0 0 0 0 0 51 0 0 0 0 0 40 80 0 0 0 0 0 0 0 0 0 0 0 0 0 0 0 0 0 0 0 0 0 0 0 0 0 0 0 0 0 0 0 0 52 0 0 0 0 0 0 61 0 0 0 0 0 0 0 0 0 0 0 0 0 0 0 0 0 0 0 0 0 0 0 0 0 0 13 0 0 0 0 0 0 0 0 0 0 0 0 0 0 0 0 0 0 0 0 0 0 0 0 0 0 0 80 0 0 0 0 0 0 40 0 0 365 96 0 0 0 0 0 200 0 0 0 0 0 0 0 0 221 0 0 0 0 0 0 0 0 84 26 0 0 0 0 0 0 0 0 13 0 64 0 0 0 0 0 0 0 0 0 0 0 0 0 0 0 0 0 0 
7814 0 0 0 665 53 0 0 0 232 476 160 0 0 1806 0 0 0 0 0 64 0 1509 7264 359 1755 312 0 264 51 2432 51 0 0 2359 451 80 0 136 288 84 20 0 80 0 81 170 0 715 1192 243 332 0 64 0 0 0 401 0 0 235 0 16 0 32 0 359 120 0 32 16 0 0 51 0 0 3525 2067 120 0 0 80 802 6402 20 0 0 0 0 443 4496 474 26 184 977 221 0 0 115 263 77 0 580 210 448 243 93 0 0 0 0 324 284 0 80 67 0 6869 131 2076 540 1636 0 0 2461 425 73 420 974 180 307 140 0 0 0 0 0 0 0 0 302 232 0 0 0 163 94 32 1617 606 186 192 800 563 3314 18543 3027 195 145 0 64 432 793 1520 0 113 93 144 64 0 112 6774 0 0 58 0 158 0 0 0 1610 647 819 20 0 0 0 0 912 26 499 80 560 0 40 26 953 0 51 0 765 104 242 0 0 103 4251 0 690 337 0 
0 0 0 0 0 0 0 0 0 0 0 0 0 0 0 0 0 0 0 0 0 0 0 0 0 0 0 0 0 0 0 0 0 0 0 0 0 0 0 0 0 0 0 0 0 0 0 0 0 0 0 0 0 0 0 0 0 0 0 0 0 0 0 0 0 0 0 0 0 0 0 0 0 0 0 0 0 0 0 0 0 0 0 0 0 0 0 0 0 0 0 0 0 0 0 0 0 0 0 0 0 0 0 0 0 0 0 0 0 0 0 0 0 0 0 0 0 0 0 0 0 0 0 0 0 0 0 0 0 0 0 0 0 0 0 0 0 0 0 0 0 0 0 0 0 0 0 0 0 0 0 0 0 0 0 0 0 0 0 0 0 0 0 0 0 0 0 0 0 0 0 0 0 0 0 0 0 0 0 0 0 0 0 0 0 0 0 0 0 0 0 0 0 0 0 0 0 0 0 0 0 0 0 0 0 0 0 0 0 0 0 
111 0 0 0 0 0 0 0 0 0 0 0 0 0 0 0 0 0 0 0 0 0 0 77 80 0 0 0 0 0 0 0 0 0 32 0 0 0 0 0 0 0 0 0 0 0 0 0 0 0 0 0 0 0 0 0 0 0 0 0 0 0 0 0 0 0 0 0 0 0 0 0 0 0 0 0 0 0 0 0 0 0 0 16 0 0 0 0 0 0 0 0 0 0 0 0 0 0 0 0 0 0 0 0 0 0 0 0 0 0 0 0 0 0 0 0 0 220 0 20 0 100 0 0 0 0 0 0 0 0 0 0 0 0 0 0 0 0 0 0 0 0 0 0 0 0 0 0 0 0 0 0 0 0 0 359 100 0 0 0 0 0 0 0 0 0 0 0 0 0 0 0 0 0 0 0 0 0 0 0 0 0 0 0 0 0 0 0 0 0 0 0 0 0 0 0 0 0 0 0 0 0 0 0 0 0 202 0 0 0 0 
351 0 0 0 0 0 0 0 0 0 0 0 0 0 0 0 0 0 0 0 0 0 0 223 0 26 0 0 0 0 0 0 0 0 64 0 0 0 80 0 0 0 0 0 0 0 0 0 0 13 0 100 0 0 0 0 0 0 0 0 0 0 0 0 0 0 0 0 0 0 0 0 0 0 0 0 0 0 0 0 0 0 0 64 0 0 0 0 0 0 0 0 0 0 0 0 0 0 0 0 0 0 0 0 0 0 0 0 0 0 0 20 0 0 0 0 0 40 0 40 0 0 0 0 0 0 0 0 16 0 0 0 0 0 0 0 0 0 0 0 0 0 0 0 0 26 100 0 0 0 0 0 0 0 200 231 0 0 0 0 0 0 0 0 0 0 0 0 0 0 0 0 0 0 0 0 0 0 0 0 0 0 0 0 0 0 0 0 13 0 0 0 0 0 0 0 0 0 0 0 0 0 0 0 16 0 90 0 0 0 0 
0 0 0 0 0 0 0 0 0 0 0 0 0 0 0 0 0 0 0 0 0 0 0 0 0 0 0 0 0 0 0 0 0 0 0 0 0 0 0 0 0 0 0 0 0 0 0 0 0 100 0 0 0 0 0 0 0 20 0 0 0 0 0 0 0 0 0 0 0 0 0 0 0 0 0 0 0 0 0 0 0 0 0 0 0 0 0 0 0 0 0 0 0 0 0 0 0 0 0 0 0 0 0 0 0 0 0 0 0 0 0 0 0 0 0 0 0 32 0 0 0 0 0 0 0 0 0 0 0 0 0 0 0 0 0 0 0 0 0 0 0 0 0 0 0 0 0 0 0 0 0 0 0 0 0 0 0 0 0 0 0 0 0 51 0 0 0 0 0 0 0 0 0 0 0 0 0 0 0 0 0 0 0 0 0 0 0 0 0 0 0 0 0 0 0 0 80 0 0 0 0 0 0 0 0 0 0 0 0 0 0 
0 0 0 0 0 0 0 0 0 0 0 0 0 0 0 0 0 0 0 0 0 0 0 124 26 0 0 0 0 13 0 0 0 0 64 0 0 0 0 0 0 0 0 0 0 0 0 80 0 0 0 0 0 0 0 0 0 80 0 0 0 0 0 0 64 0 0 0 0 0 0 0 0 0 0 0 64 0 0 0 0 0 0 46 0 0 0 0 0 0 26 80 0 0 26 0 0 0 0 0 0 0 0 20 0 0 0 0 0 0 0 0 0 0 0 0 0 42 0 0 51 32 0 0 40 0 0 0 0 0 0 0 0 0 0 0 0 0 0 0 0 0 0 0 0 0 0 0 0 0 0 0 0 0 64 147 0 0 0 0 0 0 116 0 0 0 0 0 0 0 0 198 0 0 0 0 0 0 0 0 16 0 0 0 0 0 0 0 26 0 0 0 0 0 0 0 0 0 0 0 0 0 0 0 0 0 0 0 0 0 0 
0 0 0 0 0 0 0 0 0 0 0 0 0 0 0 0 0 0 0 0 0 0 0 0 0 0 0 0 0 0 0 0 0 0 0 0 0 0 0 0 0 0 0 0 0 0 0 0 0 0 0 0 0 0 0 0 0 0 0 0 0 0 0 0 0 0 0 0 0 0 0 0 0 0 0 0 0 0 0 0 0 0 0 0 0 0 0 0 0 0 0 0 0 0 0 0 0 0 0 0 0 0 0 0 0 0 0 0 0 0 0 0 0 0 0 0 0 0 0 0 0 0 0 0 0 0 0 0 0 0 0 0 0 0 0 0 0 0 0 0 0 0 0 0 0 0 0 0 0 0 0 0 0 0 0 0 0 0 0 0 0 0 0 0 0 0 0 0 0 0 0 0 0 0 0 0 0 0 0 0 0 0 0 0 0 0 0 0 0 0 0 0 0 0 0 0 0 0 0 0 0 0 0 0 0 0 0 0 0 0 0 
0 0 0 0 0 0 0 0 0 0 0 0 0 0 0 0 0 0 0 0 0 0 0 64 0 0 0 0 0 0 0 0 0 0 0 0 0 0 0 0 0 0 0 0 0 0 0 0 0 0 0 0 0 0 0 0 0 0 0 0 0 0 0 0 0 0 0 0 0 0 0 0 0 0 0 0 0 0 0 0 0 0 0 0 0 0 0 0 0 0 40 0 0 0 0 0 0 0 0 0 0 0 0 0 0 0 0 0 0 0 0 0 0 0 0 0 0 0 0 0 0 0 0 0 0 0 0 0 0 0 0 0 0 0 0 0 0 0 0 0 0 0 0 0 0 0 0 0 0 0 0 0 0 0 0 0 0 0 0 0 0 0 0 0 0 0 0 0 0 0 0 0 0 0 0 0 0 0 0 0 0 0 0 0 0 0 0 0 0 0 0 0 0 0 0 0 0 0 0 0 0 0 0 0 0 0 0 0 0 0 0 
0 0 0 0 0 0 0 0 0 0 0 0 0 0 0 0 0 0 0 0 0 0 0 0 0 0 0 0 0 0 0 0 0 0 0 0 0 0 0 0 0 0 0 0 0 0 0 0 0 0 0 0 0 0 0 0 0 0 0 0 0 0 0 0 0 0 0 0 0 0 0 0 0 0 0 0 0 0 0 0 0 0 0 0 0 0 0 0 0 0 0 0 0 0 0 0 0 0 0 0 0 0 0 0 0 0 0 0 0 0 0 0 0 0 0 0 0 0 0 0 0 0 0 0 0 0 0 0 0 0 0 0 0 0 0 0 0 0 0 0 0 0 0 0 0 0 0 0 0 0 0 0 0 0 0 0 0 0 0 0 0 0 0 0 0 0 0 0 0 0 0 0 0 0 0 0 0 0 0 0 0 0 0 0 0 0 0 0 0 0 0 0 0 0 0 0 0 0 0 0 0 0 0 0 0 0 0 0 0 0 0 
1235 0 0 0 124 26 0 0 0 0 0 100 0 0 180 0 0 0 0 0 0 0 180 1430 0 32 0 0 0 0 402 0 0 0 1275 0 0 0 0 64 64 16 0 0 0 0 0 0 64 160 13 96 0 0 0 0 0 0 0 0 144 0 0 0 0 0 167 0 0 0 0 0 0 0 0 0 416 204 0 0 0 0 131 2364 0 0 0 0 0 26 103 0 16 64 278 67 0 0 0 16 0 0 96 26 64 65 0 0 0 0 0 0 0 0 0 0 0 732 32 183 92 131 0 0 186 20 0 0 33 0 0 0 0 0 0 0 0 0 0 0 0 0 0 0 0 0 0 0 0 240 0 0 51 0 26 1867 160 0 0 0 0 80 40 40 0 26 0 64 0 0 0 1586 0 0 0 0 0 0 0 0 0 0 51 0 0 0 0 0 37 0 51 0 0 0 0 0 0 0 0 0 51 0 0 0 0 64 980 0 0 0 0 
748 0 0 0 0 0 0 0 0 0 64 0 0 0 0 0 0 0 0 0 0 0 0 435 0 0 100 0 0 0 20 0 0 0 40 0 0 0 0 0 0 0 64 0 0 0 0 0 0 161 0 0 0 0 0 0 0 0 0 0 0 0 0 80 0 0 0 0 0 0 0 0 0 0 0 0 0 156 0 0 0 0 83 160 0 0 0 0 0 16 413 0 0 0 195 0 0 0 0 0 0 0 13 131 0 0 0 0 0 0 0 0 0 0 0 0 0 422 0 26 0 80 0 0 0 51 0 0 0 32 0 0 0 0 0 0 0 0 0 0 0 0 0 0 0 0 0 64 0 106 0 0 0 0 92 1054 300 0 0 0 0 0 0 0 0 0 0 0 0 0 0 123 0 0 0 0 0 0 0 0 0 26 100 0 0 0 0 0 0 0 0 0 0 0 0 0 53 0 0 0 100 0 0 0 0 51 163 0 0 0 0 
180 0 80 0 0 0 0 0 0 0 0 0 0 0 232 0 0 0 0 0 0 0 0 291 40 0 0 0 0 0 138 64 0 0 40 0 0 0 0 0 0 0 0 0 0 0 0 0 100 46 51 0 0 0 0 0 0 0 0 0 100 0 0 0 0 0 13 0 0 0 0 0 0 0 0 0 77 16 0 0 0 0 64 352 0 0 0 0 0 20 144 0 0 0 157 0 0 0 20 0 0 0 0 0 80 0 0 0 0 0 0 32 0 0 0 0 0 496 0 100 0 0 0 0 26 0 0 100 0 0 0 0 0 0 0 0 0 0 0 0 80 0 0 0 0 40 0 0 126 0 0 0 100 0 0 478 0 0 0 0 0 64 0 132 0 0 0 0 0 0 0 348 0 0 0 0 0 0 0 0 0 0 16 0 0 0 0 0 100 0 51 0 0 0 0 0 57 0 0 0 100 0 0 0 0 0 234 32 0 64 0 
0 0 0 0 0 0 0 0 0 0 0 0 0 0 0 0 0 0 0 0 0 0 0 40 0 0 0 0 0 0 0 0 0 0 0 0 0 0 0 0 0 0 0 0 0 0 0 0 0 0 0 0 0 0 0 0 0 0 0 0 0 0 0 0 0 0 0 0 0 0 0 0 0 0 0 0 0 0 0 0 0 0 0 100 0 0 0 0 0 0 80 0 0 0 0 0 0 0 0 0 0 0 0 0 0 0 0 0 0 0 0 0 0 0 0 0 0 40 0 0 0 0 0 0 0 0 0 0 0 0 0 0 0 0 0 0 0 0 0 0 0 0 0 0 0 0 0 0 0 0 0 0 0 0 0 138 0 0 0 0 0 0 0 0 0 0 0 0 0 0 0 412 0 0 0 0 0 0 0 0 0 0 0 0 0 0 0 0 0 0 0 0 0 0 0 0 0 0 0 0 0 0 0 0 0 0 0 0 0 0 0 
64 0 0 0 0 0 0 0 0 0 0 0 0 0 0 0 0 0 0 0 0 0 0 20 0 0 0 0 0 0 0 0 0 0 20 0 0 0 0 0 0 0 0 0 0 0 0 0 0 0 0 0 0 0 0 0 0 0 0 0 0 0 0 0 0 0 0 0 0 0 0 0 0 0 0 0 0 0 0 0 0 0 0 13 0 0 0 0 0 0 16 0 0 0 0 0 0 0 0 32 0 0 0 0 0 0 0 0 0 0 0 0 0 0 0 0 0 112 0 0 0 0 0 0 80 0 0 0 0 0 20 0 0 0 0 0 0 0 0 0 0 0 0 0 0 0 0 0 0 0 0 0 0 0 0 40 0 0 0 0 0 0 0 0 0 0 0 0 0 0 0 0 0 0 0 0 0 0 0 0 0 0 0 0 0 0 0 0 0 0 0 0 0 0 0 0 0 0 0 0 0 0 0 0 0 0 80 0 0 0 0 
0 0 0 0 0 0 0 0 0 0 0 0 0 0 0 0 0 0 0 0 0 0 0 0 0 0 0 0 0 0 0 0 0 0 0 0 0 0 0 0 0 0 0 0 0 0 0 0 0 0 0 0 0 0 0 0 0 0 0 0 0 0 0 0 0 0 0 0 0 0 0 0 0 0 0 0 0 0 0 0 0 0 0 0 0 0 0 0 0 0 0 0 0 0 0 0 0 0 0 0 0 0 0 0 0 0 0 0 0 0 0 0 0 0 0 0 0 0 0 0 0 0 0 0 0 0 0 0 0 0 0 0 0 0 0 0 0 0 0 0 0 0 0 0 0 0 0 0 0 0 0 0 0 0 0 0 0 0 0 0 0 0 0 0 0 0 0 0 0 0 0 0 0 0 0 0 0 0 0 0 0 0 0 0 0 0 0 0 0 0 0 0 0 0 0 0 0 0 0 0 0 0 0 0 0 0 0 0 0 0 0 
0 0 0 0 0 0 0 0 0 0 0 0 0 0 0 0 0 0 0 0 0 0 0 0 0 0 0 0 0 0 0 0 0 0 0 0 0 0 0 0 0 0 0 0 0 0 0 0 0 0 0 0 0 0 0 0 0 0 0 0 0 0 0 0 0 0 0 0 0 0 0 0 0 0 0 0 0 0 0 0 0 0 0 0 0 0 0 0 0 0 0 0 0 0 0 0 0 0 0 0 0 0 0 0 0 0 0 0 0 0 0 0 0 0 0 0 0 0 0 0 0 0 0 0 0 0 0 0 0 0 0 0 0 0 0 0 0 0 0 0 0 0 0 0 0 0 0 0 0 0 0 0 0 0 0 0 0 0 0 0 0 0 0 0 0 0 0 0 0 0 0 0 0 0 0 0 0 0 0 0 0 0 0 0 0 0 0 0 0 0 0 0 0 0 0 0 0 0 0 0 0 0 0 0 0 0 0 0 0 0 0 
0 0 0 0 0 0 0 0 0 0 0 0 0 0 0 0 0 0 0 0 0 0 0 0 0 0 0 0 0 0 0 0 0 0 0 0 0 0 0 0 0 0 0 0 0 0 0 0 0 0 0 0 0 0 0 0 0 0 0 0 0 0 0 0 0 0 0 0 0 0 0 0 0 0 0 0 0 0 0 0 0 0 0 0 0 0 0 0 0 0 0 0 0 0 0 0 0 0 0 0 0 0 0 0 0 0 0 0 0 0 0 0 0 0 0 0 0 0 0 0 0 0 0 0 0 0 0 0 0 0 0 0 0 0 0 0 0 0 0 0 0 0 0 0 0 0 0 0 0 0 0 0 0 0 0 0 0 0 0 0 0 0 0 0 0 0 0 0 0 0 0 0 0 0 0 0 0 0 0 0 0 0 0 0 0 0 0 0 0 0 0 0 0 0 0 0 0 0 0 0 0 0 0 0 0 0 0 0 0 0 0 
859 0 0 0 264 0 0 26 0 0 0 0 0 0 180 0 0 0 0 0 0 0 164 356 0 83 0 0 0 0 34 0 0 0 293 58 0 0 0 0 0 0 0 0 0 51 0 0 61 115 311 0 0 0 0 0 0 215 0 0 0 0 0 0 64 0 0 100 0 0 0 0 0 0 0 0 211 146 0 0 0 0 16 828 0 0 0 0 0 32 354 40 0 0 0 100 0 0 0 231 200 0 144 64 0 0 0 0 0 0 80 0 0 0 0 0 0 918 0 315 0 13 0 0 73 37 0 0 54 0 0 0 0 0 51 0 0 0 0 0 0 0 0 0 100 186 0 64 16 13 0 0 0 26 90 1188 124 0 64 0 0 0 218 234 0 64 0 26 0 0 26 826 0 0 13 0 0 0 0 0 115 40 57 0 0 0 0 0 149 0 51 0 20 0 0 0 0 0 0 0 0 0 0 0 0 0 188 0 16 486 0 
37 0 0 0 0 0 0 0 0 0 0 0 0 0 0 0 0 0 0 0 0 0 0 26 0 0 0 0 0 0 0 0 0 0 0 0 0 0 0 0 0 0 0 0 0 0 0 0 0 0 0 0 0 0 0 0 0 0 0 0 0 0 0 0 0 0 0 0 0 0 0 0 0 0 0 20 64 0 0 0 0 0 0 26 0 0 0 0 0 0 165 0 20 0 13 13 0 0 0 0 40 0 0 40 0 0 0 0 0 0 0 0 0 0 0 0 0 93 0 128 0 0 0 0 0 0 20 0 0 0 0 0 0 0 0 0 0 0 0 0 0 0 0 0 0 0 0 0 0 0 0 0 0 0 0 92 102 0 0 0 0 0 0 0 0 0 0 0 0 0 0 16 0 0 0 0 0 0 0 0 0 26 0 0 0 0 0 0 0 0 0 0 0 0 0 0 0 0 0 0 0 0 0 0 0 0 0 0 0 51 0 
444 0 0 0 144 0 0 0 0 0 0 0 0 0 39 0 0 0 0 0 51 0 100 356 0 0 0 0 0 0 53 32 0 0 172 64 0 0 0 51 0 0 0 0 0 0 0 0 0 0 0 0 0 0 0 0 0 0 0 0 0 0 0 0 0 0 74 0 0 0 0 0 0 0 0 0 0 170 0 0 0 40 42 274 0 0 0 0 0 0 529 0 0 0 64 0 0 0 0 0 0 0 20 140 0 32 0 0 0 0 0 0 0 0 0 0 0 522 20 67 67 16 0 0 0 32 0 94 0 0 26 0 0 0 0 0 0 0 0 0 64 0 0 0 140 0 0 0 51 0 0 0 0 0 238 625 115 0 0 0 0 0 37 0 0 0 0 0 0 0 13 541 0 0 0 0 0 0 0 0 13 40 117 0 0 0 0 0 0 0 40 0 13 0 0 0 0 0 0 0 0 0 0 0 0 100 114 0 0 0 0 
64 0 0 0 0 0 0 0 0 0 0 0 0 0 0 0 0 0 0 0 0 0 0 16 0 100 0 0 0 0 0 0 0 0 0 0 0 0 0 0 0 0 0 0 0 0 0 0 0 0 0 0 0 0 0 0 0 0 0 0 0 0 0 0 0 0 0 0 0 0 0 0 0 0 0 0 0 0 0 0 0 0 0 83 0 0 0 0 0 0 0 0 0 0 0 0 0 0 0 0 0 0 0 0 0 0 0 0 0 0 0 0 0 0 0 0 0 0 40 0 0 80 0 0 117 0 0 0 0 0 0 0 0 0 0 0 0 0 0 0 0 0 0 0 0 0 0 0 0 0 0 0 0 0 100 39 0 0 0 0 0 0 16 0 0 0 0 0 0 0 0 83 0 0 0 0 0 0 0 0 0 0 0 0 0 0 0 0 0 0 0 0 0 0 0 0 0 0 0 0 0 0 0 0 0 0 0 0 0 0 0 
13 0 0 0 0 0 0 0 0 0 0 0 0 0 26 0 0 0 0 0 26 0 64 286 0 26 0 0 16 0 0 0 0 0 0 16 0 0 0 0 0 0 0 0 0 0 0 0 0 0 80 0 0 0 0 0 0 200 0 0 51 0 0 0 0 0 100 0 0 0 0 0 0 0 0 0 49 563 0 0 0 0 0 279 0 0 0 0 0 0 267 16 0 0 0 0 0 0 0 0 0 0 0 40 0 0 0 0 0 0 0 0 81 0 0 0 0 26 0 216 0 0 0 0 160 0 0 0 0 0 0 0 0 0 0 0 0 0 0 0 0 0 0 0 0 32 0 0 16 0 0 0 0 0 104 620 40 0 0 0 0 16 251 0 0 0 0 0 0 0 0 193 0 0 0 0 0 0 0 0 40 0 0 0 0 0 0 0 0 0 0 0 0 0 0 0 0 0 0 0 77 0 0 0 0 0 40 0 32 64 0 
0 0 0 0 0 0 0 0 0 0 0 0 0 0 0 0 0 0 0 0 0 0 0 0 0 0 0 0 0 0 0 0 0 0 0 0 0 0 0 0 0 0 0 0 0 0 0 0 0 0 0 0 0 0 0 0 0 0 0 0 0 0 0 0 0 0 0 0 0 0 0 0 0 0 0 0 0 0 0 0 0 0 0 0 0 0 0 0 0 0 0 0 0 0 0 0 0 0 0 0 0 0 0 0 0 0 0 0 0 0 0 0 0 0 0 0 0 0 0 0 0 0 0 0 0 0 0 0 0 0 0 0 0 0 0 0 0 0 0 0 0 0 0 0 0 0 0 0 0 0 0 0 0 0 0 0 0 0 0 0 0 0 0 0 0 0 0 0 0 0 0 0 0 0 0 0 0 0 0 0 0 0 0 0 0 0 0 0 0 0 0 0 0 0 0 0 0 0 0 0 0 0 0 0 0 0 0 0 0 0 0 
0 0 0 0 0 0 0 0 0 0 0 0 0 0 0 0 0 0 0 0 0 0 0 32 0 0 0 0 0 0 0 0 0 0 0 0 0 0 0 0 0 0 0 0 0 0 0 0 0 16 0 0 0 0 0 0 0 0 0 0 0 0 0 0 0 0 0 0 0 0 0 0 0 0 0 0 0 0 0 0 0 0 0 64 0 0 0 0 0 0 0 0 0 0 0 0 0 0 0 80 0 0 0 0 0 0 0 0 0 0 0 0 0 0 0 80 0 0 0 0 0 100 0 0 51 0 0 0 0 0 0 0 0 0 0 0 0 0 0 0 0 0 0 0 0 0 0 0 0 0 0 0 0 0 0 0 13 0 0 0 0 0 0 0 0 0 0 0 0 0 51 13 0 0 0 0 0 0 0 0 26 0 0 0 0 0 0 0 0 0 0 0 0 0 0 0 0 0 0 0 26 0 0 0 0 0 0 0 0 0 0 
26 0 0 0 0 0 0 0 0 0 20 0 0 0 16 0 0 0 0 0 0 0 0 71 0 16 0 0 100 0 0 0 0 0 0 0 0 0 0 0 0 0 0 0 0 0 0 0 0 20 0 0 0 0 0 0 0 64 0 0 0 0 0 0 0 0 0 0 0 0 0 0 0 0 0 0 0 0 0 0 0 0 0 104 0 0 0 0 0 0 151 0 0 0 0 0 0 0 0 80 0 0 0 0 0 0 0 0 0 0 0 0 0 0 0 0 0 39 0 0 0 100 0 0 389 0 131 0 0 0 0 0 0 0 0 0 0 0 0 0 0 0 0 0 0 0 0 0 26 0 0 0 0 0 0 79 0 0 0 0 0 0 100 0 0 0 0 0 0 0 0 154 0 0 0 0 0 0 0 0 0 0 0 0 0 0 0 0 0 0 0 0 0 0 0 0 0 0 0 0 0 0 0 0 0 0 0 0 0 0 0 
851 0 0 0 0 0 0 0 0 0 51 0 0 0 273 0 0 0 0 0 0 0 62 832 0 117 0 0 0 0 445 26 0 0 214 0 0 0 0 20 0 0 0 0 0 0 0 16 40 305 96 32 0 26 0 0 0 32 0 0 26 0 0 0 0 102 132 100 0 0 0 0 0 51 0 0 204 262 13 0 0 0 67 680 0 20 0 0 0 84 204 153 0 32 64 0 0 0 0 40 140 0 248 149 58 231 0 0 0 0 0 513 0 0 0 0 0 874 51 120 156 120 0 0 75 191 16 0 80 0 26 0 0 0 0 0 0 0 0 0 93 0 0 0 0 0 0 80 157 20 0 0 67 135 13 1533 88 0 0 0 0 160 180 157 0 0 0 0 0 0 0 947 0 0 0 0 20 0 0 0 34 144 16 80 0 0 0 0 0 0 0 0 0 0 0 0 33 0 0 0 0 0 0 0 0 0 80 0 0 61 0 
0 0 0 0 0 0 0 0 0 0 0 0 0 0 0 0 0 0 0 0 0 0 0 0 0 0 0 0 0 0 0 0 0 0 0 0 0 0 0 0 0 0 0 0 0 0 0 0 0 0 0 0 0 0 0 0 0 0 0 0 0 0 0 0 0 0 0 0 0 0 0 0 0 0 0 0 0 0 0 0 0 0 0 0 0 0 0 0 0 0 0 0 0 0 0 0 0 0 0 0 0 0 0 0 0 0 0 0 0 0 0 0 0 0 0 0 0 0 0 0 0 0 0 0 0 0 0 0 0 0 0 0 0 0 0 0 0 0 0 0 0 0 0 0 0 0 0 0 0 0 0 0 0 0 0 0 0 0 0 0 0 0 0 0 0 0 0 0 0 0 0 0 0 0 0 0 0 0 0 0 0 0 0 0 0 0 0 0 0 0 0 0 0 0 0 0 0 0 0 0 0 0 0 0 0 0 0 0 0 0 0 
148 0 0 0 77 0 0 0 0 0 0 0 0 0 0 0 0 0 0 0 0 0 51 401 0 0 0 0 0 0 92 0 0 0 100 0 0 0 0 40 0 0 0 0 0 0 0 0 0 51 0 100 0 0 0 0 0 0 0 0 0 0 0 0 0 0 0 0 0 0 0 0 0 0 0 0 0 13 0 0 0 0 0 312 0 0 0 0 0 0 30 0 0 26 0 0 0 0 0 0 0 0 0 0 0 136 0 0 0 0 0 0 0 0 0 0 0 94 32 64 100 26 0 0 53 0 20 0 0 0 0 0 20 0 0 0 0 0 0 0 0 0 0 0 0 0 32 0 20 100 0 0 20 16 16 436 0 0 0 0 0 0 100 0 0 0 0 100 0 0 0 131 0 0 0 0 0 0 0 0 0 0 0 0 0 0 0 0 0 13 0 0 0 0 0 0 0 0 0 0 0 64 0 0 0 0 132 0 0 0 0 
0 0 0 0 0 0 0 0 0 0 0 0 0 0 0 0 0 0 0 0 0 0 0 0 0 0 0 0 0 0 0 0 0 0 0 0 0 0 0 0 0 0 0 0 0 0 0 0 0 0 0 0 0 0 0 0 0 0 0 0 0 0 0 0 0 0 0 0 0 0 0 0 0 0 0 0 0 0 0 0 0 0 0 0 0 0 0 0 0 0 0 0 0 0 0 0 0 0 0 0 0 0 0 0 0 0 0 0 0 0 0 0 0 0 0 0 0 0 0 0 0 0 0 0 0 0 0 0 0 0 0 0 0 0 0 0 0 0 0 0 0 0 0 0 0 0 0 0 0 0 0 0 0 0 0 0 0 0 0 0 0 0 0 0 0 0 0 0 0 0 0 0 0 0 0 0 0 0 0 0 0 0 0 0 0 0 0 0 0 0 0 0 0 0 0 0 0 0 0 0 0 0 0 0 0 0 0 0 0 0 0 
506 0 0 0 16 0 0 0 0 0 0 0 0 0 164 0 0 0 0 0 0 0 181 924 13 84 13 0 96 0 281 64 0 0 328 67 0 0 0 0 0 0 0 0 0 0 54 0 102 165 100 0 0 0 0 0 0 116 0 0 144 0 0 40 0 0 0 0 0 0 0 0 0 0 0 0 172 217 0 0 0 0 164 443 0 0 0 0 0 115 438 40 0 0 0 0 0 0 0 132 0 0 112 16 16 185 0 0 0 0 0 120 0 0 0 80 0 264 0 87 180 57 0 0 138 0 100 16 122 0 26 0 0 0 0 0 0 0 0 0 0 0 0 0 0 100 0 0 243 100 0 0 0 16 129 1262 336 0 0 0 0 80 112 100 0 0 51 0 0 0 0 1595 0 20 57 0 0 0 0 0 80 160 0 0 0 0 0 0 67 0 0 0 256 0 0 0 39 0 0 0 78 0 32 0 0 0 131 0 64 126 0 
52 0 0 0 0 0 0 0 0 0 0 0 0 0 0 0 0 0 0 0 0 0 0 16 0 0 0 0 0 0 0 0 0 0 51 0 0 0 0 160 0 0 0 0 0 0 0 0 0 0 0 0 0 0 0 0 0 100 0 0 0 0 0 0 0 0 0 0 0 0 0 0 0 0 0 0 0 0 0 0 0 0 0 98 0 0 0 0 0 0 0 0 0 0 0 0 0 0 0 0 0 0 0 0 0 145 0 0 0 0 0 0 0 0 0 0 0 49 0 0 0 0 0 0 13 0 0 0 0 0 0 0 0 0 0 0 0 0 0 0 0 0 0 0 0 0 0 0 0 0 0 0 0 0 0 208 0 0 0 0 0 0 100 0 0 0 0 0 0 0 0 64 0 0 0 0 0 0 0 0 0 0 0 0 0 0 0 0 0 0 0 0 0 0 0 0 0 0 16 0 0 0 0 0 0 0 0 0 0 0 0 
84 0 0 0 51 0 0 0 0 0 0 0 0 0 0 0 0 0 0 0 0 0 40 446 0 0 0 0 0 0 0 0 0 0 0 0 0 0 0 0 0 0 0 0 0 0 0 0 0 40 0 0 0 0 0 0 0 0 0 0 13 0 0 0 0 0 0 100 0 0 0 0 0 0 0 0 40 20 0 0 0 0 0 20 0 0 0 0 0 0 0 0 0 0 26 0 0 0 0 0 0 0 26 73 0 0 0 0 0 0 0 0 0 0 0 0 0 106 0 0 0 0 0 0 0 0 0 0 13 0 0 0 0 0 0 0 0 0 0 0 0 0 0 0 0 0 0 0 0 0 0 0 0 0 0 251 0 0 32 0 0 0 213 0 0 0 0 0 0 0 0 172 0 0 0 0 0 0 0 0 0 0 0 0 0 0 0 0 0 0 0 0 0 0 0 0 0 0 0 0 0 0 49 0 0 0 0 0 0 13 0 
0 0 0 0 0 0 0 0 0 0 0 0 0 0 0 0 0 0 0 0 0 0 0 0 0 0 0 0 0 0 0 0 0 0 0 0 0 0 0 0 0 0 0 0 0 0 0 0 0 0 0 0 0 0 0 0 0 0 0 0 0 0 0 0 0 0 0 0 0 0 0 0 0 0 0 0 0 0 0 0 0 0 0 0 0 0 0 0 0 0 0 0 0 0 0 0 0 0 0 0 0 0 0 0 0 0 0 0 0 0 0 0 0 0 0 0 0 0 0 0 0 0 0 0 0 0 0 0 0 0 0 0 0 0 0 0 0 0 0 0 0 0 0 0 0 0 0 0 0 0 0 0 0 0 0 0 0 0 0 0 0 0 0 0 0 0 0 0 0 0 0 0 0 0 0 0 0 0 0 0 0 0 0 0 0 0 0 0 0 0 0 0 0 0 0 0 0 0 0 0 0 0 0 0 0 0 0 0 0 0 0 
0 0 0 0 0 0 0 0 0 0 0 0 0 0 0 0 0 0 0 0 0 0 0 16 0 0 0 0 0 0 0 0 0 0 0 0 0 0 0 0 0 0 0 64 0 0 0 0 0 0 0 0 0 0 0 0 0 64 0 0 0 0 0 0 0 0 0 0 0 0 0 0 0 0 0 0 0 0 0 0 0 0 0 53 0 0 0 0 0 0 0 0 0 0 0 0 0 0 0 0 0 0 0 0 0 0 0 0 0 0 0 0 0 0 0 0 0 30 0 0 0 0 0 0 0 0 0 0 0 0 0 0 0 0 0 0 0 0 0 0 0 0 0 0 0 0 0 0 0 0 0 0 0 0 32 26 0 0 0 0 0 0 0 0 0 0 0 0 0 0 0 49 0 0 40 0 0 0 0 0 0 0 0 0 0 0 0 0 0 0 0 0 0 0 0 0 0 0 0 0 0 0 0 0 0 0 0 0 0 0 0 
264 0 0 0 80 0 0 0 0 0 0 0 0 0 0 0 0 0 0 0 0 0 16 247 0 0 0 0 64 0 0 0 0 0 0 0 0 0 0 0 0 0 0 0 0 0 0 0 0 47 0 0 0 0 0 0 0 0 0 0 20 0 0 0 0 0 0 0 0 0 0 0 0 0 0 0 0 144 0 0 0 0 0 229 0 0 0 0 0 0 350 0 0 0 115 0 0 0 0 0 0 0 0 64 0 0 0 100 0 0 0 0 0 0 0 0 0 264 0 0 0 104 0 0 81 0 0 0 0 0 0 0 0 0 0 0 0 0 0 0 0 0 0 0 0 0 0 0 32 20 0 0 80 0 0 412 0 0 0 0 0 0 100 0 0 0 0 0 0 0 0 268 0 0 0 0 0 0 0 0 0 0 0 0 0 0 0 0 0 0 0 0 0 0 0 0 16 0 0 0 65 0 0 0 0 0 161 0 51 0 0 
9264 0 0 0 26 51 0 0 0 0 208 64 0 0 642 0 0 0 0 0 80 0 1308 3926 51 351 151 0 0 0 972 0 0 0 625 34 0 0 32 51 64 0 0 0 0 47 0 0 144 403 57 80 0 61 0 0 0 139 51 0 42 0 0 53 0 0 103 0 0 0 0 0 0 0 0 0 589 257 20 0 0 0 383 1644 13 64 0 0 0 30 559 128 0 0 323 560 0 0 140 51 40 0 288 100 295 0 0 0 0 0 0 319 0 0 0 0 0 3730 51 599 103 658 0 0 708 312 0 64 205 80 117 0 0 0 0 0 0 0 0 0 84 0 0 0 0 136 160 0 412 498 0 0 300 165 2228 6784 363 26 64 0 0 331 216 137 0 92 40 0 0 0 126 1395 0 51 0 0 0 0 0 0 90 103 300 0 0 0 0 0 490 51 112 0 80 0 0 80 841 0 72 0 220 0 164 0 0 80 419 0 60 136 0 
0 0 0 0 0 0 0 0 0 0 0 0 0 0 0 0 0 0 0 0 0 0 0 64 0 0 0 0 0 0 0 0 0 0 0 0 0 0 0 0 0 0 0 0 0 0 0 0 0 0 0 0 0 0 0 0 0 0 0 0 0 0 0 32 0 0 0 0 0 0 0 0 0 0 0 0 0 0 0 0 0 0 0 16 0 0 0 0 0 0 0 100 0 0 0 0 0 0 0 0 0 0 0 0 0 0 0 0 0 0 0 0 0 0 0 0 0 0 0 0 0 0 0 0 0 0 0 0 0 0 0 0 0 0 0 0 0 0 0 0 0 0 0 0 0 20 0 0 0 0 0 0 0 0 0 0 0 0 0 0 0 0 0 0 0 0 0 0 0 0 0 100 0 0 0 0 0 0 0 0 20 0 64 0 0 0 0 0 40 0 0 0 0 0 0 0 0 0 0 0 0 0 0 0 0 0 51 0 0 0 0 
1144 0 0 0 0 0 0 0 0 0 64 0 0 0 0 0 0 0 0 0 0 0 120 257 0 164 0 0 51 0 13 0 0 0 77 0 0 0 51 0 0 0 0 0 0 0 0 0 0 20 0 0 0 0 0 0 0 96 0 0 0 0 0 0 0 0 0 0 0 0 26 0 0 0 0 0 0 64 0 0 0 0 32 202 0 0 0 0 0 0 40 0 0 0 0 0 0 0 0 20 0 0 0 0 0 0 0 0 26 0 0 113 0 0 0 0 0 650 0 104 0 200 0 0 278 0 0 0 0 0 0 0 0 0 0 0 0 0 0 0 0 0 0 0 0 0 0 0 0 20 0 0 40 0 108 506 16 0 0 0 0 100 26 0 0 0 0 0 0 0 0 331 0 0 0 0 0 0 0 0 0 51 0 0 0 0 0 0 0 0 0 0 0 0 0 32 84 0 0 0 0 0 0 0 0 0 0 0 0 32 0 
657 0 0 0 51 0 0 0 0 0 40 102 0 0 340 0 0 0 0 0 0 0 264 471 0 179 51 0 104 0 241 0 0 0 637 112 0 0 0 0 0 0 0 0 0 16 13 0 32 51 0 0 0 0 0 0 0 13 0 0 0 0 0 0 64 0 0 0 0 0 0 0 0 0 0 51 274 254 80 0 0 0 195 788 0 0 0 0 0 13 735 0 0 0 180 0 0 0 0 0 32 0 163 0 80 0 26 0 0 0 0 80 0 0 32 0 0 506 0 237 160 106 0 0 141 0 0 20 53 0 51 0 0 0 0 0 0 0 0 0 0 0 0 0 0 0 0 0 160 224 0 0 173 51 291 1028 564 0 0 0 0 0 13 0 0 0 0 80 0 0 0 1854 0 0 0 0 20 0 0 0 201 80 0 0 0 0 0 0 26 0 0 0 0 0 0 26 67 0 0 0 40 0 0 0 0 0 261 0 30 0 0 
0 0 0 0 0 0 0 0 0 0 0 0 0 0 0 0 0 0 0 0 0 0 0 0 0 0 0 0 0 0 0 0 0 0 0 0 0 0 0 0 0 0 0 0 0 0 0 0 0 0 0 0 0 0 0 0 0 0 0 0 0 0 0 0 0 0 0 0 0 0 0 0 0 0 0 0 0 0 0 0 0 0 0 0 0 0 0 0 0 0 0 0 0 0 0 0 0 0 0 0 0 0 0 0 0 0 0 0 0 0 0 0 0 0 0 0 0 0 0 0 0 0 0 0 0 0 0 0 0 0 0 0 0 0 0 0 0 0 0 0 0 0 0 0 0 0 0 0 0 0 0 0 0 0 0 0 0 0 0 0 0 0 0 0 0 0 0 0 0 0 0 0 0 0 0 0 0 0 0 0 0 0 0 0 0 0 0 0 0 0 0 0 0 0 0 0 0 0 0 0 0 0 0 0 0 0 0 0 0 0 0 
