5718 0 106 0 162 32 0 0 0 80 401 100 0 0 498 32 0 16 0 0 322 0 915 11753 250 273 0 0 0 16 1721 26 0 0 1053 26 0 0 96 302 20 0 54 0 0 290 92 32 845 1197 396 1163 0 312 0 0 0 120 0 0 174 40 0 30 51 51 466 0 0 0 64 0 0 2426 0 100 1847 2079 41 0 0 0 58 5569 0 160 0 0 0 333 1270 1084 156 591 437 1724 0 0 165 328 144 0 1228 323 303 156 0 0 32 0 0 291 0 0 16 81 0 21667 0 1424 179 1055 0 0 3517 393 51 99 281 51 256 1184 253 0 0 0 0 0 0 0 135 40 0 40 0 124 528 26 660 287 0 0 30 768 2048 14775 115 88 210 0 164 58 471 366 0 126 106 207 64 0 0 5685 0 0 305 0 13 0 64 0 90 708 200 0 13 0 0 0 257 26 190 0 360 0 0 72 1947 0 126 0 610 0 0 0 153 88 1267 47 303 736 0 
0 80 0 0 0 0 0 0 0 0 0 0 0 0 0 0 0 0 0 0 0 0 0 0 0 0 0 0 0 0 0 0 0 0 0 0 0 0 0 0 0 0 0 0 0 0 0 0 0 100 0 0 0 0 0 0 0 0 0 0 0 0 0 0 0 0 0 0 0 0 0 0 0 0 0 0 0 0 0 0 0 0 0 0 0 0 0 0 0 0 0 0 0 0 0 0 0 0 0 0 0 0 0 104 0 0 0 0 0 0 0 0 0 0 0 0 0 0 0 0 0 0 0 0 0 0 0 0 0 0 0 0 0 0 0 0 0 0 0 0 0 0 0 0 0 0 0 0 0 0 0 0 0 0 67 0 0 0 0 0 0 0 0 0 0 0 0 53 0 0 0 0 0 0 0 0 0 0 0 0 0 0 0 0 0 0 0 0 0 0 0 0 0 0 0 0 0 0 0 0 0 0 0 0 0 0 0 0 0 0 0 
0 0 0 0 0 0 0 0 0 0 0 0 0 0 20 0 0 0 0 0 0 0 0 0 0 0 0 0 0 0 0 0 0 0 51 0 0 0 0 0 0 0 0 0 0 0 0 0 0 13 0 0 0 0 0 0 0 0 0 0 0 0 0 0 0 0 0 0 0 0 0 0 0 0 0 0 0 0 0 0 0 0 0 0 0 0 0 0 0 80 0 0 0 0 0 0 0 0 0 0 0 0 0 0 0 0 0 0 0 0 0 0 0 0 0 0 0 26 0 0 0 0 0 0 0 0 0 0 0 0 0 0 0 0 0 0 0 0 0 0 0 0 0 0 0 0 0 0 0 0 0 0 0 0 0 40 0 0 0 0 0 0 0 0 0 0 0 0 0 0 0 0 0 0 0 0 0 0 0 0 0 0 0 0 0 0 0 0 0 0 0 0 0 0 0 0 0 0 0 0 0 0 0 0 0 0 0 0 0 0 0 
0 0 0 0 0 0 0 0 0 0 0 0 0 0 0 0 0 0 0 0 0 0 0 0 0 0 0 0 0 0 0 0 0 0 0 0 0 0 0 0 0 0 0 0 0 0 0 0 0 0 0 0 0 0 0 0 0 0 0 0 0 0 0 0 0 0 0 0 0 0 0 0 0 0 0 0 0 0 0 0 0 0 0 0 0 0 0 0 0 0 0 0 0 0 0 0 0 0 0 0 0 0 0 0 0 0 0 0 0 0 0 0 0 0 0 0 0 0 0 0 0 0 0 0 0 0 0 0 0 0 0 0 0 0 0 0 0 0 0 0 0 0 0 0 0 0 0 0 0 0 0 0 0 0 0 0 0 0 0 0 0 0 0 0 0 0 0 0 0 0 0 0 0 0 0 0 0 0 0 0 0 0 0 0 0 0 0 0 0 0 0 0 0 0 0 0 0 0 0 0 0 0 0 0 0 0 0 0 0 0 0 
116 0 0 0 0 0 0 0 0 0 0 0 0 0 26 0 0 0 0 0 0 0 0 240 0 0 0 0 0 0 13 0 0 0 70 0 0 0 0 100 0 0 0 0 0 0 0 0 0 0 0 80 0 0 0 0 0 0 0 0 0 0 0 0 0 0 0 0 0 0 0 0 0 0 0 0 100 0 0 0 0 0 0 151 0 0 0 0 0 40 181 100 13 0 0 0 0 0 0 0 0 0 0 0 0 0 0 0 0 0 0 0 0 0 0 0 0 436 0 20 0 0 0 0 20 0 0 0 0 0 0 0 0 0 0 0 0 0 0 0 0 0 0 0 0 0 0 20 0 0 0 0 100 0 64 891 0 0 0 0 0 0 0 16 0 0 51 0 0 0 0 199 0 0 0 0 0 0 0 0 0 0 0 0 0 0 0 0 0 0 0 0 0 0 0 0 120 0 0 0 0 0 0 0 0 0 64 0 0 0 0 
0 0 0 0 0 0 0 0 0 0 0 0 0 0 200 0 0 0 0 0 0 0 51 0 0 0 0 0 0 0 83 0 0 0 0 13 0 0 0 0 0 0 0 0 0 0 0 0 0 0 0 0 0 0 0 0 0 0 0 0 0 0 0 0 0 0 0 0 0 0 0 0 0 0 0 0 0 0 0 0 0 0 0 80 0 0 0 0 0 0 67 0 0 0 0 0 0 0 0 0 0 0 0 0 0 0 0 0 0 0 0 0 0 0 0 0 0 121 0 0 0 0 0 0 0 0 0 0 0 0 0 0 0 0 0 0 0 0 0 0 0 0 0 0 0 0 0 0 0 0 0 0 0 0 80 485 0 0 0 0 0 0 0 0 0 0 0 0 0 0 0 37 0 0 0 0 0 0 0 0 0 0 0 0 0 0 0 0 0 0 0 0 0 0 0 0 0 0 0 0 0 0 0 0 0 0 13 0 0 0 0 
0 0 0 0 0 0 0 0 0 0 0 0 0 0 0 0 0 0 0 0 0 0 0 0 0 0 0 0 0 0 0 0 0 0 0 0 0 0 0 0 0 0 0 0 0 0 0 0 0 0 0 0 0 0 0 0 0 0 0 0 0 0 0 0 0 0 0 0 0 0 0 0 0 0 0 0 0 0 0 0 0 0 0 100 0 0 0 0 0 0 0 0 0 0 0 0 0 0 0 0 0 0 0 40 0 0 0 0 0 0 0 0 0 0 0 0 0 51 0 0 0 0 0 0 0 0 0 0 0 0 0 0 0 0 0 0 0 0 0 0 0 0 0 0 0 0 0 0 0 0 0 0 0 0 0 80 0 0 0 0 0 0 0 0 0 0 0 0 0 0 0 0 0 0 0 0 0 0 0 0 0 0 0 0 0 0 0 0 0 0 0 0 0 0 0 0 0 0 0 0 0 0 0 0 0 0 0 0 0 0 0 
0 0 0 0 0 0 0 0 0 0 0 0 0 0 20 0 0 0 0 0 0 0 0 16 0 0 0 0 0 0 0 0 0 0 0 0 0 0 0 0 0 0 0 0 0 0 0 0 0 0 0 0 0 0 0 0 0 0 0 0 0 26 0 0 0 0 0 0 0 0 0 0 0 0 0 0 0 0 0 0 0 0 0 64 0 0 0 0 0 0 32 0 0 0 0 0 0 0 0 0 0 0 0 0 0 0 0 0 0 0 0 0 0 0 0 0 0 108 0 13 0 0 0 0 0 0 0 0 0 0 0 0 0 0 0 0 0 0 0 0 0 0 0 0 0 0 0 0 0 0 0 0 51 0 80 96 0 0 0 0 0 0 0 0 0 0 0 0 0 0 0 547 0 0 0 0 0 0 0 0 0 0 0 0 0 0 0 0 0 0 0 0 0 0 0 0 0 0 0 0 0 0 0 0 0 0 0 0 0 0 0 
80 0 0 0 0 0 0 0 0 0 0 0 0 0 0 0 0 0 0 0 0 0 0 64 0 0 0 0 0 0 0 0 0 0 0 0 0 0 0 0 0 0 0 0 0 0 0 0 0 0 0 0 0 0 0 0 0 0 0 0 0 0 0 0 13 0 0 0 0 0 0 0 0 0 0 0 0 0 0 0 0 0 0 0 0 0 0 0 0 0 0 0 0 0 0 0 0 0 0 0 0 0 0 26 0 0 0 0 0 0 0 0 0 0 0 0 0 65 0 0 0 0 0 0 0 0 0 0 0 0 0 0 0 0 0 0 0 0 0 0 0 0 0 0 0 0 0 0 0 0 0 0 0 0 0 0 0 0 0 0 0 0 80 0 0 0 0 0 0 0 0 0 0 0 0 0 0 0 0 0 0 0 0 0 0 0 0 0 0 0 0 100 0 0 0 0 0 0 0 0 0 0 0 0 0 0 100 51 0 0 0 
116 0 0 0 0 0 0 0 0 0 0 0 0 0 0 0 0 0 0 0 0 0 0 32 0 0 0 0 0 0 13 0 0 0 20 0 0 0 0 0 0 0 0 0 0 0 0 0 0 51 0 0 0 0 0 0 0 0 0 0 0 0 0 0 0 0 0 0 0 0 0 0 0 0 0 0 0 0 0 0 0 0 0 80 0 0 0 0 0 0 52 0 0 0 0 0 0 0 0 0 0 0 40 0 0 40 0 0 0 0 0 0 0 0 0 0 0 379 0 0 0 26 0 0 0 0 0 100 0 0 0 0 0 0 0 0 0 0 0 0 0 0 0 0 0 0 0 0 0 0 0 0 0 32 0 882 0 0 0 0 0 0 0 0 0 0 0 0 0 0 0 49 0 0 0 0 0 0 0 0 0 64 20 0 0 0 0 0 0 0 32 0 0 0 0 0 26 0 0 0 0 0 0 0 0 0 0 0 0 0 0 
610 0 0 0 0 0 0 0 0 0 20 0 0 0 280 0 0 0 0 0 0 0 126 368 100 0 0 0 0 0 0 0 0 0 396 0 0 0 0 0 0 0 26 0 0 0 0 0 51 0 0 0 0 0 0 0 0 0 0 0 51 0 0 100 0 0 0 0 0 0 0 0 0 0 0 80 16 112 40 0 0 32 0 339 0 0 0 0 0 32 149 13 0 0 0 0 0 0 100 0 0 0 0 0 26 0 0 20 0 0 0 13 0 0 0 0 0 1255 0 149 0 52 0 0 26 0 0 0 51 0 0 0 0 0 0 0 0 0 0 0 13 0 0 0 0 0 0 0 40 40 0 0 39 0 83 2416 0 64 0 0 0 0 0 100 0 0 0 0 0 0 0 191 0 0 0 0 0 0 0 0 32 54 0 0 0 0 0 0 100 0 0 0 0 0 0 0 0 0 0 0 0 0 0 0 0 0 320 0 0 0 0 
40 0 0 0 0 0 0 0 0 0 0 0 0 0 200 0 0 0 0 0 0 0 0 60 0 200 0 0 0 0 40 0 0 0 0 0 0 0 64 0 0 0 0 0 0 0 0 0 0 122 0 0 0 26 0 0 0 0 0 0 0 16 0 0 0 0 0 0 0 0 0 0 0 0 0 0 40 0 0 0 0 0 0 221 0 0 0 0 0 0 100 0 0 0 0 0 0 0 0 0 0 0 0 0 0 0 0 0 0 0 0 0 0 0 0 0 0 282 0 0 0 0 0 0 80 100 0 0 0 0 0 0 0 0 0 0 0 0 0 0 0 0 0 0 0 0 0 0 0 0 0 0 0 0 0 1037 100 0 0 0 0 26 0 0 0 0 0 0 0 0 0 52 0 0 0 0 0 0 0 0 0 0 0 0 0 0 0 0 16 0 0 0 0 0 0 0 64 0 0 0 0 0 0 0 0 0 131 0 13 0 0 
0 0 0 0 0 0 0 0 0 0 0 0 0 0 0 0 0 0 0 0 0 0 0 0 0 0 0 0 0 0 0 0 0 0 0 0 0 0 0 0 0 0 0 0 0 0 0 0 0 0 0 0 0 0 0 0 0 0 0 0 0 0 0 0 0 0 0 0 0 0 0 0 0 0 0 0 0 0 0 0 0 0 0 0 0 0 0 0 0 0 0 0 0 0 0 0 0 0 0 0 0 0 0 0 0 0 0 0 0 0 0 0 0 0 0 0 0 0 0 0 0 0 0 0 0 0 0 0 0 0 0 0 0 0 0 0 0 0 0 0 0 0 0 0 0 0 0 0 0 0 0 0 0 0 0 0 0 0 0 0 0 0 0 0 0 0 0 0 0 0 0 0 0 0 0 0 0 0 0 0 0 0 0 0 0 0 0 0 0 0 0 0 0 0 0 0 0 0 0 0 0 0 0 0 0 0 0 0 0 0 0 
0 0 0 0 0 0 0 0 0 0 0 0 0 0 0 0 0 0 0 0 0 0 0 0 0 0 0 0 0 0 0 0 0 0 0 0 0 0 0 0 0 0 0 0 0 0 0 0 0 0 0 0 0 0 0 0 0 0 0 0 0 0 0 0 0 0 0 0 0 0 0 0 0 0 0 0 0 0 0 0 0 0 0 0 0 0 0 0 0 0 0 0 0 0 0 0 0 0 0 0 0 0 0 0 0 0 0 0 0 0 0 0 0 0 0 0 0 0 0 0 0 0 0 0 0 0 0 0 0 0 0 0 0 0 0 0 0 0 0 0 0 0 0 0 0 0 0 0 0 0 0 0 0 0 0 0 0 0 0 0 0 0 0 0 0 0 0 0 0 0 0 0 0 0 0 0 0 0 0 0 0 0 0 0 0 0 0 0 0 0 0 0 0 0 0 0 0 0 0 0 0 0 0 0 0 0 0 0 0 0 0 
994 0 0 0 0 0 0 0 0 0 13 0 0 0 370 0 0 0 0 0 100 0 175 4289 257 78 0 0 0 0 944 0 0 0 327 0 0 0 0 231 134 0 0 0 0 132 77 32 834 749 40 32 0 16 0 0 0 73 0 0 0 100 0 0 51 16 128 0 0 0 0 0 0 0 0 0 478 673 0 0 0 96 0 2452 0 0 80 0 0 235 517 1265 64 72 32 96 0 0 160 0 228 0 126 242 16 0 0 0 0 0 0 20 0 0 0 0 0 4678 80 397 125 459 0 0 380 799 0 485 47 51 200 40 0 0 0 0 0 0 0 0 0 0 0 0 0 20 0 0 139 13 0 64 350 26 1218 10794 167 0 73 0 0 464 132 296 0 312 165 100 46 0 0 1993 0 179 30 0 0 0 0 0 110 246 37 0 0 0 0 0 112 80 139 0 64 0 64 0 561 0 0 0 196 0 80 0 16 0 821 128 0 211 0 
0 0 0 0 0 0 0 0 0 20 80 0 0 0 64 0 0 0 0 0 0 0 0 0 0 0 0 0 0 0 0 0 0 0 0 0 0 0 0 0 0 0 0 0 0 0 0 0 0 0 0 0 0 0 0 0 0 0 0 0 0 0 0 0 0 0 0 0 0 0 0 0 0 0 0 0 0 0 0 0 0 0 0 100 0 0 0 0 0 0 0 100 0 0 0 0 0 0 0 0 0 0 0 0 0 0 0 0 0 0 0 0 0 0 0 0 0 26 0 0 0 0 0 0 0 100 0 0 0 0 0 0 0 0 0 0 0 0 0 0 0 0 0 0 0 0 0 0 0 0 0 0 0 0 0 245 0 0 0 0 0 0 0 0 0 0 0 0 0 0 0 0 0 32 0 0 0 0 0 0 0 0 0 0 0 0 0 0 0 0 0 0 0 0 0 0 51 0 0 0 0 0 0 0 0 0 51 0 0 0 0 
0 0 0 0 0 0 0 0 0 0 0 0 0 0 0 0 0 0 0 0 0 0 0 0 0 0 0 0 0 0 0 0 0 0 0 0 0 0 0 0 0 0 0 0 0 0 0 0 0 0 0 0 0 0 0 0 0 0 0 0 0 0 0 0 0 0 0 0 0 0 0 0 0 0 0 0 0 0 0 0 0 0 0 0 0 0 0 0 0 0 0 0 0 0 0 0 0 0 0 0 0 0 0 0 0 0 0 0 0 0 0 0 0 0 0 0 0 0 0 0 0 0 0 0 0 0 0 0 0 0 0 0 0 0 0 0 0 0 0 0 0 0 0 0 0 0 0 0 0 0 0 0 0 0 0 0 0 0 0 0 0 0 0 0 0 0 0 0 0 0 0 0 0 0 0 0 0 0 0 0 0 0 0 0 0 0 0 0 0 0 0 0 0 0 0 0 0 0 0 0 0 0 0 0 0 0 0 0 0 0 0 
0 0 0 0 0 0 0 0 0 0 0 0 0 0 0 0 0 0 0 0 0 0 0 0 0 0 0 0 0 0 0 0 0 0 100 0 0 0 0 0 0 0 0 0 0 0 0 0 0 0 0 0 0 0 0 0 0 0 0 0 0 0 0 0 0 0 26 0 0 0 0 0 0 0 0 0 0 0 0 0 0 0 0 0 0 0 0 0 0 0 0 0 0 0 0 0 0 0 0 0 0 0 0 0 0 0 0 0 0 0 0 0 0 0 0 0 0 0 0 0 0 51 0 0 0 0 0 0 0 0 40 0 0 0 0 0 0 0 0 0 0 0 0 0 0 0 0 0 0 0 0 0 0 0 0 126 0 0 0 0 0 0 0 0 0 0 0 0 0 0 0 32 0 0 0 0 0 0 0 0 0 0 0 0 0 0 0 0 0 0 0 0 0 0 0 0 32 0 0 0 0 0 0 0 0 0 0 0 0 0 0 
40 0 0 0 0 0 0 0 0 0 0 0 0 0 100 0 0 0 0 0 0 0 0 64 0 0 0 0 0 0 0 0 0 0 0 0 0 0 0 0 0 0 0 0 0 0 0 0 13 0 0 0 0 0 0 0 0 0 0 0 0 0 40 0 0 0 0 0 0 0 0 0 0 0 0 0 0 0 0 0 0 0 0 20 0 0 0 0 0 0 0 0 0 0 0 0 0 0 0 0 0 0 0 0 0 0 0 0 0 0 0 0 0 0 0 0 0 119 0 0 0 0 0 0 0 0 0 0 0 0 0 0 0 0 0 0 0 0 0 0 0 0 0 0 0 0 0 0 0 0 0 0 0 0 32 180 0 0 0 0 0 0 0 0 0 0 0 0 0 0 0 0 0 0 0 0 0 0 0 0 0 0 0 0 0 0 0 0 0 0 0 0 0 0 0 0 0 0 0 0 0 0 0 0 0 0 0 0 0 0 0 
0 0 0 0 0 0 0 0 0 0 0 0 0 0 0 0 0 0 0 0 0 0 0 0 0 0 0 0 0 0 0 0 0 0 0 0 0 0 0 0 0 0 0 0 0 0 0 0 0 0 0 0 0 0 0 0 0 0 0 0 0 0 0 0 0 0 0 0 0 0 0 0 0 0 0 0 0 0 0 0 0 0 0 0 0 0 0 0 0 0 0 0 0 0 0 0 0 0 0 0 0 0 0 0 0 0 0 0 0 0 0 0 0 0 0 0 0 0 0 0 0 0 0 0 0 0 0 0 0 0 0 0 0 0 0 0 0 0 0 0 0 0 0 0 0 0 0 0 0 0 0 0 0 0 0 0 0 0 0 0 0 0 0 0 0 0 0 0 0 0 0 0 0 0 0 0 0 0 0 0 0 0 0 0 0 0 0 0 0 0 0 0 0 0 0 0 0 0 0 0 0 0 0 0 0 0 0 0 0 0 0 
305 0 0 0 0 0 0 0 0 0 0 0 0 0 249 0 0 0 0 0 125 0 0 1563 0 0 0 0 0 0 128 0 0 0 269 0 0 0 0 104 0 0 0 0 0 0 0 0 77 86 0 0 0 0 0 0 0 0 0 0 16 0 0 0 0 0 0 0 0 0 0 0 0 94 0 0 53 26 0 0 0 0 0 451 0 0 0 0 0 0 51 126 16 46 0 0 0 0 180 20 0 0 71 302 0 32 106 0 0 0 0 0 0 0 0 0 0 1850 0 53 0 61 0 0 57 113 0 210 32 0 26 0 0 0 0 0 0 0 0 0 51 0 0 0 0 0 0 0 20 42 0 0 32 98 190 5449 100 0 0 0 0 140 0 20 0 542 32 0 0 0 0 483 0 0 54 0 0 0 0 0 144 0 326 0 80 0 0 0 0 0 0 0 0 0 0 0 129 0 16 0 255 0 100 0 0 0 82 16 0 166 0 
154 0 0 0 0 0 0 0 0 0 0 0 0 0 0 0 0 0 0 0 0 0 0 64 0 0 0 0 0 0 0 0 0 0 0 0 0 0 0 0 0 0 0 0 0 13 0 0 0 0 0 0 0 0 0 0 0 0 0 0 0 0 0 0 0 0 0 0 0 0 0 0 0 0 0 0 0 0 0 0 0 0 0 0 0 0 0 0 0 0 0 0 0 0 0 0 0 0 0 80 0 0 51 0 0 0 0 0 0 0 0 0 0 0 0 0 0 90 0 0 0 80 0 0 0 51 0 0 0 0 0 0 0 0 0 0 0 0 0 0 0 0 0 0 0 0 0 0 0 0 0 0 0 0 0 126 100 0 0 0 0 0 0 0 0 0 0 0 0 0 0 32 0 0 0 0 0 0 0 0 0 0 0 0 0 0 0 0 0 0 0 0 0 0 0 0 100 0 0 0 20 0 0 0 0 0 0 0 0 0 0 
798 0 0 0 0 0 0 0 0 0 64 61 0 0 261 0 0 0 0 0 40 26 98 1400 26 0 0 0 0 0 308 16 0 0 237 0 0 0 0 93 0 0 0 0 20 82 0 0 176 47 0 0 0 0 0 0 0 0 0 0 32 0 0 32 0 0 80 0 0 0 0 0 0 106 0 0 401 115 0 0 0 0 0 1067 0 0 0 0 0 0 96 162 90 0 80 0 0 0 64 271 0 0 0 0 0 128 0 0 0 0 0 102 0 0 0 0 0 3326 0 234 51 83 0 0 321 64 0 64 0 0 80 0 0 0 0 0 0 32 0 0 0 0 0 0 0 26 64 0 98 84 0 0 51 0 201 2017 16 0 32 0 0 42 96 84 0 0 64 0 0 0 0 863 0 0 0 0 0 64 0 0 0 0 0 51 0 0 0 26 51 0 0 0 0 0 0 0 772 0 0 0 0 0 0 0 154 0 228 40 0 112 0 
9951 0 0 0 188 226 80 13 51 67 740 208 0 0 4304 20 0 0 140 0 1229 100 1385 15955 440 466 0 0 0 256 5272 51 0 0 3875 243 0 0 179 1413 90 0 37 16 164 1111 16 246 1329 7080 348 608 0 236 0 100 0 444 0 0 654 241 334 810 20 26 1372 51 0 26 20 0 0 341 0 0 4229 3974 64 0 0 228 201 17657 0 305 0 0 178 1785 5891 4048 380 431 974 382 0 0 848 714 406 0 2981 2049 508 898 34 71 0 32 152 669 0 16 0 235 0 41825 147 4687 412 1548 0 0 1920 2030 0 797 1069 20 605 431 162 0 0 0 0 0 0 0 381 104 0 579 69 215 286 610 2709 1148 0 80 920 1215 6569 58275 1138 452 1037 277 756 993 1413 1698 0 1115 673 680 320 0 110 16817 0 40 967 0 51 83 96 0 1272 1411 288 0 258 0 0 0 665 263 655 40 749 0 0 77 4123 0 342 0 758 0 242 0 515 350 5434 242 426 1789 0 
94 0 0 0 0 0 0 0 0 0 0 0 0 0 0 0 0 0 0 0 0 0 0 1009 40 20 0 0 0 77 200 0 0 0 90 0 0 0 80 0 0 0 0 0 0 100 0 0 0 272 0 0 0 0 0 0 0 0 0 0 0 0 0 80 0 0 0 0 0 0 0 0 0 0 0 0 572 0 0 0 0 0 0 733 0 0 0 0 0 0 275 77 0 0 0 0 0 0 0 0 13 0 184 51 0 0 0 0 0 0 0 0 0 0 0 0 0 1167 0 164 0 16 0 0 0 0 0 0 0 0 0 0 0 0 0 0 0 0 0 0 0 0 0 0 0 0 0 0 13 0 0 0 32 96 134 2207 0 0 0 0 0 0 80 0 0 0 0 51 0 0 0 936 0 0 0 0 0 100 0 0 0 13 20 0 32 0 0 0 0 0 0 0 0 0 0 0 80 0 20 0 0 0 32 0 0 0 495 32 0 0 0 
49 0 0 0 20 0 0 0 0 0 0 121 0 0 67 0 0 0 0 0 0 0 51 167 26 151 0 0 0 0 78 0 0 0 67 0 0 0 0 32 0 0 0 0 0 0 0 0 40 98 0 0 0 0 0 0 0 51 0 0 0 0 0 16 0 0 13 0 0 0 51 0 0 0 0 0 110 100 300 0 0 80 80 336 0 0 0 0 0 61 180 144 26 26 0 0 0 0 0 0 0 0 113 0 0 16 0 0 0 0 0 0 0 0 80 0 0 1490 0 93 0 438 0 0 469 1208 0 13 64 0 0 0 0 0 0 0 0 0 0 0 0 0 0 0 0 80 0 0 0 0 0 0 0 0 97 1315 75 0 0 0 0 0 0 20 0 20 13 16 0 0 0 971 0 0 20 0 0 0 0 0 20 128 0 0 0 0 0 0 0 80 32 0 0 0 0 0 114 0 0 0 46 0 0 0 0 16 145 32 0 40 0 
0 0 0 0 0 0 0 0 0 0 0 0 0 0 0 0 0 0 0 0 0 0 0 0 0 0 0 0 0 0 0 0 0 0 0 0 0 0 0 0 0 0 0 0 0 0 0 0 0 0 0 0 0 0 0 0 0 0 0 0 0 0 0 0 0 0 0 0 0 0 0 0 0 0 0 0 0 0 0 0 0 0 0 0 0 0 0 0 0 0 0 0 0 0 0 0 0 0 0 0 0 0 0 0 0 0 0 0 0 0 0 0 0 0 0 0 0 0 0 0 0 0 0 0 0 0 0 0 0 0 0 0 0 0 0 0 0 0 0 0 0 0 0 0 0 0 0 0 0 0 0 0 0 0 0 0 0 0 0 0 0 0 0 0 0 0 0 0 0 0 0 0 0 0 0 0 0 0 0 0 0 0 0 0 0 0 0 0 0 0 0 0 0 0 0 0 0 0 0 0 0 0 0 0 0 0 0 0 0 0 0 
26 0 0 0 0 0 0 0 0 0 0 0 0 0 0 0 0 0 0 0 0 0 0 0 0 0 0 0 0 0 0 0 0 0 0 0 0 0 0 0 0 0 0 0 0 0 0 0 0 0 0 0 0 0 0 0 0 0 0 0 0 0 0 0 0 0 0 0 0 0 0 0 0 0 0 0 0 0 0 0 0 0 0 0 0 0 0 0 0 0 0 0 0 0 0 0 0 0 0 0 0 0 0 0 0 0 0 0 0 0 0 0 0 0 0 0 0 13 0 40 0 0 0 0 0 0 0 0 0 0 0 0 0 0 0 0 0 0 0 0 0 0 0 0 0 0 0 0 0 0 0 0 0 0 0 0 0 0 0 0 0 0 0 0 0 0 0 0 0 0 0 64 0 0 0 0 0 0 0 0 0 0 0 0 0 0 0 0 32 0 0 0 0 0 0 0 0 0 0 0 100 0 0 0 0 0 0 0 0 0 0 
0 0 0 0 0 0 0 0 0 0 0 0 0 0 0 0 0 0 0 0 16 0 51 0 0 0 0 0 0 0 0 0 0 0 0 0 0 0 0 0 0 0 0 0 0 0 0 0 0 0 0 0 0 0 0 0 0 0 0 0 0 0 0 0 0 0 0 0 0 0 0 0 0 0 0 0 0 0 0 0 0 0 0 0 0 0 0 0 0 0 0 0 0 0 0 0 0 0 0 0 0 0 100 0 0 0 0 0 0 0 0 0 0 0 0 0 0 26 0 0 0 0 0 0 0 0 0 0 0 0 0 0 0 0 0 0 0 0 0 0 0 0 0 0 0 0 0 0 0 0 0 0 0 80 0 51 0 0 0 0 0 0 0 0 0 0 0 0 0 0 0 26 0 0 0 0 0 0 0 0 0 0 0 0 0 0 0 0 0 0 0 0 0 0 0 0 0 0 0 0 0 0 0 0 0 0 0 0 0 0 0 
58 0 0 0 0 0 0 0 0 0 0 0 0 0 0 0 0 0 0 0 0 0 0 172 0 0 0 0 0 0 100 0 0 0 80 0 0 0 0 0 0 0 0 0 0 0 0 0 16 96 0 100 0 0 0 0 0 0 0 0 0 0 0 0 0 0 80 0 0 0 0 0 0 0 0 0 0 0 0 0 0 0 0 100 0 0 0 0 0 32 0 100 0 0 0 0 0 0 0 0 0 0 0 0 0 0 0 0 0 0 0 0 0 0 0 0 0 214 0 0 0 0 0 0 0 0 0 0 0 0 0 0 0 0 0 0 0 0 0 0 0 0 0 0 0 0 0 0 0 64 0 0 0 0 0 1237 200 0 0 0 0 26 13 0 0 0 0 0 0 0 0 51 0 0 0 0 0 0 0 0 0 80 213 0 0 0 0 0 0 0 0 0 0 0 0 0 106 0 0 0 0 0 0 0 0 0 0 0 0 0 0 
9915 0 0 0 26 0 0 40 0 13 73 39 0 0 918 64 0 0 0 0 130 0 1333 4653 146 415 0 0 0 16 4661 13 0 0 812 83 0 0 32 249 0 0 0 0 0 272 80 83 286 1418 258 69 0 134 0 0 0 20 0 0 13 241 0 236 0 0 0 0 0 164 0 0 0 154 0 0 699 578 100 0 0 112 100 5860 0 0 0 0 0 119 2168 565 238 182 151 96 0 0 769 174 16 0 493 347 553 140 16 0 26 0 0 0 0 0 71 395 0 8503 51 754 104 706 0 0 624 490 0 309 387 0 92 340 73 0 0 0 0 0 0 0 13 0 0 13 160 316 0 136 219 316 0 0 254 281 1139 18947 373 155 306 0 13 264 895 374 0 539 46 0 47 0 0 5848 0 0 184 0 0 0 0 0 165 461 135 0 26 0 0 0 40 0 231 0 110 0 0 16 422 0 163 0 358 0 0 0 26 146 1189 131 0 261 0 
0 0 0 0 0 0 0 0 0 0 0 0 0 0 64 0 0 0 0 0 0 0 0 32 0 0 0 0 0 0 51 0 0 0 100 0 0 0 0 0 0 0 0 0 0 0 0 0 0 0 0 0 0 0 0 0 0 0 0 0 0 0 0 0 0 0 0 0 0 0 0 0 0 0 0 0 100 0 0 0 0 0 0 0 0 0 0 0 0 0 0 0 0 0 0 0 0 0 0 0 0 0 0 0 0 0 0 0 0 0 0 0 0 0 0 0 0 26 0 80 80 0 0 0 0 0 0 0 0 0 0 0 0 0 0 0 0 0 0 0 0 0 0 0 0 0 0 0 0 0 0 0 0 0 0 160 0 0 0 0 0 0 0 0 0 0 0 0 0 0 0 20 0 0 0 0 0 0 0 0 0 0 0 0 0 0 0 0 0 0 0 0 0 0 0 0 0 0 13 0 0 0 0 0 0 0 0 0 0 0 0 
0 0 0 0 0 0 0 0 0 0 0 0 0 0 0 0 0 0 0 0 0 0 0 0 0 0 0 0 0 0 0 0 0 0 0 0 0 0 0 0 0 0 0 0 0 0 0 0 0 0 0 0 0 0 0 0 0 0 0 0 0 0 0 0 0 0 0 0 0 0 0 0 0 0 0 0 0 0 0 0 0 0 0 0 0 0 0 0 0 0 0 0 0 0 0 0 0 0 0 0 0 0 0 0 0 0 0 0 0 0 0 0 0 0 0 0 0 0 0 0 0 0 0 0 0 0 0 0 0 0 0 0 0 0 0 0 0 0 0 0 0 0 0 0 0 0 0 0 0 0 0 0 0 0 0 0 0 0 0 0 0 0 0 0 0 0 0 0 0 0 0 0 0 0 0 0 0 0 0 0 0 0 0 0 0 0 0 0 0 0 0 0 0 0 0 0 0 0 0 0 0 0 0 0 0 0 0 0 0 0 0 
0 0 0 0 0 0 0 0 0 0 0 0 0 0 0 0 0 0 0 0 0 0 0 0 0 0 0 0 0 0 0 0 0 0 0 0 0 0 0 0 0 0 0 0 0 0 0 0 0 0 0 0 0 0 0 0 0 0 0 0 0 0 0 0 0 0 0 0 0 0 0 0 0 0 0 0 0 0 0 0 0 0 0 0 0 0 0 0 0 0 0 0 0 0 0 0 0 0 0 0 0 0 0 0 0 0 0 0 0 0 0 0 0 0 0 0 0 0 0 0 0 0 0 0 0 0 0 0 0 0 0 0 0 0 0 0 0 0 0 0 0 0 0 0 0 0 0 0 0 0 0 0 0 0 0 0 0 0 0 0 0 0 0 0 0 0 0 0 0 0 0 0 0 0 0 0 0 0 0 0 0 0 0 0 0 0 0 0 0 0 0 0 0 0 0 0 0 0 0 0 0 0 0 0 0 0 0 0 0 0 0 
2904 0 0 0 0 0 0 0 0 100 173 0 0 0 2642 0 0 0 0 0 134 16 412 2134 226 72 0 0 0 51 1182 0 0 0 519 0 0 0 16 156 32 0 32 0 0 20 0 0 311 568 40 170 0 80 0 0 0 64 0 0 1390 0 0 13 0 0 395 0 0 0 0 0 0 0 0 0 368 727 0 0 0 0 108 2371 0 0 0 0 0 532 581 558 135 0 26 16 0 0 51 90 13 0 32 194 221 92 121 26 0 0 83 147 0 0 0 72 0 4419 0 808 2647 555 0 0 507 129 0 275 40 0 195 40 0 0 0 0 0 0 0 0 20 0 0 0 0 51 0 0 219 297 0 0 26 26 1128 12935 65 51 42 0 0 64 99 177 0 181 96 81 0 0 0 2036 0 0 172 0 0 0 0 0 40 290 0 0 0 0 0 0 0 51 403 0 195 0 64 0 323 0 0 0 83 0 0 0 100 0 675 32 120 188 0 
13 0 0 0 0 0 0 0 0 0 0 0 0 0 0 0 0 0 0 0 0 0 0 96 0 0 0 0 0 0 104 0 0 0 100 0 0 0 0 0 0 0 0 0 0 0 0 0 51 20 0 0 0 0 0 0 0 0 0 0 0 0 0 0 0 0 0 0 0 0 0 0 0 0 0 0 33 140 0 0 0 0 0 112 0 0 0 0 0 100 26 0 0 0 0 0 0 0 0 0 0 0 0 0 100 0 0 20 0 0 40 32 0 0 0 0 0 237 0 20 0 0 0 0 100 0 0 0 0 0 0 0 13 0 0 0 0 0 0 0 0 0 0 0 0 0 0 0 0 0 0 0 0 0 0 325 80 0 0 0 0 0 0 0 0 0 0 0 0 0 0 64 0 0 0 0 0 0 0 0 0 0 0 0 0 0 0 0 0 0 0 0 0 0 0 0 32 0 0 0 0 0 0 0 0 0 181 0 0 0 0 
0 0 0 0 0 0 0 0 0 0 0 0 0 0 0 0 0 0 0 0 0 0 0 0 0 0 0 0 0 0 0 0 0 0 0 0 0 0 0 0 0 0 0 0 0 0 0 0 0 0 0 0 0 0 0 0 0 0 0 0 0 0 0 0 0 0 0 0 0 0 0 0 0 0 0 0 0 0 0 0 0 0 0 0 0 0 0 0 0 0 0 0 0 0 0 0 0 0 0 0 0 0 0 0 0 0 0 0 0 0 0 0 0 0 0 0 0 0 0 0 0 0 0 0 0 0 0 0 0 0 0 0 0 0 0 0 0 0 0 0 0 0 0 0 0 0 0 0 0 0 0 0 0 0 0 0 0 0 0 0 0 0 0 0 0 0 0 0 0 0 0 0 0 0 0 0 0 0 0 0 0 0 0 0 0 0 0 0 0 0 0 0 0 0 0 0 0 0 0 0 0 0 0 0 0 0 0 0 0 0 0 
0 0 0 0 0 0 0 0 0 0 0 0 0 0 0 0 0 0 0 0 0 0 0 0 0 0 0 0 0 0 0 0 0 0 0 0 0 0 0 0 0 0 0 0 0 0 0 0 0 0 0 0 0 0 0 0 0 0 0 0 0 0 0 0 0 0 0 0 0 0 0 0 0 0 0 0 0 0 0 0 0 0 0 0 0 0 0 0 0 0 0 0 0 0 0 0 0 0 0 0 0 0 0 0 0 0 0 0 0 0 0 0 0 0 0 0 0 0 0 0 0 0 0 0 0 0 0 0 0 0 0 0 0 0 0 0 0 0 0 0 0 0 0 0 0 0 0 0 0 0 0 0 0 0 0 0 0 0 0 0 0 0 0 0 0 0 0 0 0 0 0 0 0 0 0 0 0 0 0 0 0 0 0 0 0 0 0 0 0 0 0 0 0 0 0 0 0 0 0 0 0 0 0 0 0 0 0 0 0 0 0 
26 0 0 0 0 0 0 0 0 0 0 0 0 0 0 0 0 0 0 0 0 0 32 93 0 0 0 0 0 0 100 0 0 0 0 0 0 0 0 0 0 0 0 0 0 0 0 0 0 113 0 0 0 0 0 0 0 0 0 0 0 0 0 51 0 0 0 0 0 0 0 0 0 0 0 0 100 0 0 0 0 0 0 331 0 0 0 0 0 0 380 0 0 40 0 0 0 0 0 0 0 0 0 40 16 0 0 0 0 0 0 0 0 0 0 0 0 172 0 13 0 0 0 0 0 0 0 0 26 0 0 0 0 0 0 0 0 0 0 0 0 0 0 0 0 0 0 0 0 0 0 0 42 0 51 981 20 13 0 0 0 51 280 100 0 0 0 0 0 0 0 122 0 0 0 0 0 0 0 0 0 0 0 0 0 0 0 0 0 0 0 0 0 0 0 0 51 0 0 0 0 0 0 0 0 0 13 0 26 0 0 
378 0 0 0 0 0 0 0 0 0 0 32 0 0 268 0 0 0 0 0 0 0 112 881 26 72 0 0 0 0 223 0 0 0 143 64 0 0 0 51 0 0 0 0 0 26 0 0 26 325 64 0 0 80 0 0 0 80 0 100 64 0 0 0 0 40 13 0 0 0 0 0 0 0 0 0 50 16 0 0 0 0 0 659 0 0 0 0 0 80 520 0 0 0 0 0 0 0 32 64 0 0 0 64 0 0 0 0 0 0 26 175 0 0 0 0 0 1728 0 287 0 113 0 0 105 100 0 200 16 0 77 13 0 0 0 0 0 0 0 0 0 0 0 0 40 0 0 80 0 0 0 0 0 0 185 4178 251 80 0 0 0 33 264 80 0 13 0 0 0 0 0 574 0 0 64 0 0 0 0 0 0 64 200 0 13 0 0 0 0 0 0 0 93 0 0 0 0 0 0 0 51 0 0 0 0 20 0 40 0 0 0 
0 0 0 0 0 0 0 0 0 0 0 0 0 0 40 0 0 0 0 0 0 0 0 140 0 0 0 0 0 0 0 0 0 0 100 0 0 0 0 0 0 0 0 0 0 0 0 0 80 126 0 0 0 0 0 0 0 0 0 0 0 0 0 0 0 0 16 0 0 0 0 0 0 0 0 0 20 64 0 0 0 0 0 58 0 0 0 0 0 0 0 0 0 0 100 0 0 0 0 0 0 0 100 0 0 40 0 0 0 0 0 0 0 0 0 0 0 53 0 0 0 0 0 0 96 0 0 0 0 0 0 0 0 0 0 0 0 0 0 0 0 0 0 0 0 0 0 0 0 0 0 0 0 0 0 269 20 0 0 0 0 0 0 0 0 26 0 0 0 0 0 212 0 0 0 0 0 0 0 0 51 0 0 0 0 0 0 0 0 0 0 0 0 0 0 0 0 0 0 0 0 0 16 0 0 0 0 0 0 0 0 
0 0 0 0 0 0 0 0 0 0 0 0 0 0 0 0 0 0 0 0 0 0 0 0 0 0 0 0 0 0 0 0 0 0 0 0 0 0 0 0 0 0 0 0 0 0 0 0 0 0 0 0 0 0 0 0 0 0 0 0 0 0 0 0 0 0 0 0 0 0 0 0 0 0 0 0 0 0 0 0 0 0 0 0 0 0 0 0 0 0 0 0 0 0 0 0 0 0 0 0 0 0 0 0 0 0 0 0 0 0 0 0 0 0 0 0 0 0 0 0 0 0 0 0 0 0 0 0 0 0 0 0 0 0 0 0 0 0 0 0 0 0 0 0 0 0 0 0 0 0 0 0 0 0 0 0 0 0 0 0 0 0 0 0 0 0 0 0 0 0 0 0 0 0 0 0 0 0 0 0 0 0 0 0 0 0 0 0 0 0 0 0 0 0 0 0 0 0 0 0 0 0 0 0 0 0 0 0 0 0 0 
0 0 0 0 0 0 0 0 0 0 0 0 0 0 32 0 0 0 0 0 0 0 0 96 0 0 0 0 0 0 0 0 0 0 0 0 0 0 0 0 0 0 0 0 0 0 0 0 0 0 0 0 0 0 0 0 0 0 0 0 0 0 16 0 0 0 0 0 0 0 0 0 0 0 0 0 40 0 0 0 0 0 0 70 26 0 0 0 0 0 0 0 0 0 0 0 0 0 0 0 0 0 0 26 0 0 0 0 0 0 0 0 0 0 0 0 0 84 0 0 0 0 0 0 0 0 0 0 0 0 0 20 0 0 0 0 0 0 0 0 0 0 0 0 0 0 0 0 0 0 0 0 0 0 0 432 100 0 0 0 0 0 0 0 0 0 0 0 0 0 0 26 0 13 0 0 0 0 0 0 0 0 0 0 0 0 0 0 0 0 0 0 32 0 0 0 0 0 0 0 0 0 0 0 0 0 0 0 0 0 0 
0 0 0 0 0 0 0 0 0 0 0 0 0 0 0 0 0 0 0 0 0 0 0 80 0 0 0 0 0 0 0 0 0 0 0 0 0 0 0 0 0 0 0 0 0 0 0 0 0 0 0 0 0 0 0 0 0 0 0 0 0 0 0 0 0 0 0 0 0 0 0 0 0 0 0 0 0 0 0 0 0 0 0 0 0 0 0 0 0 0 0 0 0 0 0 0 0 0 0 0 0 0 0 0 0 0 0 0 0 0 0 0 0 0 0 0 0 26 0 0 0 0 0 0 0 0 0 0 0 0 0 0 0 0 0 0 0 0 0 0 0 0 0 0 0 0 0 0 0 0 0 0 0 0 0 64 0 0 0 0 0 0 0 0 0 0 0 0 0 0 0 0 0 0 0 0 0 0 0 0 0 0 0 0 0 0 0 0 0 0 0 0 0 0 0 0 0 0 0 0 0 0 0 0 0 0 0 16 0 0 0 
32 0 0 0 0 0 0 0 0 0 0 0 0 0 0 0 0 0 0 0 0 0 0 0 0 0 0 0 0 0 40 0 0 0 26 0 0 0 0 0 0 0 0 0 0 0 0 0 0 0 0 0 0 0 0 0 0 0 0 0 0 0 0 0 0 0 0 0 0 0 0 0 0 0 0 0 0 0 0 0 0 0 0 0 0 0 0 0 0 0 0 100 0 0 0 0 0 0 0 0 0 0 0 0 0 0 0 0 0 0 0 0 0 0 0 0 0 0 0 0 0 0 0 0 0 0 0 0 0 0 0 0 0 0 0 0 0 0 0 0 0 0 0 0 0 0 0 0 0 0 0 0 0 0 0 94 0 0 0 0 0 0 0 0 0 0 0 80 0 0 0 0 0 0 0 0 0 0 0 0 0 16 0 0 0 0 0 0 0 0 0 0 0 0 0 0 0 0 0 0 0 0 0 0 0 0 0 0 0 0 0 
108 0 0 0 0 0 0 0 0 0 0 0 0 0 32 0 0 0 0 0 26 0 0 2781 16 80 0 0 0 0 72 0 0 0 0 0 0 0 0 100 0 0 0 0 0 372 0 0 0 51 0 0 0 0 0 0 0 0 0 0 0 0 0 0 0 0 0 0 0 0 0 0 0 0 0 0 149 51 64 0 0 0 0 150 0 0 0 0 0 0 96 0 0 0 0 0 0 0 0 0 0 0 51 0 0 0 0 0 0 0 0 0 0 0 0 0 0 962 0 51 0 53 0 0 106 0 0 0 0 0 0 164 0 0 0 0 0 0 0 0 13 0 0 0 0 0 20 0 26 0 0 0 26 0 103 4051 100 0 20 0 0 200 104 0 0 0 0 0 0 0 0 56 0 0 0 0 0 0 0 0 0 0 20 0 160 0 0 0 0 0 0 0 0 64 0 0 0 0 0 0 0 0 0 0 0 32 40 0 0 0 0 
0 0 0 0 0 80 0 0 0 0 0 0 0 0 100 0 0 0 0 0 0 0 0 151 0 0 0 0 0 0 0 0 0 0 0 0 0 0 0 0 0 0 0 0 0 0 0 0 0 0 0 0 0 0 0 0 0 0 0 0 0 0 0 0 0 0 0 0 0 0 0 0 0 0 0 0 0 0 0 0 0 0 0 54 0 0 0 0 0 0 0 0 0 0 40 0 0 0 0 0 0 0 0 51 0 0 0 0 0 0 0 0 0 0 0 0 0 305 0 0 0 0 0 0 0 80 0 0 0 0 0 0 0 0 0 0 0 0 0 0 0 0 0 0 0 0 0 0 0 0 0 0 0 0 177 353 32 0 0 0 0 0 13 0 0 0 0 0 0 0 0 51 0 0 0 0 0 0 0 0 0 0 0 0 0 0 0 0 216 0 16 0 0 0 0 0 0 0 0 0 0 0 0 0 0 0 0 0 0 16 0 
100 0 0 0 0 0 0 0 0 0 0 0 0 0 0 0 0 0 0 0 151 0 20 821 0 0 0 0 0 0 200 0 0 0 32 0 0 0 0 100 0 0 0 0 0 0 0 0 0 0 0 0 0 0 0 0 0 0 0 0 0 0 0 80 0 0 0 0 0 0 0 0 0 0 0 0 0 0 0 0 0 0 0 641 0 0 0 0 0 0 20 40 0 0 51 0 0 0 0 0 0 0 40 0 0 0 0 0 0 0 0 0 0 0 0 0 0 573 0 140 0 0 0 0 0 0 0 0 0 0 0 80 0 0 0 0 0 0 0 0 0 0 0 64 0 0 0 64 0 0 0 0 0 53 157 749 80 0 0 0 0 0 16 0 0 0 0 0 20 0 0 52 0 0 0 0 0 0 0 0 0 0 0 0 0 0 0 0 0 0 0 0 0 0 0 0 80 0 0 0 0 0 80 0 0 0 37 0 0 0 0 
2366 0 0 0 0 266 0 0 0 0 112 0 0 0 815 0 0 0 0 0 297 0 177 3013 0 265 0 0 0 0 1681 0 0 0 414 0 0 0 0 0 51 0 64 0 0 61 100 120 20 625 120 16 0 103 0 0 0 57 0 0 64 0 132 96 20 13 67 0 0 73 0 0 0 0 0 0 488 609 0 0 0 0 200 2514 0 80 0 0 64 49 2060 453 277 264 245 290 0 0 208 113 0 0 155 263 51 200 30 0 100 51 26 153 0 100 0 0 0 4245 16 529 0 221 0 0 293 321 0 376 223 0 46 99 0 0 0 0 0 0 0 0 0 0 0 180 0 147 13 0 169 100 0 0 49 32 899 8058 128 64 116 0 0 526 467 373 0 167 229 0 0 0 0 1958 0 100 16 0 0 100 100 0 115 152 104 0 0 0 0 0 16 100 0 0 100 0 0 132 575 0 226 0 53 0 26 0 0 32 478 116 143 254 0 
3520 100 0 0 0 26 0 0 0 0 0 64 0 0 679 0 0 0 0 0 84 0 712 7311 80 592 0 0 0 0 786 0 0 0 470 0 0 0 0 267 13 0 0 0 32 32 0 51 549 1214 0 182 0 144 0 0 0 93 0 0 40 51 144 129 20 0 172 0 0 0 0 0 0 184 0 0 465 1003 0 0 0 0 40 3043 51 0 0 0 0 611 787 1314 130 160 320 150 0 0 249 150 53 0 648 398 0 54 13 0 0 0 0 380 0 0 0 20 0 9204 0 809 26 573 0 0 1075 233 0 256 371 32 64 16 0 0 0 0 0 0 0 0 0 0 0 132 0 0 0 42 398 861 0 0 356 90 1058 19126 414 58 40 32 0 197 331 325 0 380 0 178 80 0 13 2445 0 0 95 0 0 0 51 0 140 274 96 0 160 0 0 0 240 0 0 0 32 0 0 0 1675 0 51 0 219 0 231 0 160 157 871 0 104 99 0 
293 0 0 0 0 0 0 84 0 40 0 0 0 0 92 0 0 0 0 0 0 0 0 172 0 225 0 0 0 0 170 80 0 0 80 0 0 0 0 0 0 0 0 0 0 0 0 0 0 315 0 0 0 0 0 0 0 0 0 0 0 0 0 0 0 0 0 0 0 0 0 0 0 0 0 0 90 20 80 0 0 0 20 398 0 0 0 0 0 0 90 20 0 0 0 160 0 0 0 0 40 0 144 32 80 0 0 0 0 0 0 80 0 0 0 0 0 552 0 32 51 0 0 0 138 20 0 0 0 0 40 0 0 0 0 0 0 0 0 0 0 0 0 0 0 0 0 0 170 13 0 0 0 135 726 888 0 0 0 0 0 32 0 40 0 0 0 0 64 0 0 492 0 0 0 0 0 0 16 0 0 0 0 0 0 0 0 0 13 0 30 0 0 0 0 16 32 0 0 0 13 0 0 0 0 0 156 0 26 0 0 
87 0 0 0 40 0 0 0 0 0 0 13 0 0 106 0 0 0 0 0 0 0 0 599 0 20 0 0 0 0 40 0 0 0 32 0 0 0 160 0 0 0 0 0 0 0 0 0 0 144 26 0 0 0 0 0 0 0 0 0 0 0 0 0 0 0 51 0 0 0 0 0 0 0 0 0 85 180 0 0 0 0 0 275 0 0 0 0 0 0 202 64 0 0 0 100 0 0 0 0 20 0 0 51 0 0 0 0 0 0 0 0 0 0 0 0 0 1130 0 32 16 0 0 0 243 0 0 0 0 0 80 0 40 0 0 0 0 0 0 0 0 0 0 0 0 0 0 0 13 26 0 0 0 0 204 1135 0 0 0 0 0 80 0 26 0 0 0 40 0 0 0 248 0 0 0 0 0 0 0 0 0 0 0 0 0 0 0 0 40 0 0 0 0 0 0 0 83 0 0 0 0 0 0 0 0 0 26 0 80 0 0 
0 0 0 0 0 0 0 0 0 0 0 0 0 0 0 0 0 0 0 0 0 0 0 0 0 0 0 0 0 0 0 0 0 0 0 0 0 0 0 0 0 0 0 0 0 0 0 0 0 0 0 0 0 0 0 0 0 0 0 0 0 0 0 0 0 0 0 0 0 0 0 0 0 0 0 0 0 0 0 0 0 0 0 0 0 0 0 0 0 0 0 0 0 0 0 0 0 0 0 0 0 0 0 0 0 0 0 0 0 0 0 0 0 0 0 0 0 0 0 0 0 0 0 0 0 0 0 0 0 0 0 0 0 0 0 0 0 0 0 0 0 0 0 0 0 0 0 0 0 0 0 0 0 0 0 0 0 0 0 0 0 0 0 0 0 0 0 0 0 0 0 0 0 0 0 0 0 0 0 0 0 0 0 0 0 0 0 0 0 0 0 0 0 0 0 0 0 0 0 0 0 0 0 0 0 0 0 0 0 0 0 
13 0 0 0 0 0 0 0 0 0 0 40 0 0 0 0 0 0 0 0 0 0 0 443 0 0 0 0 0 100 79 0 0 0 0 0 0 0 0 0 0 0 0 0 0 51 0 0 0 251 0 0 0 0 0 0 0 0 0 0 0 0 0 0 0 0 20 0 0 0 0 0 0 0 0 0 0 0 0 0 0 0 0 172 0 0 0 0 0 80 0 0 0 0 0 0 0 0 0 0 0 0 0 0 0 0 0 0 0 0 0 26 0 0 0 0 0 671 0 0 0 0 0 0 140 16 0 0 0 0 0 0 0 0 0 0 0 0 0 0 0 0 0 0 0 0 0 0 0 51 0 0 32 0 75 1265 0 0 0 0 0 0 0 0 0 0 0 0 0 0 0 550 0 0 0 0 0 0 0 0 100 180 0 0 0 0 0 0 0 0 0 0 0 0 0 0 88 0 0 0 0 0 0 0 0 0 117 0 0 0 0 
0 0 0 0 0 0 0 0 0 0 0 0 0 0 0 0 0 0 0 0 0 0 0 0 0 0 0 0 0 0 0 0 0 0 0 0 0 0 0 0 0 0 0 0 0 0 0 0 0 0 0 0 0 0 0 0 0 0 0 0 0 0 0 0 0 0 0 0 0 0 0 0 0 0 0 0 0 0 0 0 0 0 0 0 0 0 0 0 0 0 0 0 0 0 0 0 0 0 0 0 0 0 0 0 0 0 0 0 0 0 0 0 0 0 0 0 0 0 0 0 0 0 0 0 0 0 0 0 0 0 0 0 0 0 0 0 0 0 0 0 0 0 0 0 0 0 0 0 0 0 0 0 0 0 0 0 0 0 0 0 0 0 0 0 0 0 0 0 0 0 0 0 0 0 0 0 0 0 0 0 0 0 0 0 0 0 0 0 0 0 0 0 0 0 0 0 0 0 0 0 0 0 0 0 0 0 0 0 0 0 0 
0 0 0 0 0 0 0 0 0 0 0 0 0 0 0 0 0 0 0 0 0 0 0 0 0 0 0 0 0 0 0 0 0 0 0 0 0 0 0 0 0 0 0 0 0 0 0 0 0 0 0 0 0 0 0 0 0 0 0 0 0 0 0 0 0 0 0 0 0 0 0 0 0 0 0 0 0 0 0 0 0 0 0 0 0 0 0 0 0 0 0 0 0 0 0 0 0 0 0 0 0 0 0 0 0 0 0 0 0 0 0 0 0 0 0 0 0 0 0 0 0 0 0 0 0 0 0 0 0 0 0 0 0 0 0 0 0 0 0 0 0 0 0 0 0 0 0 0 0 0 0 0 0 0 0 64 0 0 0 0 0 0 0 0 0 0 0 0 0 0 0 0 0 0 0 0 0 0 0 0 0 0 0 0 0 0 0 0 0 0 0 0 0 0 0 0 0 0 80 0 0 0 0 0 0 0 0 0 0 40 0 
0 0 0 0 0 0 0 0 0 0 0 0 0 0 0 0 0 0 0 0 0 0 0 40 0 0 0 0 0 0 0 0 0 0 0 0 0 0 0 0 0 0 0 0 0 0 0 0 0 0 0 0 0 0 0 0 0 0 0 0 0 0 0 0 0 0 0 0 0 0 0 0 0 0 0 0 0 0 0 0 0 0 0 0 0 0 0 0 0 0 0 0 0 0 0 0 0 0 0 0 0 0 13 0 0 0 0 0 0 0 0 0 0 0 0 0 0 105 0 26 0 0 0 0 0 0 0 0 0 0 0 0 0 0 0 0 0 0 0 0 0 0 0 0 0 0 0 0 0 0 0 0 0 0 0 383 0 0 0 0 0 40 0 0 0 0 0 0 0 0 0 0 0 0 0 0 0 0 0 0 0 0 0 0 80 0 0 0 0 0 0 0 0 0 0 0 0 0 0 0 0 0 0 0 0 0 0 0 0 0 0 
290 0 0 0 0 0 0 0 0 0 0 51 0 0 0 0 0 0 0 0 51 0 0 248 0 64 0 0 0 0 73 0 0 0 20 0 0 0 0 0 0 0 0 0 0 0 0 0 64 153 0 0 0 13 0 0 0 32 0 0 0 0 0 51 0 0 0 0 0 0 32 0 0 0 0 0 51 20 26 0 0 0 0 124 0 0 0 0 0 51 196 147 0 0 0 13 0 0 0 0 0 0 100 0 51 0 0 0 0 0 0 32 0 0 0 0 0 478 0 54 0 40 0 0 13 0 0 0 72 0 0 0 0 0 0 0 0 0 0 0 40 0 0 0 0 0 0 0 128 0 0 0 0 0 212 1584 0 0 0 0 0 20 0 0 0 0 0 0 0 0 0 628 0 0 0 0 0 0 0 0 0 80 0 0 32 0 0 0 51 0 0 0 0 0 0 0 42 0 0 0 0 0 0 0 0 0 32 0 40 0 0 
0 0 0 0 0 0 0 0 0 0 0 0 0 0 0 0 0 0 0 0 0 0 0 0 0 0 0 0 0 0 0 0 0 0 0 0 0 0 0 0 0 0 0 0 0 0 0 0 0 0 0 0 0 0 0 0 0 0 0 0 0 0 0 0 0 0 0 0 0 0 0 0 0 0 0 0 0 0 0 0 0 0 0 0 0 0 0 0 0 0 0 0 0 0 0 0 0 0 0 0 0 0 0 0 0 0 0 0 0 0 0 0 0 0 0 0 0 0 0 0 0 0 0 0 0 0 0 0 0 0 0 0 0 0 0 0 0 0 0 0 0 0 0 0 0 0 0 0 0 0 0 0 0 0 0 0 0 0 0 0 0 0 0 0 0 0 0 0 0 0 0 0 0 0 0 0 0 0 0 0 0 0 0 0 0 0 0 0 0 0 0 0 0 0 0 0 0 0 0 0 0 0 0 0 0 0 0 0 0 0 0 
0 0 0 0 0 0 0 0 0 0 0 0 0 0 0 0 0 0 0 0 0 0 0 40 0 0 0 0 0 0 0 0 0 0 0 0 0 0 0 0 0 0 0 0 0 0 0 0 0 0 0 0 0 0 0 0 0 0 0 0 0 0 0 0 0 0 0 0 0 0 0 0 0 0 0 0 0 0 0 0 0 0 0 0 0 13 0 0 0 0 0 0 0 0 0 0 0 0 0 0 0 0 0 0 0 0 0 0 0 0 0 0 0 0 0 0 0 96 0 0 0 0 0 0 0 0 0 0 0 0 0 0 0 0 0 0 0 0 0 0 0 0 0 0 0 0 0 0 0 0 0 0 0 0 0 120 0 0 0 0 0 0 0 0 0 0 0 0 0 0 0 0 0 0 0 0 0 0 0 0 0 0 0 0 0 0 0 0 0 0 0 0 0 0 0 0 0 0 0 0 0 0 0 0 0 0 0 0 0 0 0 
432 0 0 0 0 0 0 0 0 0 0 0 0 0 144 0 0 0 0 0 0 0 20 413 0 0 0 0 0 0 232 0 0 0 115 13 0 0 0 100 0 0 0 0 0 0 0 0 0 331 0 0 0 0 0 0 0 80 0 0 0 0 0 0 0 0 0 0 0 0 0 0 0 0 0 0 47 217 0 0 0 0 0 698 0 40 0 0 0 264 0 100 13 0 51 0 0 0 0 20 0 0 0 0 0 0 80 0 0 0 0 0 0 0 0 0 0 990 0 231 0 77 0 0 106 0 0 0 0 0 40 0 64 0 0 0 0 0 0 0 0 0 0 0 0 0 0 0 20 0 0 0 32 0 164 2499 256 0 0 0 0 0 26 0 0 0 0 80 0 0 0 516 0 0 0 0 0 0 0 0 0 300 0 0 0 40 0 0 0 0 40 0 185 0 0 0 100 0 0 0 0 0 0 0 0 0 200 33 0 0 0 
40 0 0 0 0 0 0 0 0 0 0 0 0 0 64 0 0 0 0 0 26 0 64 160 0 40 0 0 0 0 0 0 0 0 100 0 0 0 0 0 0 0 0 0 0 0 0 0 64 20 0 0 0 0 0 0 0 0 0 0 0 0 0 0 0 0 0 0 0 0 0 0 0 0 0 0 80 83 0 0 0 0 0 298 0 0 0 0 0 0 0 93 0 0 0 0 0 0 0 0 0 0 0 0 0 0 0 0 0 0 0 0 0 0 0 0 0 579 0 113 0 32 0 0 0 80 0 0 0 0 0 80 0 0 0 0 0 0 0 0 0 0 0 0 0 0 0 0 0 0 0 0 0 0 92 920 0 0 0 0 0 41 0 80 0 40 0 100 0 0 0 1576 0 0 16 0 0 0 0 0 20 0 0 0 0 0 0 0 0 0 0 0 0 0 0 0 20 0 0 0 0 0 0 0 0 0 0 13 0 0 0 
98 0 0 0 0 16 0 0 0 0 0 0 0 0 200 0 0 0 0 0 0 0 13 150 0 0 0 0 0 0 40 0 0 0 0 0 0 0 0 0 0 0 0 0 0 16 0 0 0 0 0 0 0 0 0 0 0 64 0 0 0 0 0 20 0 0 0 0 0 0 0 0 0 64 0 0 0 83 0 0 0 53 26 105 0 0 0 0 0 51 51 26 0 0 0 13 0 0 100 0 0 0 0 0 0 0 0 0 0 0 0 0 0 0 0 0 0 297 0 20 0 0 0 0 0 0 0 0 37 0 0 0 0 0 0 0 0 0 0 0 64 0 0 100 0 0 0 0 0 0 0 0 0 0 180 992 0 0 0 0 0 100 0 100 0 180 0 0 0 0 0 189 0 0 0 0 0 0 0 0 0 0 0 0 0 0 0 0 0 0 0 0 0 0 0 0 72 0 0 0 0 0 0 0 0 0 67 0 0 0 0 
322 0 16 0 0 0 0 0 0 0 80 0 0 0 0 0 0 0 0 0 0 0 113 375 0 16 0 0 0 0 150 0 0 0 16 0 0 0 0 16 0 0 0 0 0 0 0 0 106 149 0 0 0 0 0 0 0 80 0 0 0 0 0 121 0 0 0 0 0 0 0 0 0 13 0 0 37 167 0 0 0 0 0 321 0 0 0 0 0 0 114 268 164 0 67 0 0 0 0 51 40 0 0 0 0 224 0 0 0 0 40 0 0 0 0 0 0 1241 0 205 0 51 0 0 120 216 0 0 0 0 0 0 0 0 0 0 0 0 0 0 0 0 0 0 0 0 0 0 32 0 0 0 0 0 53 573 0 0 0 0 0 240 32 0 0 92 0 0 0 0 0 229 0 0 0 0 0 0 0 0 26 32 0 0 0 0 0 0 0 0 0 0 0 0 0 0 266 0 0 0 0 0 0 0 80 51 95 20 0 0 0 
100 0 0 0 0 0 0 0 0 0 0 0 0 0 0 0 0 0 0 0 0 0 0 93 0 0 0 0 0 0 0 0 0 0 77 0 0 0 0 0 0 0 0 0 0 0 0 0 0 157 0 0 0 64 0 0 0 0 0 0 0 0 0 0 0 0 0 0 0 0 0 0 0 0 0 0 0 0 0 0 0 0 0 0 0 0 0 0 0 0 26 51 0 0 0 0 0 0 0 196 0 0 0 0 26 0 0 0 0 0 0 0 0 0 0 0 0 251 0 0 0 0 0 0 365 40 0 0 0 0 0 0 0 0 0 0 0 0 0 0 0 0 0 0 0 0 0 0 0 0 0 0 0 0 0 303 0 0 0 0 0 80 0 0 0 0 0 0 0 0 0 422 0 0 49 0 0 0 0 0 0 0 0 0 0 0 0 0 0 0 0 0 0 0 0 0 0 0 0 0 0 0 0 0 0 0 113 0 0 0 0 
0 0 0 0 0 0 0 0 0 0 0 0 0 0 0 0 0 0 0 0 0 0 0 83 0 0 0 0 0 0 26 0 0 0 0 0 0 0 0 0 0 0 0 0 0 0 0 0 30 96 0 0 0 0 0 0 0 0 0 0 0 0 0 0 0 64 0 0 0 0 0 0 0 0 0 0 0 0 0 0 0 0 0 100 0 0 0 0 0 0 20 0 0 0 20 0 0 0 0 0 0 0 0 0 0 0 0 0 0 0 0 0 0 0 0 0 0 83 0 0 0 0 0 0 100 0 0 0 0 0 80 0 0 0 0 0 0 0 0 0 0 0 0 0 0 0 0 0 0 0 0 0 0 0 0 235 0 0 0 0 0 0 0 0 0 0 0 0 0 0 0 557 0 0 0 0 0 0 0 0 0 0 0 0 0 0 0 0 0 0 0 0 0 0 0 0 0 0 0 0 0 0 0 0 0 0 0 0 0 0 0 
452 0 0 0 0 0 0 32 0 0 0 0 0 0 110 0 0 0 0 0 0 0 80 1276 0 26 0 0 0 0 86 0 0 0 0 0 0 0 0 124 0 0 0 0 0 13 0 0 20 271 30 0 0 0 0 0 0 96 0 0 0 0 0 0 0 0 592 0 0 0 0 0 0 0 0 0 156 250 0 0 0 80 0 904 51 0 0 0 0 0 119 378 0 0 0 0 0 0 0 77 16 0 0 34 0 46 0 0 0 0 0 0 0 0 0 0 0 2230 0 160 0 37 0 0 336 226 0 49 96 0 0 300 0 0 0 0 0 0 0 0 0 0 0 0 0 0 0 40 32 0 0 0 132 0 414 1165 0 0 0 0 0 0 0 0 0 0 0 0 0 0 0 419 0 0 0 0 0 0 0 0 0 0 0 0 0 0 0 0 0 32 0 0 0 0 80 40 174 0 0 0 0 0 0 0 0 0 309 16 0 0 0 
0 0 0 0 0 20 0 0 0 0 0 0 0 0 0 0 0 0 0 0 0 0 0 100 0 0 0 0 0 0 0 0 0 0 0 0 0 0 0 0 0 0 0 0 0 0 0 0 0 0 0 0 0 0 0 0 0 0 0 0 0 0 0 0 0 0 0 0 0 0 0 0 0 0 0 0 0 0 0 0 0 0 0 64 0 0 0 0 0 0 0 0 0 0 0 0 0 0 0 0 0 0 0 0 64 100 0 0 0 0 0 0 0 0 0 0 0 32 0 0 0 0 0 0 0 0 0 0 0 0 0 0 0 0 0 0 0 0 0 0 0 0 0 0 0 0 0 0 0 0 0 0 0 0 80 67 0 0 0 0 0 0 0 0 0 0 0 0 0 0 0 0 0 0 0 0 0 0 0 0 0 0 0 0 0 0 0 0 0 0 0 0 0 0 0 0 0 0 0 0 0 0 0 0 0 0 0 0 0 0 0 
0 0 0 0 0 0 0 0 0 0 0 0 0 0 0 0 0 0 0 0 0 0 0 0 0 0 0 0 0 0 0 0 0 0 0 0 0 0 0 0 0 0 0 0 0 0 0 0 0 0 0 0 0 0 0 0 0 0 0 0 0 0 0 0 0 0 0 0 0 0 0 0 0 0 0 0 0 0 0 0 0 0 0 0 0 0 0 0 0 0 0 0 0 0 0 0 0 0 0 0 0 0 0 0 0 0 0 0 0 0 0 0 0 0 0 0 0 0 0 0 0 0 0 0 0 0 0 0 0 0 0 0 0 0 0 0 0 0 0 0 0 0 0 0 0 0 0 0 0 0 0 0 0 0 0 0 0 0 0 0 0 0 0 0 0 0 0 0 0 0 0 0 0 0 0 0 0 0 0 0 0 0 0 0 0 0 0 0 0 0 0 0 0 0 0 0 0 0 0 0 0 0 0 0 0 0 0 0 0 0 0 
40 0 0 0 0 0 0 0 0 0 0 0 0 0 0 0 0 0 0 0 0 0 0 20 0 0 0 0 0 0 0 0 0 0 0 0 0 0 0 0 0 0 0 0 0 0 0 0 0 83 0 32 0 0 0 0 0 0 0 0 0 0 0 0 0 0 0 0 0 0 0 0 0 0 0 0 0 0 0 0 0 0 0 40 0 0 0 0 0 0 0 0 0 0 0 0 0 0 0 0 0 0 0 0 0 0 0 0 0 0 0 0 0 0 0 0 0 58 0 0 0 0 0 0 0 0 0 0 0 0 0 0 0 0 0 0 0 0 0 0 0 0 0 0 0 0 0 32 0 0 0 0 0 0 0 73 104 0 13 0 0 0 0 80 0 0 0 0 0 0 0 331 0 0 0 0 0 0 0 0 0 0 0 0 0 0 0 0 0 0 0 0 0 0 0 0 0 0 0 0 0 0 0 0 0 0 0 0 0 0 0 
0 0 0 0 0 0 0 0 0 0 0 0 0 0 0 0 0 0 0 0 0 0 0 61 0 0 0 0 0 0 0 0 0 0 51 0 0 0 0 0 0 0 0 0 0 0 0 0 0 0 0 0 0 0 0 0 0 0 0 0 64 0 0 0 100 0 0 0 0 0 0 0 0 0 0 0 0 26 0 0 0 0 0 40 0 0 0 0 0 0 0 40 0 0 0 0 0 0 0 0 0 0 0 0 0 0 0 0 0 0 0 0 0 0 0 0 0 0 0 51 0 0 0 0 20 0 0 0 0 0 0 0 0 0 0 0 0 0 0 0 0 0 0 0 0 0 0 0 0 0 0 0 0 0 0 157 0 0 0 0 0 0 0 0 0 0 0 0 0 0 0 210 0 0 0 0 0 0 0 0 0 0 0 0 0 0 0 0 0 0 0 0 0 0 0 0 20 0 0 0 0 0 0 0 0 0 0 80 0 0 0 
0 0 0 0 0 0 0 0 0 0 0 0 0 0 0 0 0 0 0 0 0 0 0 0 0 0 0 0 0 0 0 0 0 0 0 0 0 0 0 0 0 0 0 0 0 0 0 0 0 0 0 0 0 0 0 0 0 0 0 0 0 0 0 0 0 0 0 0 0 0 0 0 0 0 0 0 0 0 0 0 0 0 0 0 0 0 0 0 0 0 0 0 0 0 0 0 0 0 0 0 0 0 0 0 0 0 0 0 0 0 0 0 0 0 0 0 0 0 0 0 0 0 0 0 0 0 0 0 0 0 0 0 0 0 0 0 0 0 0 0 0 0 0 0 0 0 0 0 0 0 0 0 0 0 0 0 0 0 0 0 0 0 0 0 0 0 0 0 0 0 0 0 0 0 0 0 0 0 0 0 0 0 0 0 0 0 0 0 0 0 0 0 0 0 0 0 0 0 0 0 0 0 0 0 0 0 0 0 0 0 0 
0 0 0 0 0 0 0 0 0 0 0 0 0 0 0 0 0 0 0 0 0 0 0 0 0 0 0 0 0 0 0 0 0 0 0 0 0 0 0 0 0 0 0 0 0 0 0 0 0 0 0 0 0 0 0 0 0 0 0 0 0 0 0 0 0 0 0 0 0 0 0 0 0 0 0 0 0 0 0 0 0 0 0 0 0 0 0 0 0 0 0 0 0 0 0 0 0 0 0 0 0 0 0 0 0 0 0 0 0 0 0 0 0 0 0 0 0 0 0 0 0 0 0 0 0 0 0 0 0 0 0 0 0 0 0 0 0 0 0 0 0 0 0 0 0 0 0 0 0 0 0 0 0 0 0 0 0 0 0 0 0 0 0 0 0 0 0 0 0 0 0 0 0 0 0 0 0 0 0 0 0 0 0 0 0 0 0 0 0 0 0 0 0 0 0 0 0 0 0 0 0 0 0 0 0 0 0 0 0 0 0 
102 0 0 0 0 0 0 0 0 0 80 64 0 0 0 0 0 0 0 0 100 0 54 416 0 20 0 0 0 0 94 0 0 0 64 0 0 0 0 0 0 0 16 0 0 40 0 0 80 75 80 0 0 0 0 0 0 0 0 0 13 0 0 0 0 20 0 0 0 0 0 0 0 0 0 0 39 192 0 0 0 0 0 429 0 0 0 0 0 0 40 0 0 0 115 0 0 0 20 0 0 0 0 0 0 16 0 0 0 0 0 0 0 0 0 0 0 832 0 72 0 26 0 0 131 100 0 0 53 0 0 20 0 0 0 0 0 0 0 0 0 0 0 0 0 0 0 0 20 26 0 0 0 0 172 690 0 0 0 0 0 0 64 26 0 40 0 32 0 0 0 110 0 0 0 0 0 0 0 0 0 0 0 0 0 0 0 0 26 0 0 0 0 0 0 0 0 0 0 0 64 0 0 0 100 0 57 0 0 144 0 
0 0 0 0 0 0 0 0 0 0 0 0 0 0 0 0 0 0 0 0 0 0 0 0 0 0 0 0 0 0 0 0 0 0 0 0 0 0 0 0 0 0 0 0 0 0 0 0 0 0 0 0 0 0 0 0 0 0 0 0 0 0 0 0 0 0 0 0 0 0 0 0 0 0 0 0 0 0 0 0 0 0 0 0 0 0 0 0 0 0 0 0 0 0 0 0 0 0 0 0 0 0 0 0 0 0 0 0 0 0 0 0 0 0 0 0 0 0 0 0 0 0 0 0 0 0 0 0 0 0 0 0 0 0 0 0 0 0 0 0 0 0 0 0 0 0 0 0 0 0 0 0 0 0 0 0 0 0 0 0 0 0 0 0 0 0 0 0 0 0 0 0 0 0 0 0 0 0 0 0 0 0 0 0 0 0 0 0 0 0 0 0 0 0 0 0 0 0 0 0 0 0 0 0 0 0 0 0 0 0 0 
0 0 0 0 0 0 0 0 0 0 0 0 0 0 0 0 0 0 0 0 0 0 0 33 80 0 0 0 0 0 16 0 0 0 0 0 0 0 0 0 0 0 0 0 0 0 0 0 0 0 0 0 0 80 0 0 0 0 0 0 0 0 0 0 0 0 0 0 0 0 0 0 0 0 0 0 0 0 0 0 0 0 0 52 0 0 0 0 0 0 20 0 0 0 0 0 0 0 0 0 0 0 0 0 0 0 0 0 0 0 0 0 0 0 0 0 0 140 0 0 0 100 0 0 0 0 0 0 0 0 0 0 0 0 0 0 0 0 0 0 0 0 0 0 0 0 0 0 100 0 0 0 0 0 0 106 0 0 0 0 0 0 0 0 0 0 0 32 0 0 0 0 0 0 0 0 0 0 0 0 100 64 0 0 20 0 0 0 0 0 0 0 0 0 0 0 0 0 0 0 51 0 0 0 0 0 64 0 0 40 0 
2995 0 0 0 40 0 0 0 0 84 138 190 0 0 900 40 0 32 0 0 93 0 236 3715 80 204 0 0 0 80 819 0 0 0 555 13 0 0 112 126 0 0 0 0 20 26 0 96 258 639 16 40 0 0 0 0 0 64 0 0 125 100 51 32 0 0 295 0 0 0 16 0 0 32 0 0 487 662 132 0 0 0 296 2321 0 0 0 0 0 40 1095 954 0 120 64 20 0 0 470 16 40 0 298 775 0 204 32 0 26 0 0 67 0 0 0 247 0 6999 40 602 64 268 0 0 794 341 0 283 176 0 47 538 0 0 0 0 0 0 0 0 0 0 0 0 40 0 0 0 252 196 0 26 164 87 900 19380 466 100 216 0 0 157 184 593 0 220 26 30 0 0 0 2374 0 51 0 0 0 0 40 0 53 144 932 0 113 0 0 0 113 0 0 0 279 0 0 0 996 0 406 0 212 0 40 0 16 0 395 40 0 152 0 
3101 0 0 0 0 100 0 0 0 0 40 0 0 0 417 0 0 26 0 0 0 0 741 3586 771 194 0 0 0 115 890 0 0 0 511 51 0 0 51 13 0 0 0 0 0 16 0 0 279 973 46 120 0 153 0 0 0 0 0 0 118 0 0 0 0 0 415 0 0 0 16 0 0 51 0 0 215 611 64 0 0 51 51 1245 0 98 0 0 0 140 834 949 13 32 58 51 0 0 32 53 0 0 430 174 40 16 16 0 0 0 0 201 0 0 0 0 0 5214 0 391 53 1279 0 0 1063 608 0 240 0 100 40 96 40 0 0 0 0 0 0 0 0 0 0 146 0 0 160 0 81 400 0 0 380 170 1051 15538 364 51 153 0 64 551 209 705 0 551 0 16 0 0 0 3157 0 0 20 0 0 80 0 0 139 51 67 0 20 0 0 0 116 216 77 0 51 0 0 0 864 0 16 0 90 0 40 0 87 49 431 177 480 26 0 
173 0 0 0 0 0 0 0 0 0 16 0 0 0 80 0 0 0 0 0 0 0 0 158 0 0 0 0 0 0 73 0 0 0 40 0 0 0 0 40 0 0 0 0 0 0 13 0 0 100 0 0 0 0 0 0 0 0 0 0 0 0 0 0 0 0 0 0 0 0 0 0 0 0 0 0 0 13 0 0 0 0 0 356 0 0 0 0 0 0 16 40 0 0 0 0 0 0 0 0 0 0 32 0 0 13 0 0 0 0 0 0 0 0 0 0 0 444 0 93 0 131 0 0 13 0 0 0 0 0 0 20 0 0 0 0 0 0 0 0 0 0 0 0 0 0 0 0 0 32 0 0 0 32 117 1019 0 0 0 0 0 0 0 51 0 26 40 0 0 0 0 600 0 0 0 0 0 0 0 0 100 0 280 0 0 0 0 0 20 0 0 0 0 0 0 0 0 0 0 0 0 0 0 0 0 0 13 0 0 0 0 
0 0 0 0 0 0 0 0 0 0 0 0 0 0 0 0 0 0 0 0 0 0 0 0 0 0 0 0 0 0 0 0 0 0 0 0 0 0 0 0 0 0 0 0 0 0 0 0 0 0 0 0 0 0 0 0 0 0 0 0 0 0 0 0 0 0 0 0 0 0 0 0 0 0 0 0 0 0 0 0 0 0 0 0 0 0 0 0 0 0 0 0 0 0 0 0 0 0 0 0 0 0 0 0 0 0 0 0 0 0 0 0 0 0 0 0 0 0 0 0 0 0 0 0 0 0 0 0 0 0 0 0 0 0 0 0 0 0 0 0 0 0 0 0 0 0 0 0 0 0 0 0 0 0 0 0 0 0 0 0 0 0 0 0 0 0 0 0 0 0 0 0 0 0 0 0 0 0 0 0 0 0 0 0 0 0 0 0 0 0 0 0 0 0 0 0 0 0 0 0 0 0 0 0 0 0 0 0 0 0 0 
80 0 0 0 0 0 0 0 0 0 0 0 0 0 0 0 0 0 0 0 0 0 0 136 0 0 0 0 0 0 164 0 0 0 0 0 0 0 0 0 0 0 0 0 0 0 0 100 0 100 0 0 0 0 0 0 0 0 0 0 0 0 0 0 0 0 0 0 0 0 0 0 0 0 0 0 0 0 0 0 0 0 100 234 0 0 0 0 0 0 0 67 0 0 0 0 0 0 0 0 0 0 20 0 0 0 0 0 0 0 0 0 0 0 0 0 0 98 0 0 0 0 0 0 20 0 0 0 40 0 13 0 0 0 0 0 0 0 0 0 0 0 0 0 0 0 0 0 0 0 0 0 0 0 64 517 0 0 0 0 0 0 0 0 0 0 0 0 0 0 0 93 0 0 0 0 0 0 0 0 0 0 0 0 0 0 0 0 0 0 0 0 20 0 0 0 0 0 0 0 0 0 0 0 0 0 0 0 0 20 0 
32 0 0 0 0 0 0 0 0 0 0 0 0 0 13 0 0 0 0 0 0 0 0 228 0 78 0 0 0 0 40 0 0 0 96 0 0 0 0 0 0 0 0 0 0 0 0 0 20 51 0 0 0 0 0 0 0 0 0 0 0 0 0 0 0 0 64 0 0 0 0 0 0 0 0 0 64 80 0 0 0 64 126 120 80 0 0 0 0 32 317 0 13 0 26 0 0 0 0 40 0 0 0 0 0 180 0 0 0 0 0 40 0 0 0 0 0 272 0 0 0 0 0 0 80 0 0 0 0 0 0 0 0 0 0 0 0 0 0 0 0 0 0 0 0 0 0 0 49 0 0 0 51 0 204 448 0 0 0 0 0 0 51 32 0 0 0 0 0 0 0 238 0 0 0 0 0 0 0 0 0 39 0 0 0 0 0 0 0 51 0 0 0 0 0 0 160 0 0 0 0 0 0 0 0 0 264 0 0 0 0 
276 0 0 0 0 0 0 0 0 0 0 0 0 0 131 0 0 0 0 0 0 0 206 254 0 412 0 0 0 0 0 0 0 0 112 0 0 0 0 0 0 0 0 0 0 0 0 0 0 205 0 0 0 0 0 0 0 80 0 0 0 0 0 26 0 0 0 0 0 0 0 0 0 0 0 0 0 0 0 0 0 0 0 233 0 0 0 0 0 0 210 40 0 0 26 0 0 0 80 147 0 0 26 0 32 0 0 0 0 0 0 0 0 0 0 83 0 214 0 53 40 126 0 0 51 0 0 0 159 0 0 0 0 0 0 0 0 0 0 0 0 0 0 0 0 0 0 0 77 0 0 0 100 20 0 836 13 0 0 0 0 116 126 283 0 26 0 0 0 0 0 382 0 0 0 0 0 0 0 0 51 114 0 32 0 0 0 0 0 0 0 0 0 0 0 0 63 0 0 0 0 0 0 0 0 0 20 0 0 307 0 
11109 0 0 0 58 64 0 0 40 67 605 120 0 0 3229 0 0 0 0 0 366 0 1615 15634 917 1516 0 0 0 242 2859 0 0 0 2041 20 0 0 115 753 0 0 32 0 80 451 188 280 827 2517 232 410 0 61 0 0 100 278 0 0 610 207 33 720 200 13 1758 0 0 0 40 0 0 245 0 40 3031 1699 91 0 0 113 229 6532 400 103 0 0 0 833 3436 4128 1539 408 513 172 0 0 1290 385 151 0 997 770 64 258 67 0 54 0 176 280 0 20 0 154 0 26594 37 2875 240 1837 0 80 1940 1623 0 1622 601 0 145 1471 110 0 0 0 0 0 0 0 0 0 0 443 51 40 26 131 1023 1517 0 131 926 747 3613 72420 342 255 361 0 67 1055 700 2675 0 694 312 363 149 0 166 8430 0 98 430 0 0 100 112 0 513 368 276 0 436 0 0 40 650 0 415 0 457 0 0 0 5011 0 357 0 382 0 320 0 298 84 3435 139 225 381 0 
72 0 0 0 0 0 0 0 0 0 0 0 0 0 0 0 0 0 0 0 13 0 20 32 0 0 0 0 0 0 0 0 0 0 0 0 0 0 0 0 0 0 0 0 0 0 0 0 0 0 0 0 0 0 0 0 0 0 0 0 0 0 0 0 0 0 0 0 0 0 0 0 0 16 0 0 0 64 0 0 0 0 0 0 0 0 0 0 0 0 0 0 0 0 0 0 0 0 0 0 0 0 0 0 0 0 0 0 0 0 0 0 0 0 0 0 0 485 0 0 0 0 0 0 0 0 0 0 0 0 0 0 0 0 0 0 0 0 0 0 0 0 0 0 0 0 0 0 0 0 0 0 80 0 0 172 0 0 0 0 0 0 0 0 0 0 0 0 0 0 0 0 0 0 0 0 0 0 0 0 0 0 0 0 0 0 0 0 0 0 0 0 0 0 0 0 0 0 0 0 0 0 0 0 0 0 0 0 0 0 0 
209 0 0 0 0 0 0 0 0 0 0 0 0 0 0 0 0 0 0 0 0 0 0 278 0 0 0 0 0 0 258 0 0 0 100 0 0 0 0 0 0 0 0 0 0 26 0 0 26 42 0 0 0 0 0 0 0 0 0 0 0 0 0 0 0 0 64 0 0 0 0 0 0 80 0 0 40 128 0 0 0 0 0 111 0 0 0 0 0 0 0 0 0 0 0 0 0 0 0 40 0 0 0 0 0 0 0 0 0 0 0 0 0 0 0 0 0 653 0 100 0 20 0 0 72 0 0 20 0 0 0 0 51 0 0 0 0 0 0 0 0 0 0 0 0 0 0 0 80 0 0 0 40 0 190 549 0 0 0 0 0 0 100 20 0 0 0 0 0 0 0 183 0 0 0 0 0 0 0 0 0 0 0 0 0 0 0 0 0 0 0 0 0 0 0 0 20 0 0 0 0 0 0 0 0 80 0 0 0 0 0 
0 0 0 0 0 0 0 0 0 0 0 0 0 0 0 0 0 0 0 0 0 0 0 0 0 0 0 0 0 0 0 0 0 0 0 0 0 0 0 0 0 0 0 0 0 0 0 0 0 51 0 0 0 0 0 0 0 0 0 0 0 0 0 0 0 0 0 0 0 0 0 0 0 0 0 0 0 32 0 0 0 0 0 0 0 0 0 0 0 0 0 0 0 0 0 0 0 0 0 0 0 0 16 0 0 0 0 0 0 0 0 0 0 0 0 0 0 0 0 0 0 26 0 0 20 0 0 0 0 0 0 0 0 0 0 0 0 0 0 0 0 0 0 0 0 0 0 0 0 0 0 0 0 0 0 0 0 0 0 0 0 0 0 0 0 0 0 0 0 0 0 0 0 0 0 0 0 0 0 0 0 0 0 0 0 0 0 0 0 0 0 0 0 0 0 0 0 0 0 0 0 0 0 0 0 0 0 0 0 0 0 
0 0 0 0 0 0 0 0 0 0 0 0 0 0 0 0 0 0 0 0 0 0 0 0 0 0 0 0 0 0 0 0 0 0 0 0 0 0 0 0 0 0 0 0 0 0 0 0 0 0 0 0 0 0 0 0 0 0 0 0 0 0 0 0 0 0 0 0 0 0 0 0 0 0 0 0 0 0 0 0 0 0 0 0 0 0 0 0 0 0 0 0 0 0 0 0 0 0 0 0 0 0 0 0 0 0 0 0 0 0 0 0 0 0 0 0 0 0 0 0 0 0 0 0 0 0 0 0 0 0 0 0 0 0 0 0 0 0 0 0 0 0 0 0 0 0 0 0 0 0 0 0 0 0 0 0 0 0 0 0 0 0 0 0 0 0 0 0 0 0 0 0 0 0 0 0 0 0 0 0 0 0 0 0 0 0 0 0 0 0 0 0 0 0 0 0 0 0 0 0 0 0 0 0 0 0 0 0 0 0 0 
77 0 0 0 0 0 0 0 0 0 0 0 0 0 0 0 0 0 0 0 0 0 0 120 0 0 0 0 0 0 0 0 0 0 0 0 0 0 0 0 0 0 0 0 0 0 0 0 0 0 0 0 0 0 0 0 0 0 0 0 0 0 0 0 0 0 0 0 0 0 0 0 0 0 0 0 0 0 0 0 0 0 0 16 0 0 0 0 26 0 0 0 0 0 0 0 0 0 0 26 32 0 0 0 0 0 0 0 0 0 0 0 0 0 0 0 0 441 0 0 0 0 0 0 64 0 0 0 64 0 0 0 0 0 0 0 0 0 0 0 0 0 0 0 0 0 0 0 0 40 0 0 0 0 0 0 0 0 0 0 0 0 0 0 0 0 0 0 0 0 0 0 0 0 0 0 0 0 0 0 0 0 0 0 0 0 0 0 0 0 0 0 0 0 0 0 0 0 0 0 0 0 0 0 0 0 100 0 0 0 0 
1266 0 0 0 0 0 0 0 0 0 0 0 0 0 274 0 0 0 0 0 32 0 231 1927 13 128 0 0 0 0 312 0 0 0 144 0 0 0 0 0 16 0 0 0 0 0 0 0 40 305 0 0 0 0 0 0 0 0 0 0 0 0 0 0 0 0 220 0 0 0 0 0 0 0 0 0 108 114 0 0 0 26 0 546 0 0 0 0 0 289 153 218 0 51 158 0 0 0 80 26 0 0 80 147 0 0 0 0 0 0 0 0 0 0 0 0 0 2512 0 77 0 237 0 0 413 144 0 232 72 0 0 13 64 0 0 0 0 0 0 0 0 0 0 0 0 40 0 0 237 64 0 100 0 0 297 5609 32 0 65 0 0 64 130 100 0 0 0 80 0 0 26 168 0 0 0 0 0 0 0 0 0 0 0 0 116 0 0 0 100 0 64 0 0 0 0 64 614 0 64 0 26 0 0 0 100 0 160 64 32 20 0 
3773 0 0 0 0 0 0 0 0 0 13 0 0 0 888 0 0 0 0 0 224 13 769 4095 26 358 0 0 0 51 1685 0 0 0 1467 164 0 0 81 148 32 0 40 0 13 128 100 67 576 1577 0 248 0 54 0 0 0 0 0 0 75 64 64 143 0 64 509 0 0 51 0 0 0 77 0 51 1167 698 95 0 0 51 0 4081 32 105 0 0 80 178 995 1033 313 87 148 164 0 0 93 525 13 0 503 122 199 1000 90 100 80 100 98 505 0 51 40 179 0 4649 80 1145 289 468 0 0 363 204 0 311 551 20 132 178 0 0 0 0 0 0 0 0 0 0 0 33 0 350 0 90 750 319 0 16 111 179 3970 10267 96 86 0 0 81 192 181 229 0 233 167 245 0 0 64 7093 0 26 221 0 0 0 64 0 732 390 388 0 40 0 0 0 155 0 212 0 68 0 0 176 361 0 259 0 302 0 0 0 13 701 1667 106 248 788 0 
1070 0 0 0 0 80 0 0 0 26 37 0 0 0 400 0 0 32 0 0 16 0 80 3027 13 115 0 0 0 0 912 0 0 0 409 0 0 0 0 64 32 0 0 0 0 0 104 0 78 564 64 26 0 0 0 0 0 40 0 0 0 126 0 57 0 0 177 0 0 0 100 0 0 0 0 0 386 293 0 0 0 0 40 1472 0 0 0 0 0 170 489 459 13 0 356 40 0 0 115 0 0 0 295 91 0 112 20 0 0 0 146 0 0 26 0 0 0 2382 0 161 16 151 0 0 339 145 0 0 32 0 40 105 0 0 0 0 0 0 0 0 64 0 0 16 0 0 0 0 122 20 0 64 37 62 102 3814 26 40 32 0 26 0 72 96 0 0 96 40 64 0 0 2173 0 64 32 0 0 0 0 0 0 361 73 0 100 0 0 0 64 0 104 0 0 0 0 0 534 0 51 0 0 0 0 0 16 80 574 64 144 0 0 
862 0 0 0 0 0 0 0 0 0 51 0 0 0 196 0 0 0 0 0 16 0 408 1018 0 0 0 0 0 0 670 13 0 0 247 0 0 0 80 51 0 0 0 0 0 0 0 100 112 102 0 0 0 0 0 0 0 0 0 0 0 32 26 0 0 0 0 0 0 0 0 0 0 0 0 0 257 0 0 0 0 0 0 1000 0 0 0 0 0 100 86 65 32 0 83 0 0 0 0 32 0 0 84 124 0 0 0 0 0 0 0 100 0 0 0 0 0 899 0 120 13 200 0 0 52 64 0 40 0 0 104 0 13 0 0 0 0 0 0 0 0 0 0 0 0 0 0 0 0 0 0 0 0 131 103 1987 0 0 160 0 0 0 0 0 0 0 0 100 0 0 100 828 0 16 0 0 0 0 0 0 364 132 0 0 0 0 0 0 0 0 0 0 0 0 0 0 130 0 0 0 16 0 0 0 0 0 32 0 0 0 0 
297 0 0 0 0 0 0 0 0 0 0 0 0 0 96 0 0 0 0 0 13 0 0 927 0 0 0 0 0 0 20 0 0 0 40 0 0 0 0 0 0 0 0 0 0 0 0 0 80 64 0 0 0 0 0 0 0 0 0 0 0 0 0 0 0 0 0 0 0 0 0 0 0 0 0 0 93 64 80 0 0 0 0 294 0 0 0 0 0 0 96 188 0 51 131 0 0 0 0 0 51 0 0 0 0 51 0 0 0 0 0 0 0 0 0 80 0 287 20 0 0 0 0 0 88 0 0 32 0 0 0 64 0 0 0 0 0 0 0 0 0 0 0 0 0 0 20 0 26 0 0 0 0 965 116 394 20 0 0 0 0 0 61 0 0 0 0 0 0 0 0 345 0 0 0 0 0 0 26 0 0 0 64 0 0 0 0 0 0 0 0 0 0 0 0 125 77 0 0 0 0 0 0 0 0 0 80 0 0 16 0 
1193 0 0 0 0 0 0 0 0 0 40 0 0 0 232 0 0 0 0 0 106 0 257 1546 0 0 0 0 0 0 20 0 0 0 64 0 0 0 0 100 16 0 0 0 0 0 0 0 103 94 0 0 0 0 0 0 0 0 0 0 80 0 0 51 0 0 32 0 0 0 0 0 0 0 0 0 77 271 0 0 0 26 0 459 0 0 0 0 0 80 0 110 64 0 20 51 0 0 80 51 0 0 26 100 0 40 16 0 0 0 0 0 0 0 0 0 0 1170 0 61 16 116 0 0 64 361 0 20 0 0 0 0 0 0 0 0 0 0 0 0 0 0 0 0 0 80 40 0 100 51 0 0 0 20 314 2499 0 64 0 0 0 126 51 100 0 300 0 0 0 0 0 577 0 0 0 0 0 0 0 0 0 184 0 0 0 0 0 0 0 0 40 0 0 0 0 0 0 0 0 0 0 0 0 0 0 0 164 0 20 64 0 
120 0 0 0 0 0 0 0 0 0 51 0 0 0 20 0 0 0 0 0 0 0 40 522 13 0 0 0 0 0 96 0 0 0 135 0 0 0 0 64 0 0 80 0 0 32 0 0 64 186 0 0 0 0 0 0 0 0 0 0 32 0 0 0 0 0 26 0 0 0 0 0 0 0 0 0 108 115 0 0 0 0 0 262 0 13 0 0 0 0 64 20 0 0 0 32 0 0 0 13 0 0 300 51 0 0 0 0 0 0 0 80 0 0 0 0 0 881 0 124 0 16 0 0 244 0 0 0 40 0 64 0 0 0 0 0 0 0 0 0 0 0 0 0 0 0 0 0 80 0 0 0 0 160 275 1015 0 0 0 0 0 0 0 13 0 0 0 0 0 0 0 464 0 0 80 0 0 0 0 0 0 80 0 0 0 0 0 0 0 0 0 0 0 0 0 0 20 0 0 0 0 0 0 0 0 0 80 0 0 0 0 
0 0 0 0 0 0 0 0 0 0 0 0 0 0 0 0 0 0 0 0 0 0 0 0 0 0 0 0 0 0 0 0 0 0 0 0 0 0 0 0 0 0 0 0 0 0 0 0 0 0 0 0 0 0 0 0 0 0 0 0 0 0 0 0 0 0 0 0 0 0 0 0 0 0 0 0 0 0 0 0 0 0 0 0 0 0 0 0 0 0 0 0 0 0 0 0 0 0 0 0 0 0 0 0 0 0 0 0 0 0 0 0 0 0 0 0 0 0 0 0 0 0 0 0 0 0 0 0 0 0 0 0 0 0 0 0 0 0 0 0 0 0 0 0 0 0 0 0 0 0 0 0 0 0 0 0 0 0 0 0 0 0 0 0 0 0 0 0 0 0 0 0 0 0 0 0 0 0 0 0 0 0 0 0 0 0 0 0 0 0 0 0 0 0 0 0 0 0 0 0 0 0 0 0 0 0 0 0 0 0 0 
0 0 0 0 0 0 0 0 0 0 0 0 0 0 0 0 0 0 0 0 0 0 0 0 0 0 0 0 0 0 0 0 0 0 0 0 0 0 0 0 0 0 0 0 0 0 0 0 0 0 0 0 0 0 0 0 0 0 0 0 0 0 0 0 0 0 0 0 0 0 0 0 0 0 0 0 0 0 0 0 0 0 0 0 0 0 0 0 0 0 0 0 0 0 0 0 0 0 0 0 0 0 0 0 0 0 0 0 0 0 0 0 0 0 0 0 0 0 0 0 0 0 0 0 0 0 0 0 0 0 0 0 0 0 0 0 0 0 0 0 0 0 0 0 0 0 0 0 0 0 0 0 0 0 0 0 0 0 0 0 0 0 0 0 0 0 0 0 0 0 0 0 0 0 0 0 0 0 0 0 0 0 0 0 0 0 0 0 0 0 0 0 0 0 0 0 0 0 0 0 0 0 0 0 0 0 0 0 0 0 0 
568 0 0 0 0 20 0 0 0 0 0 0 0 0 122 0 0 0 0 0 226 0 0 816 0 0 0 0 0 0 395 0 0 0 80 0 0 0 0 32 0 0 0 0 0 0 0 0 120 187 0 51 0 0 0 0 0 0 0 0 0 0 0 84 0 0 0 0 0 0 0 0 0 0 0 0 32 102 0 0 0 0 0 396 0 0 0 0 0 40 129 67 0 0 26 96 0 0 64 0 0 0 140 64 0 0 0 0 0 0 0 0 0 0 20 0 0 1753 0 81 0 155 0 0 58 426 0 0 20 0 0 0 0 0 0 0 0 0 0 0 0 0 0 13 0 0 0 0 84 0 0 0 13 0 156 1268 317 0 20 0 0 64 16 0 0 181 0 16 0 0 0 240 0 0 0 0 0 0 51 0 0 32 80 0 0 0 0 0 0 0 0 0 40 0 0 64 295 0 64 0 151 0 0 0 16 16 175 90 26 100 0 
497 0 0 0 0 0 0 0 0 0 0 0 0 0 0 0 0 0 0 0 0 0 0 402 20 0 0 0 0 64 323 51 0 0 77 0 0 0 0 0 0 0 0 0 0 20 0 0 20 407 0 0 0 0 0 0 0 0 0 0 0 0 0 0 0 0 133 0 0 0 0 0 0 0 0 0 320 90 51 0 0 100 0 868 0 0 0 0 0 51 279 65 0 0 13 63 0 0 0 112 0 0 80 0 0 20 0 0 0 0 0 120 0 0 0 0 0 573 0 322 0 98 0 0 100 26 0 117 0 0 0 80 0 0 0 0 0 0 0 0 0 0 0 0 0 0 0 0 178 134 0 0 51 32 375 1125 0 0 0 0 0 73 0 131 0 0 13 51 0 0 0 518 0 0 104 0 0 0 0 0 54 51 51 80 0 0 0 0 20 0 0 0 0 0 0 64 0 0 64 0 0 0 0 0 0 40 78 0 212 0 0 
295 0 0 0 0 0 0 0 0 0 16 0 0 0 200 0 0 0 0 0 0 0 0 108 0 0 0 0 0 0 115 0 0 0 0 0 0 0 0 0 0 0 0 0 0 0 0 0 0 98 0 0 0 0 0 0 0 0 0 0 0 64 0 0 0 0 0 0 0 0 0 0 0 0 0 26 200 174 0 0 0 0 0 262 0 0 0 0 0 51 144 64 0 16 0 0 0 0 39 0 0 0 39 0 0 0 0 0 0 0 0 0 0 0 0 0 0 227 0 40 100 37 0 0 142 0 0 0 51 0 0 0 0 0 0 0 0 0 0 0 0 0 0 0 0 0 0 0 0 90 0 0 0 20 117 353 0 0 0 0 0 0 0 32 0 0 0 0 0 0 0 342 0 0 0 0 0 0 0 0 0 0 0 0 0 0 0 0 0 0 0 0 0 0 0 0 20 0 0 0 0 0 0 0 0 0 0 0 0 0 0 
0 0 0 0 0 0 0 0 0 0 0 0 0 0 0 0 0 0 0 0 0 0 0 0 0 0 0 0 0 0 0 0 0 0 0 0 0 0 0 0 0 0 0 0 0 0 0 0 0 0 0 0 0 0 0 0 0 0 0 0 0 0 0 0 0 0 0 0 0 0 0 0 0 0 0 0 0 0 0 0 0 0 0 0 0 0 0 0 0 0 0 0 0 0 0 0 0 0 0 0 0 0 0 0 0 0 0 0 0 0 0 0 0 0 0 0 0 0 0 0 0 0 0 0 0 0 0 0 0 0 0 0 0 0 0 0 0 0 0 0 0 0 0 0 0 0 0 0 0 0 0 0 0 0 0 0 0 0 0 0 0 0 0 0 0 0 0 0 0 0 0 0 0 0 0 0 0 0 0 0 0 0 0 0 0 0 0 0 0 0 0 0 0 0 0 0 0 0 0 0 0 0 0 0 0 0 0 0 0 0 0 
770 0 0 0 26 0 0 0 0 42 0 0 0 0 79 0 0 0 0 0 152 0 285 2627 83 319 0 0 80 0 140 0 0 0 342 0 0 0 64 58 0 0 0 0 0 87 0 0 144 294 51 64 0 0 0 0 0 80 0 0 0 0 0 0 0 0 123 0 0 0 0 0 0 0 0 0 275 225 32 0 0 0 0 1326 0 0 0 0 0 111 320 318 73 760 26 40 0 0 0 0 0 0 451 115 0 200 0 0 32 0 13 0 0 0 16 0 0 2457 40 286 160 296 0 0 1127 90 0 16 0 0 26 0 0 0 0 0 0 0 0 0 0 0 0 0 0 16 0 0 253 0 0 0 51 2821 565 3681 118 0 200 0 0 51 51 221 0 32 16 13 0 0 131 1748 0 0 40 0 0 0 0 0 40 0 0 0 0 0 0 0 0 0 80 0 0 0 0 54 267 0 0 0 200 0 0 0 0 100 361 0 0 53 0 
156 0 0 0 0 0 0 0 0 0 0 0 0 0 246 0 0 0 0 0 120 0 26 1369 0 0 0 0 0 16 288 0 0 0 0 0 0 0 0 0 51 0 0 0 0 0 0 0 16 125 0 0 0 0 0 0 0 0 0 0 0 40 80 0 0 0 80 0 0 0 0 0 0 51 0 0 32 193 0 0 0 92 80 1224 0 0 0 0 0 13 175 40 13 0 0 64 0 0 0 32 0 0 40 387 0 32 0 0 0 0 0 0 0 0 0 0 0 2462 0 80 0 32 0 0 284 200 0 0 0 0 0 800 0 0 0 0 0 0 0 0 0 0 0 0 0 84 0 0 67 0 0 0 32 0 252 2865 93 0 0 16 13 224 51 26 0 72 51 64 0 0 0 676 0 0 64 0 0 0 0 0 92 0 0 0 0 0 0 0 0 0 64 0 0 0 0 0 106 0 0 0 0 0 64 0 26 0 103 0 0 93 0 
102 0 0 0 0 0 0 0 0 0 0 0 0 0 0 0 0 0 0 0 0 0 0 559 80 51 0 0 0 0 548 0 0 0 20 0 0 0 0 0 0 0 0 0 0 80 100 0 64 160 0 104 0 0 0 0 0 80 0 0 0 0 0 16 0 0 0 0 0 20 0 0 0 0 0 0 51 51 100 0 0 0 0 743 0 0 0 0 0 0 172 80 0 0 0 0 0 0 64 0 0 0 400 26 49 128 0 0 0 0 0 20 0 0 0 0 0 725 0 39 16 180 0 0 100 40 0 13 0 0 0 0 16 0 0 0 0 0 0 0 0 0 0 0 0 0 100 0 40 0 0 0 0 80 92 1408 0 0 192 0 0 64 0 259 0 20 0 0 0 0 0 1383 0 26 0 0 0 0 0 0 0 64 0 0 0 0 0 0 0 0 0 0 0 0 0 0 0 0 0 0 0 0 0 0 0 0 160 0 13 0 0 
135 0 0 0 0 0 0 0 0 0 0 40 0 0 26 0 0 0 0 0 13 0 0 314 0 0 0 0 0 0 177 0 0 0 383 0 0 0 0 37 0 0 0 0 0 0 0 77 13 287 0 0 0 0 0 0 0 0 0 0 0 0 0 0 0 0 0 0 0 0 0 0 0 0 0 0 323 110 0 0 0 64 64 607 0 0 0 0 0 97 129 0 32 40 84 0 0 0 26 0 0 0 80 0 0 0 0 0 0 0 0 100 0 0 0 0 0 557 0 0 164 16 0 0 131 51 0 102 147 26 0 0 0 0 0 0 0 0 0 0 0 0 0 0 0 0 0 0 46 315 0 0 0 0 454 1294 32 64 0 0 100 0 20 100 0 227 51 40 0 0 0 622 0 0 0 0 0 0 0 0 0 0 0 0 0 0 0 0 0 0 13 0 26 0 0 0 113 0 0 0 0 0 100 0 0 32 202 0 0 26 0 
40 0 0 0 0 0 0 0 0 0 0 0 0 0 0 0 0 0 0 0 0 0 0 42 0 0 0 0 0 0 0 0 0 0 26 0 0 0 0 0 0 0 0 0 0 0 0 0 0 0 0 0 0 0 0 0 0 0 0 0 0 0 0 100 0 0 0 0 0 0 0 0 0 0 0 0 40 0 0 0 0 0 0 160 0 0 0 0 0 0 13 0 0 0 0 0 0 0 0 80 0 0 0 0 0 0 0 0 0 0 0 0 0 0 0 0 0 100 0 0 0 120 0 0 0 80 0 0 0 0 0 0 0 0 0 0 0 0 0 0 0 0 0 0 0 0 0 0 0 0 0 0 64 0 0 126 13 0 0 0 0 0 0 40 0 0 0 0 0 0 0 219 0 0 0 0 0 0 0 0 0 0 0 0 0 0 0 0 0 0 0 0 51 0 0 0 0 0 0 0 0 0 0 0 0 0 0 0 20 20 0 
0 0 0 0 0 0 0 0 0 0 0 0 0 0 0 0 0 0 0 0 0 0 0 13 0 0 0 0 0 0 0 0 0 0 51 0 0 0 0 0 0 0 0 0 0 0 0 0 32 0 0 0 0 0 0 0 0 0 0 0 0 0 0 0 0 0 0 0 0 0 0 0 0 0 0 0 100 0 0 0 0 0 0 0 0 0 0 0 0 0 0 0 0 0 0 0 0 0 0 0 0 0 0 0 0 0 0 0 0 0 0 0 0 0 0 0 0 26 0 0 0 0 0 0 0 0 0 0 0 0 0 0 0 0 0 0 0 0 0 0 0 0 0 0 0 0 0 0 0 0 0 0 0 0 51 166 0 0 0 0 0 0 0 0 0 0 0 0 0 0 0 13 0 0 0 0 0 0 0 0 0 0 0 0 0 0 0 0 0 0 0 0 0 0 0 0 0 0 0 0 0 0 0 0 0 0 26 0 0 0 0 
0 0 0 0 0 0 0 0 0 0 0 0 0 0 0 0 0 0 0 0 0 0 0 0 0 0 0 0 0 0 0 0 0 0 0 0 0 0 0 0 0 0 0 0 0 0 0 0 0 13 32 0 0 0 0 0 0 0 0 0 0 0 0 0 0 0 0 0 0 0 0 0 0 0 0 0 16 0 0 0 0 0 0 0 0 0 0 0 0 0 0 0 0 0 0 0 0 0 0 0 0 0 0 0 0 0 0 0 0 0 0 0 0 0 208 0 0 120 0 0 0 80 0 0 0 40 0 0 0 0 0 0 0 0 0 0 0 0 0 0 0 0 0 0 0 0 0 0 0 0 0 0 0 0 0 192 80 0 0 0 0 0 0 0 0 0 0 0 0 0 0 0 0 0 0 0 0 0 0 0 0 0 0 0 0 0 0 0 0 0 0 0 0 0 0 0 0 0 0 0 0 0 0 0 0 0 0 0 0 0 0 
200 0 0 0 0 0 0 0 0 0 80 0 0 0 51 0 0 0 0 0 0 0 51 225 0 0 0 0 0 0 16 0 0 0 64 0 0 0 0 0 0 0 0 0 0 0 0 0 0 0 0 0 0 0 0 0 0 0 0 0 0 0 0 0 0 0 0 0 0 0 0 0 0 0 0 0 0 0 0 0 0 0 0 64 0 0 0 0 0 0 0 0 0 0 0 0 0 0 0 0 0 0 0 80 0 0 0 0 0 0 0 0 0 0 0 80 0 110 0 100 0 0 0 0 0 0 0 0 0 0 0 80 0 0 0 0 0 0 0 0 0 0 0 0 0 0 0 0 0 0 0 0 0 0 0 399 0 0 0 0 0 0 0 0 0 0 0 0 0 0 0 46 0 0 0 0 0 0 0 0 0 0 0 0 0 0 0 0 0 0 0 0 0 0 0 0 51 0 0 0 0 0 0 0 0 0 0 0 0 32 0 
80 0 0 0 0 0 0 0 0 0 180 0 0 0 0 0 0 0 0 0 0 0 0 116 0 0 0 0 0 0 13 0 0 0 20 0 0 0 0 0 0 0 0 0 0 0 0 0 32 0 0 0 0 0 0 0 0 0 0 0 0 0 0 0 0 0 0 0 0 0 0 0 0 0 0 0 151 0 0 0 0 0 0 80 0 0 0 0 0 0 0 51 0 0 0 0 0 0 0 0 0 0 32 0 0 0 0 0 0 0 0 0 0 0 0 80 0 285 0 16 0 0 0 0 0 64 0 0 0 0 0 0 0 0 0 0 0 0 0 0 0 0 0 0 0 0 0 0 0 64 0 0 0 0 80 371 0 0 0 0 0 0 0 51 0 0 0 26 0 0 0 100 0 0 0 0 0 0 0 0 0 16 0 0 0 0 0 0 0 0 0 0 0 0 0 0 13 0 0 0 0 0 0 0 0 0 160 0 0 0 0 
691 0 0 0 80 0 0 0 0 0 0 0 0 0 117 0 0 0 0 0 0 0 0 715 0 0 0 0 0 80 181 0 0 0 174 0 0 0 112 0 64 0 0 0 0 0 0 0 548 134 254 51 0 0 0 0 0 90 0 0 64 0 0 0 13 61 0 0 0 0 0 0 0 0 0 0 408 0 54 0 0 0 0 335 0 47 0 0 40 0 170 201 51 500 0 213 0 0 0 0 40 0 487 51 40 0 0 80 13 0 0 84 0 0 0 0 0 1307 0 105 26 384 0 0 351 200 0 0 13 0 0 120 0 0 0 0 0 0 0 51 0 120 0 0 80 77 0 0 177 128 0 0 0 640 338 1330 77 0 0 0 0 13 0 26 0 0 32 120 0 0 0 947 0 0 0 0 0 0 20 0 20 0 0 0 0 0 0 20 32 80 0 0 64 0 0 0 37 0 0 0 113 0 0 0 0 0 125 32 0 104 0 
0 0 0 0 0 0 0 0 0 0 0 0 0 0 0 0 0 0 0 0 0 0 0 0 0 0 0 0 0 0 0 0 0 0 13 0 0 0 0 0 0 0 0 0 0 0 0 0 0 0 0 0 0 0 0 0 0 0 0 0 0 0 0 0 26 0 0 0 0 0 32 0 0 0 0 0 0 0 0 0 0 0 0 0 0 0 0 0 0 0 0 0 0 0 0 0 0 0 0 0 0 0 0 0 0 0 0 0 0 0 0 0 0 0 0 0 0 0 0 0 0 0 0 0 20 0 0 0 0 0 0 0 0 0 0 0 0 0 0 0 0 0 0 0 0 0 0 0 0 0 0 0 0 0 0 64 0 0 0 0 0 0 0 0 0 0 0 0 0 0 0 101 0 0 0 0 0 0 0 0 0 0 0 0 0 0 0 0 0 0 0 0 0 0 0 0 0 0 0 0 0 0 0 0 0 0 32 0 0 0 0 
0 0 0 0 0 0 0 0 0 0 0 0 0 0 40 0 0 0 0 0 0 0 0 16 0 0 0 0 0 0 0 0 0 0 0 0 0 0 0 0 0 0 0 0 0 0 0 0 0 0 0 0 0 0 0 0 0 0 0 0 0 0 0 0 0 0 0 0 0 0 0 0 0 0 0 0 51 0 51 0 0 0 0 64 0 0 0 0 0 0 0 0 0 240 0 0 0 0 0 0 0 0 0 0 0 0 0 0 0 0 0 0 0 0 0 0 0 137 0 0 0 0 0 0 0 0 0 0 0 0 0 0 0 0 0 0 0 0 0 0 0 0 0 0 0 0 0 0 0 0 0 0 0 0 32 404 0 0 0 0 0 0 0 0 0 0 0 0 0 0 0 0 0 0 0 0 0 0 0 0 0 0 40 0 0 0 0 0 0 0 0 0 0 0 0 0 80 0 0 0 0 0 0 0 0 0 0 0 0 0 0 
0 0 0 0 0 0 0 0 0 0 0 0 0 0 64 0 0 0 0 0 0 0 0 0 40 0 0 0 0 0 26 0 0 0 0 0 0 0 0 0 0 0 0 0 0 0 0 0 0 26 64 0 0 0 0 0 0 0 0 0 0 0 0 26 0 0 0 0 0 0 0 0 0 0 0 0 32 0 0 0 0 0 0 13 0 0 0 0 0 0 0 16 0 0 0 0 0 0 20 0 0 0 16 0 0 0 0 0 0 0 0 0 0 0 0 0 0 0 0 0 0 51 0 0 16 80 0 0 0 0 0 0 0 0 0 0 0 0 0 0 0 0 0 0 0 0 0 0 0 32 0 0 0 0 120 363 0 0 0 0 0 0 0 0 0 0 0 0 0 0 0 104 0 0 0 0 0 0 0 0 0 64 0 0 0 0 0 51 0 0 0 0 0 0 0 0 0 0 0 0 0 0 0 0 0 100 0 0 0 0 0 
196 0 0 0 0 0 0 0 0 0 0 0 0 0 80 0 0 0 0 0 0 0 13 67 0 0 0 0 0 0 73 0 0 0 100 0 0 0 0 0 0 0 0 0 0 0 0 0 72 0 64 0 0 0 0 0 0 0 0 0 20 0 0 0 0 0 0 0 0 0 40 0 0 0 0 0 0 0 0 0 0 0 0 67 0 0 0 0 0 40 0 64 0 0 0 0 0 0 0 0 0 0 172 0 0 0 0 0 0 0 80 0 0 0 0 51 0 383 0 100 0 0 0 0 100 0 0 0 0 0 0 0 0 0 0 0 0 0 0 0 0 0 0 0 0 0 0 0 0 32 0 0 0 106 126 347 0 0 0 0 0 0 0 272 0 0 0 0 0 0 0 211 0 0 0 0 0 0 0 0 0 0 0 0 0 0 0 0 0 0 0 0 0 0 0 0 41 0 0 0 0 0 0 0 0 0 240 0 0 40 0 
0 0 0 0 0 0 0 0 0 0 0 0 0 0 0 0 0 0 0 0 0 0 0 0 0 0 0 0 0 0 0 0 0 0 0 0 0 0 0 0 0 0 0 0 0 0 0 0 0 0 0 0 0 0 0 0 0 0 0 0 0 0 0 0 0 0 0 0 0 0 0 0 0 0 0 0 0 0 0 0 0 0 0 0 0 0 0 0 0 0 0 0 0 0 0 0 0 0 0 0 0 0 0 0 0 0 0 0 0 0 0 0 0 0 0 0 0 0 0 0 0 0 0 0 0 0 0 0 0 0 0 0 0 0 0 0 0 0 0 0 0 0 0 0 0 0 0 0 0 0 0 0 0 0 0 0 0 0 0 0 0 0 0 0 0 0 0 0 0 0 0 0 0 0 0 0 0 0 0 0 0 0 0 0 0 0 0 0 0 0 0 0 0 0 0 0 0 0 0 0 0 0 0 0 0 0 0 0 0 0 0 
17993 0 84 0 488 179 32 26 42 67 427 360 0 0 6621 135 0 77 0 0 1818 142 4035 44753 952 1492 0 0 26 215 6992 53 0 0 3818 268 0 0 119 876 20 0 160 0 40 788 162 476 2338 6205 402 822 0 423 0 0 0 350 0 0 314 571 304 638 426 134 2070 58 0 0 64 0 0 668 0 78 3553 3832 40 0 0 347 269 18336 13 879 0 0 99 1779 5675 5478 1523 705 1178 440 0 0 1124 1492 524 0 1733 2094 315 1129 106 108 115 51 226 965 0 0 75 206 0 37377 105 4824 850 2650 0 0 6537 1101 40 2831 1151 0 707 839 519 0 80 0 0 77 0 20 279 0 0 359 137 504 51 259 2504 1470 0 204 1732 1313 8237 130398 1872 277 641 0 204 2638 697 3055 0 2280 556 571 295 0 131 15417 0 141 958 0 0 40 39 0 948 2199 553 16 396 96 0 32 1139 177 599 13 261 0 0 192 12090 0 446 0 1848 0 580 0 400 400 6713 643 556 1211 0 
0 0 0 0 0 0 0 0 0 0 0 0 0 0 0 0 0 0 0 0 0 0 0 70 0 0 0 0 0 0 0 0 0 0 26 0 0 0 0 0 0 0 0 0 0 0 0 0 0 100 0 0 0 0 0 0 0 0 0 0 0 0 0 0 0 0 0 0 0 0 0 0 0 0 0 0 0 0 0 0 0 0 0 147 0 0 0 0 0 164 0 0 0 0 0 0 0 0 0 0 0 0 0 0 0 100 0 0 0 0 0 0 0 0 0 0 0 166 0 0 0 80 0 0 0 40 0 0 0 0 0 0 0 0 0 0 0 0 0 0 0 0 0 0 0 0 0 0 0 80 0 0 0 0 0 382 0 0 0 0 0 0 0 0 0 20 0 0 0 0 0 32 0 0 0 0 0 0 0 0 0 0 0 0 0 0 0 0 0 0 0 0 0 0 0 0 0 0 0 0 0 0 13 0 0 0 0 0 0 0 0 
1739 0 0 0 0 0 0 0 0 32 97 20 0 0 458 42 0 0 0 0 174 0 300 4003 102 113 0 0 0 0 483 0 0 0 307 0 0 0 40 120 80 0 51 0 0 13 0 33 16 709 112 104 0 100 0 0 0 32 0 0 26 58 102 51 40 0 692 0 0 0 0 0 0 0 0 0 370 295 0 0 0 0 57 2023 0 64 0 0 0 115 570 771 32 51 128 40 0 0 64 83 64 0 188 178 81 151 115 0 0 0 182 131 0 0 0 0 0 8621 0 908 32 842 0 0 543 1657 0 341 0 0 77 157 80 0 0 0 0 0 0 0 26 0 0 83 0 32 112 20 238 183 0 0 188 209 884 25465 261 59 0 0 20 313 67 1249 0 188 51 141 0 0 0 2133 0 0 300 0 0 0 51 0 94 126 0 0 51 0 0 0 295 0 40 0 32 0 51 0 1848 0 20 0 119 0 13 0 0 90 785 157 183 96 0 
662 0 0 0 0 0 0 0 0 54 0 0 0 0 377 0 0 0 0 0 0 0 112 736 0 0 0 0 0 64 172 0 0 0 215 0 0 0 0 0 0 0 0 0 0 0 0 51 0 244 40 131 0 0 0 0 0 64 0 0 0 0 0 0 0 0 0 0 0 0 0 0 0 13 0 0 220 130 0 0 0 0 20 411 0 0 0 0 0 332 221 80 0 0 0 40 0 0 32 0 0 0 1272 125 16 0 0 0 0 0 0 200 0 0 0 0 0 792 0 34 0 16 0 0 140 0 0 64 51 0 0 0 0 0 0 0 0 0 0 0 0 0 0 0 0 0 0 0 138 0 0 0 0 0 419 1324 40 0 0 0 0 80 0 80 0 0 0 0 0 0 0 1141 0 0 100 0 0 0 0 0 0 100 0 0 0 0 0 0 0 0 0 0 0 0 0 0 93 0 0 0 120 0 0 0 0 0 381 0 100 0 0 
886 0 0 0 0 0 0 0 0 0 100 0 0 0 0 0 0 0 0 0 240 0 0 2684 2823 97 0 0 0 40 226 0 0 0 172 0 0 0 96 0 0 0 0 0 0 166 0 0 392 549 132 51 0 0 0 0 0 0 0 0 0 0 16 64 0 0 96 0 0 0 0 0 0 195 0 0 606 707 20 0 0 0 16 1036 0 0 0 0 0 126 326 178 79 0 67 96 0 0 94 531 200 0 693 207 0 0 20 100 26 0 13 16 0 0 113 32 0 4743 0 415 0 93 0 0 881 886 0 80 85 0 100 0 0 0 0 0 0 0 0 0 0 80 0 32 0 0 0 20 80 16 0 0 88 213 392 5941 80 26 0 0 0 0 181 92 0 452 0 40 0 0 0 1489 0 0 0 0 0 13 0 0 26 102 51 0 26 0 0 0 13 0 0 0 0 0 0 51 808 0 16 0 199 0 0 0 20 40 759 54 106 200 0 
0 0 0 0 0 0 0 0 0 0 0 0 0 0 0 0 0 0 0 0 0 0 0 0 0 0 0 0 0 0 0 0 0 0 0 0 0 0 0 0 0 0 0 0 0 0 0 0 0 0 0 0 0 0 0 0 0 0 0 0 0 0 0 0 0 0 0 0 0 0 0 0 0 0 0 0 0 0 0 0 0 0 0 0 0 0 0 0 0 0 0 0 0 0 0 0 0 0 0 0 0 0 0 0 0 0 0 0 0 0 0 0 0 0 0 0 0 0 0 0 0 0 0 0 0 0 0 0 0 0 0 0 0 0 0 0 0 0 0 0 0 0 0 0 0 0 0 0 0 0 0 0 0 0 0 0 0 0 0 0 0 0 0 0 0 0 0 0 0 0 0 0 0 0 0 0 0 0 0 0 0 0 0 0 0 0 0 0 0 0 0 0 0 0 0 0 0 0 0 0 0 0 0 0 0 0 0 0 0 0 0 
0 0 0 0 0 0 0 0 0 0 0 0 0 0 0 0 0 0 0 0 0 0 0 0 0 0 0 0 0 0 0 0 0 0 0 0 0 0 0 0 0 0 0 0 0 0 0 0 0 96 0 0 0 0 0 0 0 0 0 0 0 0 0 0 0 0 0 0 0 0 0 0 0 0 0 0 0 0 0 0 0 0 0 0 0 0 0 0 0 0 0 0 0 0 0 0 0 0 0 0 0 0 0 0 0 0 0 0 0 0 0 0 0 0 0 0 0 0 0 0 0 0 0 0 0 0 0 0 0 0 0 0 0 0 0 0 0 0 0 0 0 0 0 0 0 0 0 0 0 0 0 0 0 0 0 51 0 0 0 0 0 0 0 0 0 0 0 0 0 0 0 0 0 0 0 0 0 0 0 0 0 0 0 0 0 0 0 0 0 0 0 0 0 0 0 0 0 0 0 0 0 0 0 0 0 0 0 0 0 0 0 
2785 0 51 0 0 0 51 80 0 80 32 0 0 0 190 0 0 0 0 0 100 0 204 2424 358 116 0 0 0 40 986 0 0 0 240 0 0 0 0 13 40 0 51 0 0 492 0 0 321 670 127 144 0 0 0 0 0 151 0 0 58 0 0 0 96 80 0 0 0 0 0 0 0 96 0 0 513 710 32 0 0 180 264 1948 0 0 0 0 51 174 279 480 51 1115 32 80 0 0 64 149 186 0 747 198 169 40 0 0 0 0 172 100 0 0 0 80 0 4786 0 296 136 153 0 0 755 141 0 77 277 0 26 111 0 0 0 0 0 0 0 0 0 0 0 80 0 101 0 40 423 0 0 0 128 137 242 6036 276 20 51 0 20 80 220 264 0 130 0 0 16 0 80 2926 0 0 233 0 0 0 0 0 53 157 0 0 0 0 0 64 195 16 80 0 26 0 0 167 541 0 13 0 178 0 64 0 100 0 254 40 64 475 0 
217 0 0 0 0 0 0 0 0 0 0 0 0 0 184 0 0 80 0 0 80 0 80 840 0 110 0 0 0 16 428 0 0 0 141 0 0 0 80 0 0 0 0 0 0 0 0 26 180 162 0 64 0 0 0 0 0 32 0 0 0 0 80 0 32 0 30 0 0 0 0 0 0 16 0 0 148 278 0 0 0 64 0 793 0 0 0 0 0 0 227 142 0 64 210 20 0 0 26 0 0 0 80 73 64 321 0 0 0 0 0 16 0 0 0 0 0 2336 13 75 0 72 0 0 104 51 0 61 26 0 0 0 0 0 0 0 0 0 0 0 0 0 0 0 51 26 100 0 215 164 0 0 0 0 405 2270 77 0 40 0 51 32 143 90 0 84 80 41 51 0 0 610 0 40 26 0 0 0 0 0 16 120 0 0 0 0 0 0 80 0 0 0 0 0 0 0 275 0 80 0 154 0 0 0 81 0 318 106 16 0 0 
0 0 0 0 0 0 0 0 0 0 0 0 0 0 0 0 0 0 0 0 0 0 26 0 0 0 0 0 0 0 0 0 0 0 0 0 0 0 0 0 0 0 0 0 0 0 0 0 0 0 0 0 0 0 0 0 0 0 0 0 0 0 0 0 0 0 0 0 0 0 0 0 0 0 0 0 0 0 0 0 0 0 0 0 0 0 0 0 0 0 0 0 0 0 0 0 0 0 0 0 0 0 0 0 0 0 0 0 0 0 0 0 0 0 0 0 0 32 0 0 0 0 0 0 0 0 0 0 0 0 0 0 0 0 0 0 0 0 0 0 0 0 0 0 0 0 0 0 0 0 0 0 0 0 0 51 0 0 0 0 0 0 0 0 0 0 0 0 0 0 0 80 0 0 0 0 0 0 0 0 0 0 0 0 0 0 0 0 0 0 0 0 0 0 0 0 0 0 0 0 0 0 0 0 13 0 0 0 0 0 0 
483 0 0 0 0 0 0 0 0 0 0 0 0 0 191 0 0 0 0 0 0 0 106 1215 105 84 0 0 0 0 154 0 0 0 149 0 0 0 0 0 0 0 0 0 0 20 0 0 16 164 0 20 0 0 0 0 0 0 0 0 0 0 32 0 0 0 16 0 0 0 0 0 0 115 0 0 40 40 0 0 0 0 0 489 0 226 0 0 0 131 163 54 0 13 0 80 0 0 0 93 0 0 64 0 80 106 120 0 0 0 0 16 0 0 0 0 0 1497 0 0 0 131 0 0 120 16 0 573 0 0 0 0 40 0 0 0 0 0 0 0 0 0 0 0 0 0 0 0 51 106 0 0 0 111 96 1739 0 0 0 0 0 0 0 0 0 0 0 0 0 0 0 509 0 0 80 0 0 0 0 0 0 0 98 0 0 0 0 0 64 0 0 0 0 0 0 0 89 0 0 0 0 0 0 0 0 80 446 0 64 0 0 
1029 0 0 0 0 0 0 0 0 0 68 42 0 0 537 32 0 0 0 0 30 0 100 1212 32 0 0 0 0 0 396 0 0 0 453 0 0 0 0 267 0 0 0 0 0 100 20 0 139 726 0 83 0 26 0 0 0 0 0 0 0 0 0 0 0 0 186 0 0 0 0 0 0 32 0 0 665 115 0 0 0 32 0 2025 0 0 0 0 0 140 115 164 37 0 26 67 0 0 40 0 0 0 64 67 0 0 0 0 0 0 0 16 0 0 0 0 0 2641 0 473 80 0 0 0 307 80 0 13 49 0 0 80 0 0 0 0 0 0 0 0 0 0 0 116 0 0 80 40 173 131 0 0 112 0 627 3379 80 0 46 0 0 0 16 80 0 100 0 0 0 0 0 735 0 0 0 0 0 0 40 0 0 400 0 0 64 0 0 0 116 0 0 0 0 0 0 0 208 0 26 0 0 0 0 0 0 0 734 32 0 64 0 
13 0 0 0 0 0 0 0 0 0 0 0 0 0 64 0 0 0 0 0 0 0 0 26 0 0 0 0 0 0 0 0 0 0 0 0 0 0 0 0 0 0 0 0 0 0 0 0 0 51 0 0 0 0 0 0 0 26 0 0 0 0 0 0 0 0 0 0 0 0 0 0 0 0 0 0 83 0 0 0 0 0 0 0 0 0 0 0 0 0 80 0 0 0 0 0 0 0 0 0 0 0 0 0 0 0 0 0 0 0 0 0 0 0 0 0 0 13 0 0 0 0 0 0 0 0 0 0 0 0 0 0 0 0 0 0 0 0 0 0 0 0 0 0 0 0 0 0 0 0 0 0 0 0 0 77 40 0 0 0 0 0 0 0 0 0 0 0 0 0 0 16 0 0 0 0 0 0 0 0 0 0 0 0 0 0 0 0 0 0 100 0 0 0 0 0 0 0 0 0 0 0 0 0 0 0 0 0 0 0 0 
226 0 0 0 51 0 0 0 0 0 13 0 0 0 0 0 0 0 0 0 0 0 0 553 0 0 0 0 0 0 81 0 0 0 64 20 0 0 0 0 0 0 0 0 0 84 0 0 0 174 0 0 0 0 0 0 0 13 0 0 51 0 34 0 0 0 80 0 0 0 0 0 0 20 0 0 26 41 0 0 0 0 0 338 0 0 0 0 0 26 58 113 0 0 0 0 0 0 40 20 0 0 51 132 0 0 0 0 0 0 0 0 0 0 0 0 0 930 0 40 64 0 0 0 96 100 0 0 40 64 80 80 0 0 0 0 0 0 0 0 0 0 0 0 0 0 0 42 0 0 0 0 13 0 46 2836 34 0 0 0 0 0 0 16 0 0 0 0 0 0 0 368 0 0 0 0 0 0 0 0 0 0 0 0 0 0 0 0 100 0 51 0 0 0 0 0 183 0 0 0 0 0 0 0 0 0 216 0 0 40 0 
207 0 0 0 0 0 0 0 0 0 0 0 0 0 0 0 0 0 0 0 0 0 80 738 0 0 0 0 0 0 156 0 0 0 192 32 0 0 0 0 0 0 0 0 0 32 0 0 20 259 0 0 0 0 0 0 0 0 0 0 0 0 100 0 0 0 120 0 0 0 0 0 0 64 0 0 320 203 0 0 0 0 0 447 0 0 0 0 0 0 16 126 16 0 0 20 0 0 0 94 0 0 0 0 0 0 0 0 40 0 0 0 0 0 26 0 0 3298 51 51 0 0 0 0 154 0 0 16 0 0 16 100 0 0 0 0 0 0 0 0 0 0 0 0 80 0 0 0 0 100 0 0 0 0 227 2187 0 0 0 0 40 0 0 0 0 0 0 0 0 0 0 526 0 0 0 0 0 0 0 0 64 0 64 0 0 0 0 0 0 0 0 0 0 0 0 0 200 0 0 0 16 0 0 0 32 0 206 0 0 100 0 
64 0 0 0 0 0 0 0 0 0 0 0 0 0 0 0 0 0 0 0 0 0 0 203 0 0 0 0 0 0 0 0 0 0 0 0 0 0 0 0 0 0 0 0 0 0 0 0 64 0 0 0 0 0 0 0 0 0 0 0 0 0 0 0 0 0 0 0 0 0 0 0 0 0 0 0 0 0 0 0 0 0 0 40 0 0 0 0 0 40 0 0 0 0 0 0 0 0 0 0 0 0 0 0 0 0 0 0 0 0 0 0 0 0 0 0 0 346 0 80 0 51 0 0 0 0 0 0 0 0 0 0 0 0 0 0 0 0 0 0 0 0 0 0 0 0 0 0 0 0 0 0 64 0 64 98 0 13 0 0 0 0 20 0 0 0 0 0 0 0 0 144 0 0 0 0 0 0 0 0 0 0 0 0 0 0 0 0 0 0 0 0 0 0 0 0 64 0 0 0 0 0 0 0 0 0 0 0 0 0 0 
0 0 0 0 0 0 0 0 0 0 0 0 0 0 0 0 0 0 0 0 0 0 0 0 0 0 0 0 0 0 0 0 0 0 0 0 0 0 0 0 0 0 0 0 0 0 0 0 0 0 0 0 0 0 0 0 0 0 0 0 0 0 0 0 0 0 0 0 0 0 0 0 0 0 0 0 0 0 0 0 0 0 0 0 0 0 0 0 0 0 0 0 0 0 0 0 0 0 0 0 0 0 0 0 0 0 0 0 0 0 0 0 0 0 0 0 0 0 0 0 0 0 0 0 0 0 0 0 0 0 0 0 0 0 0 0 0 0 0 0 0 0 0 0 0 0 0 0 0 0 0 0 0 0 0 0 0 0 0 0 0 0 0 0 0 0 0 0 0 0 0 0 0 0 0 0 0 0 0 0 0 0 0 0 0 0 0 0 0 0 0 0 0 0 0 0 0 0 0 0 0 0 0 0 0 0 0 0 0 0 0 
0 0 0 0 0 0 0 0 0 0 0 0 0 0 0 0 0 0 0 0 0 0 0 26 0 0 0 0 0 0 0 0 0 0 0 0 0 0 0 0 0 0 0 0 0 0 0 0 0 0 0 0 0 0 0 0 0 0 0 0 0 0 0 0 0 0 0 0 0 0 0 0 0 0 0 0 0 0 0 0 0 0 0 0 0 0 0 0 0 0 0 0 0 0 0 0 0 0 0 0 0 0 0 0 0 0 0 0 0 0 0 0 0 0 0 0 0 0 0 0 0 0 0 0 0 0 0 0 0 0 0 0 0 0 0 0 0 0 0 0 0 0 0 0 0 0 0 0 0 0 0 0 0 0 0 0 0 0 0 0 0 0 0 0 0 0 0 51 0 0 0 0 0 0 0 0 0 0 0 0 0 0 0 0 0 0 0 0 0 0 0 0 0 0 0 0 0 0 0 0 0 0 0 0 0 0 0 0 0 0 0 
0 0 0 0 0 0 0 0 0 0 0 0 0 0 0 0 0 0 0 0 0 0 0 0 0 0 0 0 0 0 0 0 0 0 0 0 0 0 0 0 0 0 0 0 0 0 0 0 0 0 0 0 0 0 0 0 0 0 0 0 0 0 0 0 0 0 0 0 0 0 0 0 0 0 0 0 0 0 0 0 0 0 0 0 0 0 0 0 0 0 0 0 0 0 0 0 0 0 0 0 0 0 0 0 0 0 0 0 0 0 0 0 0 0 0 0 0 0 0 0 0 0 0 0 0 0 0 0 0 0 0 0 0 0 0 0 0 0 0 0 0 0 0 0 0 0 0 0 0 0 0 0 0 0 0 0 0 0 0 0 0 0 0 0 0 0 0 0 0 0 0 0 0 0 0 0 0 0 0 0 0 0 0 0 0 0 0 0 0 0 0 0 0 0 0 0 0 0 0 0 0 0 0 0 0 0 0 0 0 0 0 
0 0 0 0 0 0 0 0 0 0 0 0 0 0 0 0 0 0 0 0 0 0 0 0 0 0 0 0 0 0 0 0 0 0 0 0 0 0 0 0 0 0 0 0 0 0 0 0 0 0 0 0 0 0 0 0 0 0 0 0 0 0 0 0 0 0 0 0 0 0 0 0 0 0 0 0 0 0 0 0 0 0 0 0 0 0 0 0 0 0 0 0 0 0 0 0 0 0 0 0 0 0 0 0 0 0 0 0 0 0 0 0 0 0 0 0 0 0 0 0 0 0 0 0 0 0 0 0 0 0 0 0 0 0 0 0 0 0 0 0 0 0 0 0 0 0 0 0 0 0 0 0 0 0 0 0 0 0 0 0 0 0 0 0 0 0 0 0 0 0 0 0 0 0 0 0 0 0 0 0 0 0 0 0 0 0 0 0 0 0 0 0 0 0 0 0 0 0 0 0 0 0 0 0 0 0 0 0 0 0 0 
0 0 0 0 0 0 0 0 0 0 0 0 0 0 0 0 0 0 0 0 0 0 0 0 0 0 0 0 0 0 0 0 0 0 0 0 0 0 0 0 0 0 0 0 0 0 0 0 0 0 0 0 0 0 0 0 0 0 0 0 0 0 0 0 0 0 0 0 0 0 0 0 0 0 0 0 0 0 0 0 0 0 0 0 0 0 0 0 0 0 0 0 0 0 0 0 0 0 0 0 0 0 0 0 0 0 0 0 0 0 0 0 0 0 0 0 0 51 0 0 0 0 0 0 0 0 0 0 0 0 0 0 0 0 0 0 0 0 0 0 0 0 0 0 0 0 0 0 0 0 0 0 0 0 0 100 0 0 0 0 0 0 0 0 0 0 0 0 0 0 0 0 0 0 0 0 0 0 0 0 0 0 0 0 0 0 0 0 0 0 0 0 0 0 0 0 0 0 0 0 0 0 0 0 0 0 0 0 0 0 0 
0 0 0 0 0 0 0 0 0 0 0 0 0 0 0 0 0 0 0 0 0 0 0 0 0 0 0 0 0 0 0 0 0 0 0 0 0 0 0 0 0 0 0 0 0 0 0 0 0 0 0 0 0 0 0 0 0 0 0 0 0 0 0 0 0 0 0 0 0 0 0 0 0 0 0 0 0 0 0 0 0 0 0 0 0 0 0 0 0 0 0 0 0 0 0 0 0 0 0 0 0 0 0 0 0 0 0 0 0 0 0 0 0 0 0 0 0 0 0 0 0 0 0 0 0 0 0 0 0 0 0 0 0 0 0 0 0 0 0 0 0 0 0 0 0 0 0 0 0 0 0 0 0 0 0 0 0 0 0 0 0 0 0 0 0 0 0 0 0 0 0 0 0 0 0 0 0 0 0 0 0 0 0 0 0 0 0 0 0 0 0 0 0 0 0 0 0 0 0 0 0 0 0 0 0 0 0 0 0 0 0 
20 0 0 0 0 0 0 0 0 0 0 0 0 0 0 0 0 0 0 0 0 0 0 0 0 0 0 0 0 0 0 0 0 0 0 0 0 0 0 0 0 0 0 0 0 0 0 0 0 0 0 0 0 0 0 0 0 0 0 0 0 0 0 0 0 0 0 0 0 0 0 0 0 0 0 0 0 0 0 0 0 0 0 0 0 0 0 0 0 0 0 0 0 0 0 0 0 0 0 0 0 0 0 0 0 0 0 0 0 0 0 0 0 0 0 0 0 0 0 0 0 0 0 0 0 0 0 0 0 0 0 0 0 0 0 0 0 0 0 0 0 0 0 0 0 0 0 0 0 0 0 0 0 0 64 100 0 0 0 0 0 0 0 0 0 0 0 0 0 0 0 40 0 0 0 0 0 0 0 0 0 0 0 0 0 0 0 0 0 0 0 0 0 0 0 0 0 0 0 0 0 0 0 0 0 0 0 0 0 0 0 
196 0 0 0 0 0 0 0 0 0 0 0 0 0 64 0 0 0 0 0 0 0 0 157 0 0 0 0 0 0 20 0 0 0 0 0 0 0 0 0 0 0 0 0 0 0 0 0 0 100 0 0 0 0 0 0 0 0 0 0 0 0 0 0 0 0 0 0 0 0 0 0 0 0 0 0 0 32 0 0 0 0 0 51 0 0 0 0 0 32 0 92 0 0 100 0 0 0 0 0 0 0 0 0 0 0 0 0 0 0 0 0 0 0 0 0 0 200 0 0 0 0 0 0 0 0 0 0 0 0 0 0 0 0 0 0 0 0 0 0 0 0 0 0 0 0 0 0 26 40 0 0 0 0 51 781 0 0 0 0 0 0 0 0 0 0 0 0 0 0 0 16 0 0 0 0 0 0 0 0 0 20 0 0 0 0 0 0 0 0 0 0 0 0 0 0 0 0 0 0 0 0 0 0 0 0 57 0 0 0 0 
200 0 0 0 0 0 0 0 0 0 0 0 0 0 0 0 0 0 0 0 0 0 0 40 0 0 0 0 0 0 0 0 0 0 0 0 0 0 0 0 0 0 0 0 0 0 0 0 0 120 0 0 0 0 0 0 0 0 0 0 0 0 0 0 0 0 0 0 0 0 0 0 0 0 0 0 0 0 0 0 0 0 0 0 0 0 0 0 0 0 0 0 0 0 0 0 0 0 0 0 0 0 0 0 0 0 0 0 0 0 0 32 0 0 0 0 0 163 0 0 0 0 0 0 0 0 0 0 0 0 0 0 0 0 0 0 0 0 0 0 0 0 0 0 0 0 0 0 0 16 0 0 0 0 0 119 40 0 0 0 0 0 0 0 0 0 0 0 0 0 0 51 0 0 0 0 0 0 0 0 0 0 0 0 0 0 0 0 0 0 0 0 0 0 0 0 0 0 0 0 0 0 0 0 0 0 0 0 0 0 0 
0 0 0 0 0 0 0 0 0 0 0 0 0 0 0 0 0 0 0 0 0 0 0 0 0 0 0 0 0 0 0 0 0 0 0 0 0 0 0 0 0 0 0 0 0 0 0 0 0 0 0 0 0 0 0 0 0 0 0 0 0 0 0 0 0 0 0 0 0 0 0 0 0 0 0 0 0 0 0 0 0 0 0 0 0 0 0 0 0 0 0 0 0 0 0 0 0 0 0 0 0 0 0 0 0 0 0 0 0 0 0 0 0 0 0 0 0 0 0 0 0 0 0 0 0 0 0 0 0 0 0 0 0 0 0 0 0 0 0 0 0 0 0 0 0 0 0 0 0 0 0 0 0 0 0 0 0 0 0 0 0 0 0 0 0 0 0 0 0 0 0 0 0 0 0 0 0 0 0 0 0 0 0 0 0 0 0 0 0 0 0 0 0 0 0 0 0 0 0 0 0 0 0 0 0 0 0 0 0 0 0 
88 0 0 0 0 0 0 0 0 0 0 0 0 0 0 0 0 0 0 0 0 40 0 294 0 0 0 0 0 0 26 0 0 0 0 0 0 0 0 0 0 0 0 0 0 0 0 0 0 64 0 0 0 0 0 0 0 80 0 0 0 20 0 26 0 0 0 0 0 0 0 0 0 0 0 0 0 40 0 0 0 0 0 26 0 0 0 0 0 0 51 16 0 0 0 16 0 0 0 16 0 0 0 0 13 0 0 0 0 0 0 20 0 0 0 0 0 506 0 61 0 26 0 0 0 400 0 0 0 0 0 0 0 0 0 0 0 0 0 0 0 0 0 0 0 0 0 0 16 0 0 0 0 64 92 452 32 0 0 0 0 51 0 0 0 0 0 0 0 0 0 177 0 0 0 0 0 0 0 0 13 0 0 0 0 0 0 0 0 0 51 0 0 0 0 0 40 0 0 0 0 0 0 0 0 0 64 0 0 0 0 
0 0 0 0 0 0 0 0 0 0 0 0 0 0 0 0 0 0 0 0 0 0 26 67 0 0 0 0 0 0 42 0 0 0 0 51 0 0 0 0 0 0 0 0 0 0 0 0 0 64 0 0 0 0 0 0 0 0 0 0 0 0 0 0 0 0 0 0 0 0 0 0 0 0 0 0 0 54 0 0 0 0 0 64 0 0 0 0 0 0 40 32 0 0 0 0 0 0 0 0 0 0 260 0 0 0 0 0 0 0 0 0 0 0 0 0 0 133 0 51 0 64 0 0 0 0 0 0 0 0 0 0 0 0 0 0 0 0 0 0 0 0 0 0 0 0 0 0 0 0 0 0 0 16 64 149 0 0 0 0 0 0 0 0 0 0 0 0 0 0 0 67 0 0 0 0 0 0 0 0 0 0 0 0 0 0 0 0 0 0 77 0 0 0 0 0 0 0 0 0 0 0 0 0 0 0 0 0 0 0 0 
241 0 0 0 51 0 0 0 0 0 13 13 0 0 0 0 0 0 0 0 0 0 80 82 0 0 0 0 0 0 20 0 0 0 39 0 0 0 0 0 0 0 0 0 0 0 0 0 73 113 0 0 0 0 0 0 0 0 0 0 0 0 0 0 0 0 0 0 0 0 0 0 0 16 0 0 0 0 0 0 0 0 0 276 0 0 0 0 0 0 40 0 0 16 0 0 0 0 0 0 0 0 64 0 0 0 0 0 0 0 0 0 0 0 0 0 0 277 0 51 0 51 0 0 20 0 0 32 128 0 26 0 0 0 0 0 0 0 0 0 0 20 0 0 0 40 0 0 152 0 0 0 40 13 246 568 0 0 0 132 0 0 51 0 0 0 0 0 0 0 0 356 0 0 13 0 0 0 0 0 0 102 26 0 0 0 0 0 0 0 0 0 0 0 0 0 51 0 40 0 20 0 0 0 0 0 0 0 0 0 0 
160 0 0 0 0 0 0 0 0 0 26 0 0 0 64 0 0 0 0 0 26 0 0 134 0 0 0 0 0 0 0 0 0 0 0 0 0 0 0 0 0 0 0 0 0 0 0 0 0 123 0 0 0 0 0 0 0 0 0 0 0 0 0 0 0 0 0 0 0 0 0 0 0 0 0 0 80 80 0 0 0 0 0 72 0 0 0 0 0 0 32 0 0 64 61 64 0 0 0 0 0 0 0 0 0 26 0 0 0 0 0 0 0 0 0 0 0 362 0 0 0 0 0 0 0 0 0 0 0 0 0 0 0 0 0 0 0 0 0 0 0 0 0 0 0 0 0 0 0 0 0 0 0 0 80 554 0 0 0 0 0 0 0 0 0 0 0 0 0 0 0 244 0 0 16 0 0 0 0 0 0 0 0 0 0 0 0 0 0 0 0 0 0 0 0 0 0 0 0 0 0 0 0 0 0 0 0 0 0 0 0 
197 0 0 0 0 0 0 0 0 0 0 20 0 0 26 0 0 0 0 0 0 0 0 42 0 0 0 0 0 0 0 0 0 0 32 0 0 0 0 0 0 0 0 0 0 0 0 0 40 83 0 0 0 0 0 0 0 0 0 0 0 0 0 0 0 0 0 0 0 0 0 0 0 0 0 0 13 0 0 0 0 0 0 348 0 0 0 0 0 0 214 0 0 20 0 0 0 0 0 0 0 0 0 0 0 0 0 0 0 0 0 0 0 32 0 0 0 356 0 32 0 0 0 0 26 0 0 0 0 0 0 93 0 0 0 0 0 0 0 0 0 0 0 0 0 0 0 0 0 0 0 0 0 0 180 710 13 0 51 0 0 0 0 80 0 0 0 0 0 0 0 178 0 0 0 0 0 0 0 0 0 42 0 0 0 0 0 0 0 0 0 0 0 0 0 0 0 0 0 0 0 0 0 0 0 0 0 0 0 0 0 
1418 0 0 0 0 32 0 0 0 80 0 112 0 0 148 0 0 0 0 0 40 0 481 2486 77 40 0 0 0 0 2129 32 0 0 292 0 0 0 0 183 13 0 0 0 0 64 0 0 100 440 16 0 0 100 0 0 0 64 0 0 26 0 0 174 0 0 120 64 0 0 0 0 0 0 0 0 352 83 0 0 0 0 0 1791 0 0 0 0 0 0 394 277 30 40 100 13 0 0 1100 163 13 0 16 51 879 67 313 0 0 0 0 16 0 0 0 0 0 1735 0 374 40 176 0 0 106 256 0 51 257 0 0 64 0 0 0 0 0 0 0 0 0 0 0 0 0 16 0 0 433 112 0 0 0 20 1337 3799 120 64 26 0 0 51 331 42 0 143 0 0 0 0 0 2736 0 0 106 0 26 0 0 0 26 272 0 0 0 0 0 0 13 0 0 0 26 0 0 0 83 0 51 0 136 0 0 0 0 0 740 51 0 126 0 
161 0 0 0 0 0 0 0 0 0 208 0 0 0 177 0 0 0 0 0 100 0 64 916 0 32 0 0 0 0 352 0 0 0 310 0 0 0 0 26 0 0 80 0 0 0 0 0 77 165 0 0 0 0 0 0 0 32 0 0 0 20 0 51 0 0 13 0 0 0 0 0 0 100 0 0 80 116 0 0 0 0 51 381 16 0 0 0 0 40 244 144 0 0 0 16 0 0 32 32 0 0 0 128 13 77 64 0 0 0 0 20 0 0 0 0 0 2614 0 203 51 100 0 0 302 113 0 0 13 0 32 20 0 0 0 0 0 0 0 0 0 0 0 0 0 20 32 0 37 237 0 0 244 164 393 1971 194 0 0 0 0 160 0 130 0 144 40 26 0 0 0 1178 0 0 0 0 0 0 0 0 0 149 100 0 0 0 0 0 0 0 51 0 0 0 0 0 147 0 32 0 0 0 51 0 0 80 135 0 0 120 0 
0 0 0 0 0 0 0 0 0 0 0 0 0 0 0 0 0 0 0 0 0 0 0 0 0 0 0 0 0 0 0 0 0 0 0 0 0 0 0 0 0 0 0 0 0 0 0 0 0 0 0 0 0 0 0 0 0 0 0 0 0 0 0 0 0 0 0 0 0 0 0 0 0 0 0 0 0 0 0 0 0 0 0 0 0 0 0 0 0 0 0 0 0 0 0 0 0 0 0 0 0 0 0 0 0 0 0 0 0 0 0 0 0 0 0 0 0 0 0 0 0 0 0 0 0 0 0 0 0 0 0 0 0 0 0 0 0 0 0 0 0 0 0 0 0 0 0 0 0 0 0 0 0 0 0 0 0 0 0 0 0 0 0 0 0 0 0 0 0 0 0 0 0 0 0 0 0 0 0 0 0 0 0 0 0 0 0 0 0 0 0 0 0 0 0 0 0 0 0 0 0 0 0 0 0 0 0 0 0 0 0 
84 0 0 0 0 0 0 0 0 0 0 0 0 0 0 0 0 0 0 0 0 0 0 47 0 0 0 0 0 0 0 0 0 0 0 0 0 0 0 0 0 0 0 0 0 0 0 0 0 16 0 0 0 0 0 0 0 0 0 0 0 0 0 0 0 0 0 0 0 0 0 0 0 0 0 0 0 0 0 0 0 0 0 0 0 0 0 0 0 0 0 0 0 0 280 0 0 0 0 0 100 0 0 0 16 16 0 0 0 0 0 0 0 0 0 0 0 382 0 32 0 0 0 0 0 0 0 26 40 0 0 0 0 0 0 0 0 0 0 0 0 0 0 0 0 0 0 0 0 0 0 0 0 0 0 510 0 0 0 0 0 0 0 26 0 0 0 0 0 0 0 277 0 0 0 0 0 0 0 0 0 0 0 0 0 0 0 0 0 0 0 0 0 0 0 0 32 0 0 0 0 0 0 0 0 0 13 0 0 0 0 
1431 0 0 0 0 0 0 0 20 0 0 0 0 0 96 0 0 0 0 0 0 64 316 1365 0 52 0 0 0 0 1318 0 0 0 71 0 0 0 0 26 0 0 0 0 0 0 0 0 16 116 64 0 0 0 0 0 0 64 0 0 0 0 0 0 0 0 0 0 0 0 0 0 0 26 0 0 67 13 0 0 0 0 0 482 0 0 0 0 0 61 221 110 16 0 13 0 0 0 47 104 20 0 93 0 16 0 0 0 0 0 0 0 0 0 0 0 0 877 0 77 0 0 0 0 65 20 0 0 20 0 16 0 0 0 0 0 0 0 0 0 0 0 0 0 0 0 0 0 58 32 0 0 211 0 211 1554 42 16 200 0 0 133 13 64 0 72 26 0 0 0 0 509 0 0 0 0 0 0 0 0 0 13 20 40 0 0 0 0 0 0 0 16 0 0 80 51 157 0 0 0 0 0 0 0 0 0 80 0 42 188 0 
756 0 0 0 0 0 0 0 0 32 0 0 0 0 243 0 0 0 0 0 152 0 152 812 16 997 0 0 100 0 80 0 0 0 82 0 0 0 0 51 0 0 0 0 0 51 0 0 0 71 13 0 0 40 0 0 0 140 0 0 0 0 13 0 0 0 26 0 0 0 0 0 0 0 0 0 515 20 0 0 0 0 0 1218 16 0 0 0 0 49 64 352 0 80 73 39 0 0 13 0 64 0 47 100 13 0 0 0 51 0 0 16 0 0 26 100 0 1958 0 319 200 347 0 0 313 464 0 151 0 0 32 0 0 0 0 0 0 0 0 0 0 0 0 0 0 0 0 0 96 13 0 0 0 20 1040 3707 77 26 0 0 64 0 167 140 0 353 0 77 0 0 16 959 0 0 0 0 0 0 32 0 0 0 0 0 0 0 0 0 0 0 0 0 0 0 0 40 436 0 51 0 112 0 0 0 0 32 386 0 0 0 0 
3038 0 0 0 13 64 0 0 0 80 110 94 0 0 1650 0 0 0 0 0 161 0 843 4094 0 460 0 0 64 104 993 16 0 0 769 41 0 0 0 395 64 0 0 0 0 227 106 167 306 1143 185 120 0 139 0 0 0 138 0 0 179 93 0 279 26 0 706 26 0 0 0 0 0 40 0 0 860 884 149 0 0 0 400 4157 20 0 64 0 80 410 2988 619 501 26 254 152 0 0 477 743 278 0 640 631 267 415 0 0 100 0 64 572 0 0 51 26 0 9042 30 762 115 618 0 0 541 120 0 595 372 0 181 253 0 0 0 0 0 0 0 0 0 0 0 93 231 692 58 0 635 723 0 100 58 394 760 16273 297 40 126 0 100 365 924 388 0 308 116 174 200 0 0 3459 0 0 106 0 100 0 26 0 211 222 170 0 112 0 0 0 172 0 216 0 216 16 0 26 1757 0 218 0 400 0 0 0 0 336 747 264 115 621 0 
15528 0 0 0 301 158 0 57 51 219 808 161 0 0 5272 53 0 40 0 0 1578 82 2612 62530 623 589 0 0 13 341 8898 0 0 0 5637 389 0 0 356 1048 98 0 258 0 0 2152 113 241 2945 7122 596 723 0 856 0 0 0 550 0 0 538 750 639 575 342 56 1023 62 0 0 64 0 0 1081 0 113 7585 5911 447 0 0 225 286 24231 32 578 16 0 42 2451 6171 4631 2069 1609 1271 415 0 0 1092 1335 749 0 3775 6900 606 1395 217 51 158 80 1011 1118 0 0 327 137 0 167878 317 6814 1239 3327 0 151 5851 5715 26 1653 1770 160 605 2212 1085 0 0 0 0 16 0 13 484 0 0 815 20 348 54 296 2875 1107 0 151 1323 1494 11327 100854 1230 1059 856 105 336 865 1813 2228 0 1506 1232 479 206 0 49 21959 0 236 1361 0 0 56 160 0 1559 2041 849 16 1612 51 0 163 750 53 1459 0 1151 20 20 157 13918 0 481 0 2448 0 462 0 626 832 9283 607 475 2547 0 
314 0 0 0 0 0 0 0 100 0 16 0 0 0 306 26 0 0 0 0 0 0 186 969 20 0 0 0 0 0 309 0 0 0 310 0 0 0 0 116 0 0 0 0 0 0 0 200 137 873 40 0 0 97 0 0 0 80 0 0 0 0 26 0 0 0 64 0 0 0 20 0 0 0 0 0 286 239 0 0 0 0 0 997 0 13 0 0 0 287 113 0 0 16 157 0 0 0 20 20 0 0 183 26 100 0 0 0 0 0 128 100 0 0 0 80 0 1105 0 142 0 327 0 0 100 16 0 0 184 0 80 0 0 0 0 0 0 0 0 0 0 0 0 100 100 0 0 0 26 51 0 0 100 94 327 2273 51 0 0 0 0 64 363 80 0 40 0 32 0 0 0 1462 0 0 0 0 0 0 0 0 16 20 0 0 0 0 0 0 0 0 20 80 0 0 0 0 77 0 0 0 90 0 0 0 0 100 531 40 0 80 0 
192 0 0 0 0 0 0 0 0 0 0 0 0 0 32 0 0 0 0 0 0 0 100 217 0 0 0 0 0 0 277 0 0 0 0 0 0 0 0 80 0 0 0 0 0 0 0 0 100 288 0 0 0 0 0 0 0 0 0 0 0 0 0 0 0 0 0 0 0 0 0 0 0 0 0 0 100 280 93 0 0 0 0 519 0 0 0 0 0 100 13 26 0 64 40 0 0 0 0 0 0 0 100 120 0 80 0 0 0 0 0 0 0 0 0 0 0 310 0 0 0 0 0 0 80 0 0 0 100 0 0 0 0 0 0 0 0 26 0 0 0 0 0 0 0 0 0 0 0 0 0 0 32 0 13 818 0 0 0 0 0 16 132 0 0 0 0 0 0 0 0 315 0 0 0 0 0 0 0 0 64 0 0 0 0 0 0 0 0 0 0 0 0 0 0 0 61 0 0 0 0 0 0 0 0 0 64 0 0 0 0 
340 0 0 0 40 0 0 0 0 0 0 0 0 0 0 0 0 0 0 0 0 0 16 800 0 0 0 0 0 0 110 0 0 0 77 0 0 0 0 32 0 0 0 0 0 0 0 0 0 128 0 0 0 0 0 0 0 80 0 0 0 32 0 32 0 0 0 0 0 0 0 0 0 0 0 0 202 134 0 0 0 0 0 413 0 0 0 0 0 90 51 103 0 0 0 40 0 0 0 0 0 0 104 0 0 251 0 0 0 0 0 40 0 0 0 0 0 346 0 0 92 0 0 0 0 0 0 0 0 0 16 0 0 0 0 0 0 0 0 0 80 0 0 0 0 0 0 0 116 0 0 0 0 0 0 1369 0 0 0 0 0 26 0 200 0 0 0 0 0 0 0 701 0 0 0 0 0 0 0 0 0 0 0 0 0 0 0 0 40 0 0 0 0 0 0 0 20 0 0 0 0 0 0 0 0 0 106 0 0 40 0 
0 0 0 0 0 0 0 0 0 0 0 0 0 0 0 0 0 0 0 0 0 0 0 0 0 0 0 0 0 0 0 0 0 0 0 0 0 0 0 0 0 0 0 0 0 0 0 0 0 164 0 0 0 0 0 0 0 0 0 0 0 0 0 0 0 0 0 0 0 0 0 0 0 0 0 0 64 0 0 0 0 0 0 0 0 0 0 0 0 0 0 0 0 0 0 0 0 0 0 0 0 0 80 26 0 0 0 0 0 0 0 0 0 0 0 0 0 0 0 0 100 0 0 0 0 0 0 0 0 0 0 0 0 0 0 0 0 0 0 0 0 0 0 0 0 0 0 0 0 0 0 0 0 0 0 49 0 0 0 0 0 0 100 0 0 0 0 0 0 0 0 84 0 0 0 0 0 0 0 0 0 0 0 0 0 0 0 0 0 0 0 0 0 0 0 0 0 0 0 0 0 0 0 0 0 0 0 0 0 0 0 
30 0 0 0 0 0 0 0 0 0 16 0 0 0 0 0 0 0 0 0 0 0 0 137 0 0 0 0 0 0 51 0 0 0 64 0 0 0 0 0 0 0 0 0 0 0 0 0 0 0 0 0 0 0 0 0 0 0 0 0 0 13 0 0 0 0 0 0 0 0 0 0 0 0 0 0 124 20 0 0 0 0 0 204 0 0 0 0 0 0 52 13 0 0 0 0 0 0 0 100 0 0 0 57 0 0 0 0 0 0 0 0 0 0 0 0 0 534 0 40 0 0 0 0 51 26 0 0 0 0 0 0 0 0 0 0 0 0 0 0 0 0 0 0 0 0 0 0 0 144 0 0 0 0 300 831 0 64 0 0 0 0 80 0 0 100 0 0 0 0 0 126 0 0 0 0 0 0 0 0 0 0 0 0 0 0 0 0 100 100 0 0 0 0 0 0 96 0 0 0 0 0 0 0 0 64 51 0 0 0 0 
324 0 0 0 0 0 0 0 0 16 0 20 0 0 84 0 0 0 0 0 16 0 77 1466 67 16 0 0 0 0 297 0 0 0 124 0 0 0 0 64 0 0 0 0 0 0 0 40 106 179 80 13 0 40 0 0 0 0 0 0 0 0 0 0 0 20 32 0 0 0 0 0 0 64 0 64 73 71 80 0 0 0 0 465 0 0 0 0 0 120 106 16 0 0 0 0 0 0 80 144 80 0 57 16 0 47 0 51 0 0 0 0 0 0 0 0 0 1320 0 78 0 46 0 0 92 212 0 0 40 0 0 0 0 0 0 0 0 0 0 0 0 0 0 0 20 0 40 0 166 0 0 0 0 13 258 1744 91 0 51 0 0 0 26 102 0 32 153 0 0 0 0 643 0 0 0 0 0 0 64 0 13 158 26 0 300 0 0 0 0 0 0 0 0 0 0 0 218 0 0 0 0 0 0 0 51 64 80 0 90 160 0 
577 0 0 0 32 80 0 0 0 0 0 40 0 0 229 0 0 0 0 0 80 0 180 870 199 64 0 0 0 20 570 0 0 0 365 0 0 0 0 144 0 0 0 0 0 47 0 20 64 398 900 0 0 0 0 0 0 300 0 0 120 51 0 80 200 0 0 0 0 102 0 0 0 72 0 0 338 182 51 0 0 0 0 908 0 0 0 0 0 94 152 51 13 0 0 0 0 0 32 231 100 0 64 73 84 451 0 0 0 0 0 141 0 0 0 0 0 1113 0 104 92 289 0 0 316 32 0 16 123 0 0 0 20 0 0 0 0 0 0 0 0 26 0 0 0 64 26 0 82 26 0 0 13 83 762 2506 120 359 0 0 0 122 348 32 0 16 16 0 51 0 20 1335 0 0 47 0 51 0 13 0 40 72 131 0 0 0 0 0 51 0 13 0 26 0 0 13 105 0 13 0 0 0 0 0 32 300 176 160 16 426 0 
838 0 0 0 0 0 0 0 0 0 32 0 0 0 138 0 0 0 0 0 80 13 242 2289 0 20 0 0 0 0 562 0 0 0 189 0 0 0 80 32 0 0 0 0 0 42 113 0 142 410 0 39 0 100 0 64 0 115 0 0 16 96 0 80 64 0 0 0 0 32 0 0 0 0 0 0 64 322 0 0 0 116 20 1503 0 100 0 0 20 20 395 131 113 0 92 83 0 0 46 58 51 0 182 294 40 85 32 26 0 0 0 0 0 0 0 51 0 3157 0 311 64 264 0 0 83 260 0 0 13 0 0 100 0 0 0 0 0 0 0 0 0 0 0 0 0 0 0 0 115 171 0 0 51 168 495 3555 64 0 0 0 0 0 51 113 0 92 304 0 0 0 0 1128 0 0 0 0 0 0 0 0 140 0 51 0 0 0 0 0 120 20 32 0 40 0 0 0 419 0 40 0 73 0 51 0 0 80 368 0 0 764 0 
0 0 0 0 0 0 0 0 0 0 0 0 0 0 0 0 0 0 0 0 0 0 0 0 0 0 0 0 0 0 0 0 0 0 0 0 0 0 0 0 0 0 0 0 0 0 0 0 0 0 0 0 0 0 0 0 0 0 0 0 0 0 0 0 0 0 0 0 0 0 0 0 0 0 0 0 0 0 0 0 0 0 0 0 0 0 0 0 0 0 0 0 0 0 0 0 0 0 0 0 0 0 0 0 0 0 0 0 0 0 0 0 0 0 0 0 0 0 0 0 0 0 0 0 0 0 0 0 0 0 0 0 0 0 0 0 0 0 0 0 0 0 0 0 0 0 0 0 0 0 0 0 0 0 0 0 0 0 0 0 0 0 0 0 0 0 0 0 0 0 0 0 0 0 0 0 0 0 0 0 0 0 0 0 0 0 0 0 0 0 0 0 0 0 0 0 0 0 0 0 0 0 0 0 0 0 0 0 0 0 0 
229 0 0 0 64 0 26 0 0 0 51 20 0 0 134 0 0 16 0 0 0 0 42 920 0 117 0 0 0 13 51 0 0 0 142 0 0 0 0 83 80 0 0 0 0 100 0 0 96 309 0 0 0 0 0 0 0 16 0 0 0 0 0 64 0 0 0 0 0 0 0 0 0 0 0 0 272 345 0 0 0 32 0 1279 0 0 0 0 0 59 264 160 0 13 54 120 0 0 0 0 100 0 20 156 0 90 0 0 0 0 0 0 0 0 0 77 0 2552 64 292 0 32 0 0 201 47 0 106 0 0 0 32 0 0 0 0 0 0 0 0 0 0 0 0 0 0 0 0 103 0 0 20 0 13 593 2527 90 100 0 0 0 13 30 32 0 67 64 0 0 0 0 545 0 64 51 0 0 0 0 0 20 0 13 0 0 0 0 0 0 0 0 0 0 0 0 0 1348 0 20 0 2116 0 260 0 218 0 240 0 40 0 0 
352 0 0 0 0 0 0 0 0 0 0 0 0 0 0 0 0 0 0 0 0 0 96 321 0 51 0 0 0 0 338 0 0 0 67 0 0 0 0 0 0 0 0 0 0 0 0 104 0 201 20 13 0 26 0 0 0 0 0 0 0 13 0 0 0 64 0 0 0 51 0 0 0 100 0 0 64 80 0 0 0 0 20 818 0 0 0 0 0 0 372 144 80 0 0 0 0 0 151 20 0 0 113 32 180 0 0 0 0 0 0 0 0 0 0 0 0 480 0 32 0 0 0 0 0 32 0 0 0 0 0 40 0 0 0 0 0 0 0 0 0 0 0 0 0 0 0 0 180 81 0 0 0 0 115 862 77 0 100 0 0 0 0 0 0 0 0 80 0 0 0 361 0 0 131 0 0 0 0 0 0 51 72 0 0 0 0 0 100 0 49 0 0 0 0 51 16 0 0 0 0 0 0 0 0 32 222 0 200 0 0 
220 0 0 0 0 0 0 0 0 0 0 0 0 0 180 0 0 0 0 0 0 0 113 526 13 0 0 0 0 0 112 0 0 0 95 0 0 0 0 0 0 0 0 0 0 0 0 0 64 111 0 0 0 13 0 0 0 0 0 0 0 0 0 0 0 0 126 0 0 0 0 0 0 0 0 0 90 81 0 0 0 0 0 156 0 0 0 0 0 52 100 0 0 80 0 0 0 0 100 26 0 0 16 0 0 0 0 0 0 0 0 116 0 0 0 0 0 769 0 80 32 26 0 0 0 0 0 0 0 0 0 80 0 0 0 0 0 0 0 0 0 0 0 0 0 0 0 0 0 100 0 0 0 64 42 1728 49 0 0 0 0 13 0 120 0 0 13 0 26 0 0 347 0 0 0 0 0 0 16 0 73 0 0 0 80 0 0 0 100 0 0 0 0 0 0 0 26 0 0 0 26 0 0 0 0 0 92 0 0 0 0 
184 0 0 0 0 0 0 0 0 0 0 0 0 0 240 0 0 0 0 0 16 0 0 40 0 0 0 0 0 0 64 0 0 0 32 0 0 0 0 0 0 0 0 0 0 0 0 0 0 77 0 0 0 0 0 0 0 0 0 0 64 0 0 0 0 0 0 0 0 0 0 0 0 0 0 0 51 0 64 0 0 0 0 173 0 0 0 0 0 0 0 26 0 0 0 0 0 0 0 0 0 0 0 0 0 0 0 0 0 0 0 0 0 0 0 0 0 459 0 0 0 0 0 0 0 0 0 0 0 0 0 64 0 0 0 0 0 0 0 0 0 0 0 0 0 0 0 0 0 0 0 0 0 0 0 1071 0 0 0 0 0 0 0 26 0 0 0 0 0 0 0 116 0 0 0 0 0 0 0 0 0 0 0 0 0 0 0 0 0 0 13 0 13 0 0 0 77 0 0 0 0 0 0 0 0 0 0 0 13 0 0 
0 0 0 0 0 0 0 0 0 0 0 0 0 0 0 0 0 0 0 0 0 0 0 0 0 0 0 0 0 0 0 0 0 0 0 0 0 0 0 0 0 0 0 0 0 0 0 0 0 0 0 0 0 0 0 0 0 0 0 0 0 0 0 0 0 0 0 0 0 0 0 0 0 0 0 0 0 0 0 0 0 0 0 0 0 0 0 0 0 0 0 0 0 0 0 0 0 0 0 0 0 0 0 0 0 0 0 0 0 0 0 0 0 0 0 0 0 0 0 0 0 0 0 0 0 0 0 0 0 0 0 0 0 0 0 0 0 0 0 0 0 0 0 0 0 0 0 0 0 0 0 0 0 0 0 0 0 0 0 0 0 0 0 0 0 0 0 0 0 0 0 0 0 0 0 0 0 0 0 0 0 0 0 0 0 0 0 0 0 0 0 0 0 0 0 0 0 0 0 0 0 0 0 0 0 0 0 0 0 0 0 
13 0 0 0 0 0 0 0 0 0 64 0 0 0 0 0 0 0 0 0 64 0 0 51 0 0 0 0 0 0 0 0 0 0 181 0 0 0 0 0 0 0 0 0 0 0 0 0 0 0 0 0 0 0 0 0 0 0 0 0 0 0 0 0 0 0 0 0 0 0 0 0 0 0 0 0 0 0 0 0 0 0 0 0 0 0 0 0 0 26 100 0 0 0 0 0 0 0 100 0 0 0 0 0 0 0 0 0 0 0 0 0 0 0 0 0 0 82 0 0 0 0 0 0 0 0 0 0 0 0 0 64 0 0 0 0 0 0 0 0 0 0 0 0 0 0 0 0 0 0 0 0 0 0 80 180 0 0 0 0 0 0 100 0 0 0 0 0 0 0 0 20 0 0 0 0 0 0 0 0 0 0 0 0 0 0 0 0 0 0 0 0 0 0 0 0 0 0 0 0 0 0 0 0 0 0 0 0 0 0 0 
9009 0 0 0 51 67 20 80 0 0 175 195 0 0 2726 16 0 64 0 0 435 64 1234 15756 986 1260 0 0 40 160 1812 0 0 0 2058 13 0 0 246 350 115 0 80 0 0 234 13 104 860 3900 73 584 0 101 0 0 0 49 0 0 401 305 58 126 210 20 909 220 0 186 80 0 0 67 0 64 2642 2277 137 0 0 184 129 9628 0 173 0 0 51 312 3183 3068 515 131 523 362 0 0 490 145 173 0 720 831 145 281 0 0 0 0 318 485 0 0 128 254 0 23551 0 2489 276 1922 0 32 2020 1300 0 546 1054 64 371 321 174 0 0 0 0 0 0 0 26 0 0 173 57 67 13 80 497 1266 0 86 441 1123 5277 62964 1704 340 393 0 98 422 1144 2363 0 726 32 126 64 0 0 9068 0 99 422 0 0 32 52 0 1496 1263 668 0 96 0 0 26 573 54 236 0 420 0 0 20 3632 0 156 0 771 0 155 0 295 75 2983 337 387 354 0 
0 0 0 0 0 0 0 0 0 0 0 0 0 0 0 0 0 0 0 0 0 0 0 0 0 0 0 0 0 0 0 0 0 0 0 0 0 0 0 0 0 0 0 0 0 0 0 0 0 0 0 0 0 0 0 0 0 0 0 0 0 0 0 0 0 0 0 0 0 0 0 0 0 0 0 0 0 0 0 0 0 0 0 0 0 0 0 0 0 0 0 0 0 0 0 0 0 0 0 0 0 0 0 0 0 0 0 0 0 0 0 0 0 0 0 0 0 0 0 0 0 0 0 0 0 0 0 0 0 0 0 0 0 0 0 0 0 0 0 0 0 0 0 0 0 0 0 0 0 0 0 0 0 0 0 0 0 0 0 0 0 0 0 0 0 0 0 0 0 0 0 0 0 0 0 0 0 0 0 0 0 0 0 0 0 0 0 0 0 0 0 0 0 0 0 0 0 0 0 0 0 0 0 0 0 0 0 0 0 0 0 
0 0 0 0 0 0 0 0 0 0 0 0 0 0 0 0 0 0 0 0 0 0 0 195 0 0 0 0 0 0 0 0 0 0 72 0 0 0 0 0 26 0 0 0 0 0 0 0 0 20 0 0 0 80 0 0 0 0 0 0 0 0 0 0 0 0 16 0 0 0 0 0 0 0 0 0 13 0 0 0 0 0 0 90 0 0 0 0 0 0 80 100 0 0 0 0 0 0 0 0 0 0 40 16 0 0 0 0 0 0 0 0 0 0 0 0 0 183 0 0 0 0 0 0 0 0 0 0 20 0 0 0 0 0 0 0 0 0 0 0 0 0 0 0 0 0 0 0 40 0 0 0 0 80 0 509 0 0 0 0 0 0 0 0 0 0 0 0 0 0 0 0 0 0 0 0 0 0 0 0 0 0 0 0 0 0 0 0 0 0 0 0 0 0 0 0 100 0 0 0 0 0 0 0 140 0 13 0 0 0 0 
431 0 0 0 0 0 0 0 0 0 0 0 0 0 153 0 0 0 0 0 0 0 30 624 26 130 0 0 0 0 176 0 0 0 0 0 0 0 40 0 0 0 0 0 0 0 0 0 26 51 0 200 0 0 0 0 0 0 0 0 0 0 0 0 64 0 0 0 0 0 0 0 0 0 0 0 0 209 0 0 0 0 0 338 0 0 13 0 0 0 216 190 0 13 0 0 0 0 0 0 0 0 16 40 0 13 0 0 0 0 0 0 0 0 0 0 0 1330 0 147 0 32 0 0 46 0 0 100 51 0 0 51 0 0 0 0 0 0 0 0 26 0 0 0 0 0 0 13 140 0 0 0 100 13 188 2123 0 0 0 0 0 0 53 0 0 0 0 0 0 0 0 142 0 0 0 0 0 0 0 0 0 0 0 0 0 0 0 0 0 0 0 0 0 0 0 0 253 0 0 0 0 0 0 0 0 0 0 0 64 0 0 
0 0 0 0 0 0 0 0 0 0 0 0 0 0 0 0 0 0 0 0 0 0 0 0 0 0 0 0 0 0 0 0 0 0 0 0 0 0 0 0 0 0 0 0 0 0 0 0 0 0 0 0 0 0 0 0 0 0 0 0 0 0 0 0 0 0 0 0 0 0 0 0 0 0 0 0 0 0 0 0 0 0 0 0 0 0 0 0 0 0 0 0 0 0 0 0 0 0 0 0 0 0 0 0 0 0 0 0 0 0 0 0 0 0 0 0 0 0 0 0 0 0 0 0 0 0 0 0 0 0 0 0 0 0 0 0 0 0 0 0 0 0 0 0 0 0 0 0 0 0 0 0 0 0 0 0 0 0 0 0 0 0 0 0 0 0 0 0 0 0 0 0 0 0 0 0 0 0 0 0 0 0 0 0 0 0 0 0 0 0 0 0 0 0 0 0 0 0 0 0 0 0 0 0 0 0 0 0 0 0 0 
0 0 0 0 0 0 0 0 0 0 0 0 0 0 0 0 0 0 0 0 0 0 0 0 0 0 0 0 0 0 0 0 0 0 32 0 0 0 0 0 0 0 0 0 0 0 0 0 0 0 0 0 0 0 0 0 0 0 0 0 0 0 0 0 0 0 0 0 0 0 0 0 0 0 0 0 0 64 0 0 0 0 0 0 0 0 0 0 0 0 100 0 0 0 0 0 0 0 0 0 0 0 0 0 0 0 0 0 0 0 0 0 0 0 0 0 0 54 0 0 0 100 0 0 0 0 0 0 0 0 0 0 0 0 0 0 0 0 0 0 0 0 0 0 0 0 0 0 0 0 0 0 0 0 0 77 0 0 0 0 0 0 0 0 0 0 0 0 0 0 0 0 0 0 0 0 0 0 0 0 0 0 0 0 0 0 0 0 0 0 0 0 0 0 0 0 0 0 0 0 0 0 0 0 0 0 0 0 0 0 0 
51 0 0 0 0 0 0 0 0 0 0 0 0 0 0 0 0 0 0 0 0 0 0 64 0 0 0 0 0 0 0 0 0 0 0 0 0 0 0 0 0 0 0 0 0 0 0 0 0 0 0 0 0 0 0 0 0 0 0 0 0 0 0 0 0 0 0 0 0 0 0 0 0 0 0 0 0 0 0 0 0 0 0 0 0 0 0 0 0 0 100 0 0 0 0 0 0 0 0 0 0 0 0 0 0 0 0 0 20 0 0 0 0 0 13 0 0 157 0 0 0 0 0 0 0 0 0 0 0 0 0 64 0 0 0 0 0 0 0 0 0 0 0 0 0 0 0 0 0 0 0 0 0 0 0 251 0 0 0 0 0 0 0 0 0 100 0 0 0 0 0 0 0 0 0 0 0 0 0 0 0 0 0 0 0 0 0 0 0 0 0 0 0 0 0 0 0 0 0 0 0 0 0 0 16 0 0 0 0 0 0 
16 0 0 0 0 0 0 0 0 0 0 51 0 0 40 0 0 0 0 0 0 0 0 123 0 0 0 0 0 0 53 0 0 0 0 0 0 0 0 0 0 0 0 0 0 0 0 0 0 0 0 0 0 0 0 0 0 20 0 0 0 0 0 0 0 0 0 0 0 0 0 0 0 0 0 0 0 0 0 0 0 0 0 0 0 0 0 0 0 0 0 0 0 0 0 0 0 0 0 0 0 0 100 0 0 0 0 0 0 0 0 0 0 0 0 0 0 291 0 0 0 0 0 0 0 0 0 0 0 0 0 0 0 0 0 0 0 0 0 0 0 0 0 0 0 13 0 0 0 0 0 0 0 0 0 583 0 0 0 0 0 0 116 0 0 0 0 0 0 0 0 0 0 0 0 0 0 0 0 0 0 0 0 0 80 0 0 0 0 0 0 0 0 0 0 0 0 0 0 0 0 0 0 0 0 0 0 0 0 0 0 
0 0 0 0 0 0 0 0 0 0 0 0 0 0 0 0 0 0 0 0 0 0 0 0 0 0 0 0 0 0 0 0 0 0 0 0 0 0 0 0 0 0 0 0 0 0 0 0 0 0 0 0 0 0 0 0 0 0 0 0 0 0 0 0 0 0 0 0 0 0 0 0 0 0 0 0 0 0 0 0 0 0 0 0 0 0 0 0 0 0 0 0 0 0 0 0 0 0 0 0 0 0 0 0 0 0 0 0 0 0 0 0 0 0 0 0 0 0 0 0 0 0 0 0 0 0 0 0 0 0 0 0 0 0 0 0 0 0 0 0 0 0 0 0 0 0 0 0 0 0 0 0 0 0 0 0 0 0 0 0 0 0 0 0 0 0 0 0 0 0 0 0 0 0 0 0 0 0 0 0 0 0 0 0 0 0 0 0 0 0 0 0 0 0 0 0 0 0 0 0 0 0 0 0 0 0 0 0 0 0 0 
500 0 0 0 0 0 0 0 0 0 0 0 0 0 276 0 0 0 0 0 80 0 164 1438 20 100 0 0 0 100 248 0 0 0 501 0 0 0 0 0 0 0 0 80 0 67 16 0 0 835 0 0 0 0 0 0 0 0 0 0 80 0 0 77 0 0 126 0 0 0 0 0 0 0 0 0 80 151 0 0 0 0 0 935 0 0 0 0 0 168 80 151 13 0 84 0 0 0 0 0 0 0 56 75 80 0 0 0 0 0 0 0 0 0 0 0 0 1870 0 168 176 190 0 0 115 0 0 51 0 0 26 0 0 0 0 0 0 0 0 0 0 0 0 0 0 0 0 0 200 100 0 0 100 0 79 4342 80 0 20 0 0 0 26 51 0 0 0 0 0 0 0 1987 0 0 84 0 0 0 0 0 0 64 20 0 80 0 0 0 16 0 0 0 26 0 0 0 108 0 0 0 0 0 0 0 0 0 558 0 0 0 0 
1207 0 0 0 0 0 0 0 0 0 40 20 0 0 233 0 0 0 0 0 40 0 413 1982 0 100 0 0 0 0 307 0 0 0 84 0 0 0 0 100 0 0 0 0 0 0 0 0 71 632 51 100 0 0 0 0 0 40 0 0 0 26 32 32 0 0 100 0 0 0 0 0 0 32 0 0 95 140 0 0 0 0 0 664 0 0 0 0 0 20 394 118 77 64 20 64 0 0 0 0 13 0 16 127 0 0 0 0 0 0 80 194 0 0 64 13 0 3168 0 47 0 51 0 0 178 120 0 54 26 0 30 64 0 0 0 0 0 0 0 0 0 0 0 0 0 0 0 0 108 140 0 0 220 13 219 8012 516 0 16 0 0 0 170 300 0 153 0 16 0 0 0 847 0 0 0 0 0 0 51 0 32 49 0 0 0 0 0 0 100 100 0 0 0 0 0 20 342 0 0 0 137 0 40 0 33 0 160 0 13 51 0 
934 0 0 0 0 0 0 0 0 0 128 0 0 0 236 0 0 0 0 0 0 0 39 495 124 83 0 0 0 0 331 0 0 0 420 0 0 0 0 40 0 0 0 0 0 26 0 0 0 132 0 0 0 0 0 0 0 0 0 0 100 0 0 0 0 0 100 0 0 0 0 0 0 0 0 0 302 205 40 0 0 0 0 1437 0 0 0 0 0 0 92 46 0 0 0 0 0 0 0 34 0 0 80 64 0 0 0 0 0 0 0 0 0 0 0 0 0 865 0 100 0 80 0 0 0 46 0 51 0 0 64 208 0 0 0 0 0 0 0 0 0 0 0 0 0 0 13 0 0 102 0 32 13 51 344 2826 0 0 260 0 80 16 0 177 0 0 0 0 0 0 0 1115 0 0 0 0 0 0 0 0 100 0 32 0 0 0 0 0 122 0 32 0 0 0 0 0 166 0 0 0 100 0 0 0 0 0 330 0 80 0 0 
0 0 0 0 0 0 0 0 0 0 0 0 0 0 0 0 0 0 0 0 0 0 0 32 0 0 0 0 0 0 0 0 0 0 0 0 0 0 0 0 0 0 0 0 0 0 0 0 0 0 0 0 0 0 0 0 0 0 0 0 0 0 0 0 0 0 0 0 0 0 0 0 0 0 0 0 0 0 0 0 0 0 0 0 0 0 0 0 0 0 0 0 0 0 0 0 0 0 0 0 0 0 0 0 0 0 0 0 0 0 0 0 0 0 0 0 0 0 0 80 0 0 0 0 0 0 0 0 0 0 0 0 0 0 0 0 0 0 0 0 0 0 0 0 0 0 0 0 0 0 0 0 0 0 0 0 0 0 0 0 0 64 0 0 0 0 0 0 0 0 0 132 0 0 0 0 0 0 0 0 0 0 0 0 0 0 0 0 0 0 0 0 0 0 0 0 0 0 0 0 0 0 0 0 0 0 0 0 0 0 0 
26 0 0 0 0 0 13 0 0 0 0 0 0 0 0 0 0 0 0 0 0 0 0 390 101 0 0 0 0 0 73 0 0 0 32 0 0 0 0 0 0 0 0 0 0 0 0 13 0 120 0 0 0 51 0 0 0 0 0 0 0 0 0 0 0 0 40 0 0 0 0 0 0 0 0 80 13 26 0 0 0 0 0 164 0 0 0 0 0 0 0 0 0 0 0 0 0 0 0 0 40 0 104 0 0 0 0 0 0 0 0 0 0 0 0 0 0 585 0 40 0 20 0 0 196 0 0 0 0 0 0 0 0 0 0 0 0 0 0 0 0 0 0 0 0 0 0 0 104 0 0 0 0 0 16 359 16 0 0 0 0 0 0 0 0 64 0 0 0 0 0 157 0 0 0 0 0 0 0 0 32 40 0 0 0 0 0 0 0 0 0 0 0 0 0 0 51 0 0 0 0 0 0 0 0 0 0 0 0 0 0 
0 0 0 0 0 0 0 0 0 0 0 0 0 0 0 0 0 0 0 0 0 0 0 0 0 0 0 0 0 0 0 0 0 0 0 0 0 0 0 0 0 0 0 0 0 0 0 0 0 0 0 0 0 0 0 0 0 0 0 0 0 0 0 0 0 0 0 0 0 0 0 0 0 0 0 0 0 80 0 0 0 0 0 0 0 0 0 0 0 0 0 0 0 0 0 0 0 0 0 0 0 0 0 0 0 0 0 0 0 0 0 0 0 0 0 0 0 54 0 0 0 0 0 0 0 0 0 0 0 0 0 0 0 0 0 0 0 0 0 0 0 0 0 0 0 0 0 0 0 0 0 0 0 0 0 84 0 0 0 0 0 0 0 0 0 0 0 0 0 0 0 26 0 0 0 0 0 0 0 0 0 0 0 0 0 0 0 0 0 0 0 0 0 0 0 0 0 0 0 0 0 0 0 0 0 0 0 0 0 0 0 
0 0 0 0 0 0 0 0 0 0 0 0 0 0 0 0 0 0 0 0 0 0 0 0 0 0 0 0 0 0 0 0 0 0 0 0 0 0 0 0 0 0 0 0 0 0 0 0 0 0 0 0 0 0 0 0 0 0 0 0 0 0 0 0 0 0 0 0 0 0 0 0 0 0 0 0 0 0 0 0 0 0 0 0 0 0 0 0 0 0 0 0 0 0 0 0 0 0 0 0 0 0 0 0 0 0 0 0 0 0 0 0 0 0 0 0 0 0 0 0 0 0 0 0 0 0 0 0 0 0 0 0 0 0 0 0 0 0 0 0 0 0 0 0 0 0 0 0 0 0 0 0 0 0 0 0 0 0 0 0 0 0 0 0 0 0 0 0 0 0 0 0 0 0 0 0 0 0 0 0 0 0 0 0 0 0 0 0 0 0 0 0 0 0 0 0 0 0 0 0 0 0 0 0 0 0 0 0 0 0 0 
0 0 0 0 0 0 0 0 0 0 0 0 0 0 0 0 0 0 0 0 0 0 0 40 0 0 0 0 0 0 100 0 0 0 0 0 0 0 0 0 0 0 0 0 0 0 0 0 0 0 0 0 0 0 0 0 0 0 0 0 0 0 0 0 0 0 0 0 0 0 0 0 0 0 0 0 0 0 0 0 0 0 0 212 0 0 0 0 0 0 0 0 0 0 0 0 0 0 0 0 0 0 0 0 0 0 0 0 0 0 0 0 0 0 51 0 0 26 0 0 0 0 0 0 0 0 0 0 40 0 0 0 0 0 0 0 0 0 0 0 0 0 0 0 0 0 0 0 13 0 0 0 0 0 0 508 0 0 0 0 0 0 0 0 0 0 0 0 0 0 0 216 0 0 0 0 0 0 0 0 0 0 0 0 0 0 0 20 0 0 0 0 0 0 0 0 16 0 0 0 0 0 0 0 0 0 0 0 0 0 0 
432 0 0 0 0 0 0 0 0 0 0 0 0 0 64 0 0 0 0 0 0 0 200 582 0 26 0 0 0 0 100 0 0 0 37 0 0 0 64 80 0 0 0 0 0 0 0 0 20 212 186 26 0 0 0 0 0 0 0 0 0 0 0 0 0 0 0 0 0 0 0 0 0 0 0 0 72 0 51 0 0 40 0 475 0 0 0 0 0 97 157 0 0 20 0 0 0 0 0 0 51 0 96 40 0 0 0 0 0 0 64 0 0 0 0 0 0 691 0 0 80 0 0 0 145 100 0 0 0 0 0 0 0 0 0 0 0 0 0 0 0 0 0 0 0 0 0 0 61 32 0 0 46 0 113 1745 64 0 0 0 0 131 16 100 0 40 13 64 0 0 0 772 0 0 0 0 0 0 0 0 40 0 32 0 0 0 0 80 98 0 20 0 0 0 0 0 149 0 0 0 26 0 40 0 0 104 237 51 0 0 0 
13 0 0 0 0 0 0 0 0 0 0 0 0 0 0 0 0 0 0 0 0 0 0 13 0 40 0 0 0 0 32 0 0 0 0 0 0 0 0 40 0 0 0 0 0 0 0 0 0 0 64 0 0 0 0 0 0 0 0 0 0 0 0 0 0 0 0 0 0 0 0 0 0 0 0 0 0 0 0 0 0 0 64 135 0 0 0 0 0 0 0 0 0 0 0 0 0 0 0 20 54 0 0 100 0 0 0 0 0 0 0 0 0 0 0 0 0 260 0 0 0 0 0 0 96 0 0 0 0 0 0 0 0 0 0 0 0 0 0 80 0 0 0 0 0 0 0 0 0 0 0 0 0 0 40 231 0 0 0 0 0 0 0 0 0 0 0 0 0 0 0 170 0 0 0 0 0 0 0 0 0 0 0 0 0 0 0 0 0 0 0 0 0 0 0 0 0 0 0 0 0 0 0 0 0 0 0 0 0 0 0 
238 0 0 0 0 0 0 0 0 32 0 0 0 0 151 0 0 0 0 0 0 0 64 322 0 0 0 0 0 0 54 0 0 0 248 0 0 0 0 0 0 0 0 0 0 40 0 0 80 100 0 16 0 0 0 0 0 32 0 0 16 0 0 0 0 13 0 0 0 0 0 0 0 0 0 0 64 227 0 0 0 0 0 577 0 0 0 0 0 0 776 196 0 0 32 16 0 0 0 0 0 0 30 0 0 16 0 0 0 0 0 0 0 0 0 0 0 707 32 233 151 0 0 0 0 0 0 51 0 0 0 0 0 0 0 0 0 0 0 0 0 0 0 0 0 0 0 0 0 0 0 51 0 13 280 1445 51 0 0 0 0 0 200 0 0 0 0 0 0 0 0 420 0 0 80 0 0 0 0 0 0 85 0 0 0 0 0 0 0 0 32 0 0 0 0 51 20 0 0 0 32 0 0 0 0 57 40 0 64 16 0 
0 0 0 0 0 0 0 0 0 0 0 0 0 0 0 0 0 0 0 0 0 0 0 0 0 0 0 0 0 0 0 0 0 0 0 0 0 0 0 0 0 0 0 0 0 0 0 0 0 13 0 0 0 0 0 0 0 0 0 0 0 0 0 0 16 0 0 0 0 0 0 0 0 0 0 0 0 0 0 0 0 0 0 0 0 0 0 0 0 0 0 0 0 0 0 0 0 0 0 0 0 0 0 0 0 0 0 0 0 0 0 0 0 0 0 0 0 40 0 0 0 0 0 0 0 0 0 0 0 0 0 0 0 0 0 0 0 0 0 0 0 0 0 0 0 0 0 0 0 0 0 0 0 0 0 0 0 0 0 0 0 0 100 0 0 0 0 0 0 0 0 0 0 0 0 0 0 0 0 0 0 0 0 0 0 0 0 0 0 0 0 0 0 0 0 0 0 0 0 0 0 0 0 0 0 0 0 64 0 0 0 
232 0 0 0 0 0 0 0 0 0 0 0 0 0 300 0 0 0 0 0 13 0 20 708 13 0 0 0 0 0 16 0 0 0 13 65 0 0 0 192 0 0 0 0 0 0 0 0 54 0 64 0 0 0 0 0 0 0 0 0 0 0 0 0 0 0 0 0 0 0 0 0 0 100 0 0 370 0 0 0 0 0 0 151 0 0 0 0 0 16 132 0 0 0 0 64 0 0 0 0 0 0 51 58 0 0 0 0 0 0 0 115 0 0 0 0 0 407 0 20 64 116 0 0 26 0 0 40 26 0 0 20 0 0 0 0 0 0 0 0 0 0 0 0 13 0 0 0 0 0 0 0 0 0 73 1583 40 40 0 0 0 0 200 26 0 0 0 0 0 0 0 618 0 0 0 0 0 0 0 0 20 0 0 0 0 0 0 0 0 0 0 0 32 0 0 0 16 0 0 0 0 0 0 0 0 0 111 0 0 80 0 
13 0 0 0 0 0 0 0 0 0 0 0 0 0 0 0 0 0 0 0 0 0 0 0 0 0 0 0 0 0 57 0 0 0 0 0 0 0 0 0 0 0 0 0 0 26 0 0 0 0 0 0 0 0 0 0 0 0 0 0 0 0 0 0 0 0 0 0 0 0 0 0 0 0 0 0 0 0 0 0 0 0 0 100 0 0 0 0 0 0 115 0 0 0 0 0 0 0 0 0 0 0 16 0 0 0 0 0 0 0 0 0 0 0 0 0 0 123 0 0 0 0 0 0 0 0 0 0 0 0 0 0 0 0 0 0 0 0 0 0 0 0 0 0 0 0 0 0 0 0 0 0 0 0 26 141 0 0 0 0 0 0 0 0 0 0 0 0 0 0 0 51 0 0 0 0 0 0 0 0 0 0 0 0 0 0 0 0 0 0 0 0 0 0 0 0 0 0 0 0 0 0 0 0 0 0 0 0 0 0 0 
0 0 0 0 0 0 0 0 0 0 0 0 0 0 0 0 0 0 0 0 0 0 0 0 0 51 0 0 0 0 0 0 0 0 0 0 0 0 0 0 0 0 0 0 0 0 0 0 0 0 0 0 0 0 0 0 0 0 0 0 0 0 0 0 0 0 0 0 0 0 0 0 0 0 0 0 0 0 0 0 0 0 0 20 0 0 0 0 0 0 0 0 0 0 0 0 0 0 0 0 0 0 0 0 0 0 0 0 0 0 0 0 0 0 0 0 0 0 0 32 0 100 0 0 32 0 0 0 0 0 0 0 0 0 0 0 0 0 0 0 0 0 0 0 0 0 0 0 0 0 0 0 0 0 0 16 26 0 0 0 0 0 0 0 0 0 0 0 0 0 0 51 0 0 0 0 0 0 0 0 0 0 0 0 0 0 0 0 0 0 0 0 0 0 0 0 0 0 0 0 0 0 0 0 0 0 0 0 0 0 0 
117 0 0 0 0 0 0 0 0 0 0 0 0 0 100 0 0 0 0 0 0 0 0 96 0 100 0 0 0 0 40 0 0 0 0 0 0 0 0 0 0 0 0 0 0 0 0 0 0 54 0 0 0 0 0 0 0 0 0 0 26 0 0 0 0 0 0 0 0 0 0 0 0 0 0 0 16 47 0 0 0 0 0 87 0 0 0 0 0 0 248 51 0 0 0 0 0 0 0 0 51 0 0 0 0 0 0 0 0 0 0 0 0 0 0 0 0 131 0 0 0 0 0 0 191 0 0 0 0 0 0 0 0 0 0 0 0 0 0 0 0 0 0 0 0 0 0 0 0 100 0 0 100 0 0 146 0 0 0 0 0 64 0 0 0 100 0 0 0 0 0 40 0 0 0 0 0 0 0 0 0 20 0 0 0 0 0 0 0 0 0 0 0 0 0 40 0 0 0 0 0 0 0 0 0 0 51 0 0 40 0 
1998 0 0 0 0 0 0 0 0 72 313 32 0 0 665 0 0 20 0 0 323 0 370 2546 129 230 0 0 64 165 1094 0 0 0 1104 40 0 0 67 47 0 0 0 0 0 137 0 80 203 1248 146 16 0 0 0 0 0 391 0 0 248 73 40 80 64 0 338 100 0 0 0 0 0 32 0 0 812 960 40 0 0 0 16 3998 26 32 0 0 0 296 2102 950 377 32 72 0 0 0 331 221 150 0 569 502 51 508 0 0 0 0 0 305 0 0 0 100 0 4458 0 485 273 432 0 0 373 183 0 240 425 0 172 273 0 0 0 0 0 0 0 0 64 0 0 0 100 100 0 65 600 252 0 0 308 330 325 10993 490 115 315 80 80 100 1556 332 0 144 213 53 51 0 0 3511 0 0 58 0 0 0 0 0 309 373 471 0 13 26 0 0 0 0 167 0 77 0 0 0 88 0 0 0 88 0 0 0 26 64 1120 151 57 692 0 
0 0 0 0 0 0 0 0 0 0 0 0 0 0 0 0 0 0 0 0 0 0 0 0 0 0 0 0 0 0 0 0 0 0 0 0 0 0 0 0 0 0 0 0 0 0 0 0 0 0 0 0 0 0 0 0 0 0 0 0 0 0 0 0 0 0 0 0 0 0 0 0 0 0 0 0 0 0 0 0 0 0 0 0 0 0 0 0 0 0 0 0 0 0 0 0 0 0 0 0 0 0 0 0 0 0 0 0 0 0 0 0 0 0 0 0 0 0 0 0 0 0 0 0 0 0 0 0 0 0 0 0 0 0 0 0 0 0 0 0 0 0 0 0 0 0 0 0 0 0 0 0 0 0 0 0 0 0 0 0 0 0 0 0 0 0 0 0 0 0 0 0 0 0 0 0 0 0 0 0 0 0 0 0 0 0 0 0 0 0 0 0 0 0 0 0 0 0 0 0 0 0 0 0 0 0 0 0 0 0 0 
324 0 0 0 0 0 0 0 0 0 40 0 0 0 228 0 0 0 0 0 0 0 0 385 64 0 0 0 0 0 34 0 0 0 77 0 0 0 0 0 0 0 0 0 0 0 0 40 83 102 0 0 0 0 0 0 0 0 0 0 0 0 0 0 0 0 51 0 0 0 0 0 0 0 0 0 13 20 0 0 0 0 113 864 0 0 0 0 0 20 40 30 0 26 13 83 0 0 0 0 0 0 40 80 0 0 0 0 0 0 0 0 0 0 0 0 0 518 0 252 0 16 0 0 73 80 0 0 51 0 0 64 0 0 0 0 0 0 0 0 0 0 0 120 0 0 80 0 16 40 0 0 0 0 133 2359 26 0 0 0 20 151 100 40 0 0 0 0 0 0 0 438 0 0 0 0 0 0 0 0 13 64 80 0 0 0 0 0 0 0 0 0 0 0 0 0 64 0 0 0 64 0 0 0 0 0 352 0 0 131 0 
0 0 0 0 0 0 0 0 0 0 0 0 0 0 0 0 0 0 0 0 0 0 0 0 0 0 0 0 0 0 0 0 0 0 0 0 0 0 0 0 0 0 0 0 0 0 0 0 0 0 0 0 0 0 0 0 0 0 0 0 0 0 0 0 0 0 0 0 0 0 0 0 0 0 0 0 0 0 0 0 0 0 0 0 0 0 0 0 0 0 0 0 0 0 0 0 0 0 0 0 0 0 0 0 0 0 0 0 0 0 0 0 0 0 0 0 0 0 0 0 0 0 0 0 0 0 0 0 0 0 0 0 0 0 0 0 0 0 0 0 0 0 0 0 0 0 0 0 0 0 0 0 0 0 0 0 0 0 0 0 0 0 0 0 0 0 0 0 0 0 0 0 0 0 0 0 0 0 0 0 0 0 0 0 0 0 0 0 0 0 0 0 0 0 0 0 0 0 0 0 0 0 0 0 0 0 0 0 0 0 0 
478 0 0 0 0 0 0 0 0 0 80 0 0 0 167 0 0 0 0 0 0 0 168 951 0 128 0 0 0 104 163 64 0 0 247 0 0 0 0 120 0 0 80 0 0 0 0 0 57 282 200 0 0 80 0 0 0 120 0 0 0 0 0 0 0 0 20 0 0 0 0 0 0 0 0 0 525 113 80 0 0 0 0 1073 0 0 0 0 0 152 362 0 0 46 263 20 0 0 16 0 32 0 282 133 80 0 0 0 0 0 0 26 0 0 0 32 0 962 0 301 54 67 0 0 155 0 0 280 64 0 51 13 0 0 0 0 0 0 0 0 13 0 0 0 0 151 0 0 90 0 0 26 20 96 211 2231 96 106 0 0 16 58 0 81 0 64 0 0 0 0 0 1149 0 0 64 0 0 0 0 0 26 0 64 0 0 0 0 13 54 0 0 0 0 0 0 16 61 0 100 0 64 0 0 0 0 0 257 0 51 664 0 
0 0 0 0 0 0 0 0 0 0 0 0 0 0 0 0 0 0 0 0 0 0 0 0 0 0 0 0 0 0 0 0 0 0 0 0 0 0 0 0 0 0 0 0 0 0 0 0 0 0 0 0 0 0 0 0 0 0 0 0 0 0 0 0 0 0 0 0 0 0 0 0 0 0 0 0 0 0 0 0 0 0 0 0 0 0 0 0 0 13 0 0 0 0 0 0 0 0 0 0 0 0 0 0 0 0 0 0 0 0 0 0 0 0 0 0 0 26 0 0 0 0 0 0 0 0 0 0 0 0 0 0 0 0 0 0 0 0 0 0 0 0 0 0 0 0 0 0 0 0 0 0 0 0 0 51 0 0 0 0 0 0 0 0 0 0 0 0 0 0 0 80 0 0 0 0 0 0 0 0 0 0 0 0 0 0 0 0 0 0 0 0 0 0 0 0 0 0 0 0 0 0 0 0 0 0 0 0 0 0 0 
229 0 0 0 0 0 0 0 0 0 100 0 0 0 80 0 0 0 0 0 0 0 51 32 0 0 0 0 0 0 0 0 0 0 64 0 0 0 0 0 0 0 0 0 0 0 0 0 0 0 0 0 0 0 0 0 0 0 0 0 0 0 0 0 0 0 0 0 0 0 0 0 0 0 0 0 0 0 0 0 0 0 0 115 0 0 0 0 0 0 53 0 16 100 0 0 0 0 26 0 0 0 100 0 0 20 0 0 0 0 0 0 0 0 0 0 0 424 0 0 0 0 0 0 20 0 0 0 0 0 0 0 0 0 0 0 0 0 0 0 0 0 0 0 0 13 0 0 51 0 0 0 0 80 20 608 0 0 0 0 0 0 116 100 0 0 0 0 0 0 0 132 0 0 0 0 0 0 0 0 64 0 0 0 0 0 0 0 0 0 0 0 0 0 0 0 20 0 0 0 0 0 0 0 0 0 32 0 0 0 0 
0 0 0 0 0 0 0 0 0 0 0 0 0 0 0 0 0 0 0 0 0 0 0 0 0 0 0 0 0 0 0 0 0 0 0 0 0 0 0 0 0 0 0 0 0 0 0 0 0 0 0 0 0 0 0 0 0 0 0 0 0 0 0 0 0 0 0 0 0 0 0 0 0 0 0 0 0 0 0 0 0 0 0 0 0 0 0 0 0 0 0 0 0 0 0 0 0 0 0 0 0 0 0 0 0 0 0 0 0 0 0 0 0 0 0 0 0 0 0 0 0 0 0 0 0 0 0 0 0 0 0 0 0 0 0 0 0 0 0 0 0 0 0 0 0 0 0 0 0 0 0 0 0 0 0 0 0 0 0 0 0 0 0 0 0 0 0 0 0 0 0 0 0 0 0 0 0 0 0 0 0 0 0 0 0 0 0 0 0 0 0 0 0 0 0 0 0 0 0 0 0 0 0 0 0 0 0 0 0 0 0 
51 0 0 0 0 0 0 0 0 0 0 0 0 0 96 0 0 0 0 0 0 0 13 291 0 0 0 0 0 0 84 0 0 0 67 0 0 0 0 20 0 0 0 0 0 0 0 0 64 41 51 0 0 0 0 0 0 0 0 0 0 40 0 0 0 0 20 0 0 0 0 0 0 0 0 0 108 80 0 0 0 0 0 175 0 0 0 0 0 16 96 0 0 0 0 0 0 0 0 64 0 0 32 0 0 115 0 0 0 0 0 40 0 0 0 0 0 235 0 26 20 80 0 0 16 0 0 0 52 0 0 52 0 0 0 0 0 0 0 0 0 0 0 0 0 0 0 0 51 0 0 0 0 26 0 306 0 65 0 0 0 0 80 0 0 0 0 0 0 0 0 168 0 0 0 0 0 0 0 0 26 0 60 0 0 0 0 0 0 0 0 0 0 0 0 0 0 0 0 0 0 0 0 0 32 80 127 0 51 0 0 
225 0 0 0 0 0 0 0 0 0 0 0 0 0 77 0 0 0 0 0 0 0 40 229 0 26 0 0 0 0 247 0 0 0 13 0 0 0 0 0 0 0 0 0 0 0 26 0 16 195 80 0 0 51 0 0 0 0 0 0 80 0 0 0 0 0 0 0 0 0 0 0 0 0 0 0 64 32 0 0 0 0 0 450 0 0 0 0 0 0 270 53 0 0 0 32 0 0 26 0 0 0 122 20 40 0 64 0 0 0 0 80 0 0 0 0 0 287 64 155 0 51 0 0 80 0 0 0 0 0 0 0 0 0 0 0 0 0 0 0 0 0 0 0 0 0 0 26 0 0 0 0 0 26 141 805 0 0 0 0 13 0 0 41 0 0 0 51 0 0 0 506 0 0 32 0 64 0 0 0 40 0 0 0 0 0 0 0 123 0 0 0 0 0 0 0 0 0 0 0 0 0 0 0 0 0 53 0 0 0 0 
3527 0 0 0 37 0 0 0 0 0 106 30 0 0 2003 0 0 0 0 0 90 0 664 5696 957 263 0 0 0 129 1122 0 0 0 565 26 0 0 0 72 20 0 0 32 0 71 0 80 182 398 110 100 0 125 0 0 0 77 0 0 16 141 32 151 51 0 206 0 0 0 0 0 0 141 0 0 1246 194 20 0 0 40 0 1779 0 0 0 0 0 154 582 2405 53 0 216 311 0 0 348 0 0 0 347 101 147 131 0 90 0 13 51 321 0 0 0 0 0 9027 0 673 13 1203 0 0 550 615 0 113 179 51 96 13 0 0 0 0 0 0 0 0 46 0 0 26 64 0 0 0 523 292 0 216 498 218 1249 18780 278 0 0 0 40 40 493 321 0 440 51 170 0 0 0 2700 0 51 0 0 0 0 0 0 132 169 0 0 67 0 0 0 90 0 195 0 26 0 0 0 2183 0 13 0 153 0 120 0 99 51 739 0 112 92 0 
343 0 0 0 30 0 0 0 0 0 0 0 0 0 52 0 0 0 0 0 0 0 0 468 0 0 0 0 0 0 132 0 0 0 40 0 0 0 0 0 0 0 0 0 0 0 0 0 0 126 0 100 0 16 0 0 0 0 0 0 0 0 0 0 32 0 0 0 0 0 0 0 0 120 0 0 0 40 0 0 0 16 0 102 0 0 0 0 0 0 106 324 120 0 0 0 0 0 0 0 16 0 80 13 0 0 0 0 0 0 0 0 0 0 0 0 0 985 51 0 46 0 0 0 39 0 0 0 0 0 40 0 0 0 0 0 0 0 0 0 0 0 0 0 0 0 0 0 0 0 0 0 0 0 127 1914 0 0 0 0 0 0 0 0 0 0 0 0 0 0 0 55 0 0 0 0 0 0 0 0 0 0 0 0 0 0 0 0 0 0 0 0 0 0 0 0 0 0 0 0 0 0 0 0 0 0 0 0 0 0 0 
521 0 0 0 0 0 0 0 0 0 0 0 0 0 13 0 0 0 0 0 0 0 0 624 0 247 0 0 0 0 80 0 0 0 280 0 0 0 0 0 0 0 0 0 0 0 0 0 37 160 26 0 0 0 0 0 0 0 0 0 32 0 0 0 80 0 83 0 0 0 0 0 0 0 0 0 157 131 0 0 0 0 0 218 0 0 0 0 0 20 164 179 0 0 0 40 0 0 0 0 0 0 0 0 100 0 0 0 0 0 0 26 0 0 0 0 0 870 0 148 0 0 0 0 132 0 0 40 0 0 0 0 0 0 0 0 0 0 0 0 0 0 0 0 0 64 0 0 33 100 0 0 53 0 309 1275 180 0 0 0 0 40 0 180 0 0 0 0 0 0 0 360 0 0 13 0 0 0 0 0 0 0 0 0 0 0 0 0 0 0 0 0 0 0 0 0 32 0 0 0 0 0 0 0 0 51 0 0 0 133 0 
693 0 0 0 0 0 0 0 64 0 0 13 0 0 51 0 0 0 0 0 80 0 199 827 0 189 0 0 0 0 227 0 0 0 300 64 0 0 0 115 0 0 0 0 0 0 40 13 161 174 26 16 0 0 0 100 0 0 0 0 80 0 0 0 0 32 0 0 0 0 0 0 0 104 0 0 178 65 40 0 0 0 104 1070 0 40 0 0 0 16 434 63 0 298 0 100 0 0 0 0 32 0 196 153 102 0 32 0 0 0 20 116 0 200 0 0 0 1282 80 154 51 40 0 0 196 37 0 153 207 0 51 0 0 0 0 0 0 0 0 0 0 0 0 0 0 0 51 0 0 80 0 0 160 124 559 2928 321 0 0 0 100 122 61 88 0 144 0 16 0 0 0 965 0 0 153 0 0 0 0 0 64 96 439 0 40 0 0 0 32 0 0 51 0 0 0 0 158 0 80 0 13 0 0 0 0 0 258 26 143 92 0 
0 0 0 0 0 0 0 0 0 0 0 0 0 0 0 0 0 0 0 0 0 0 0 0 0 0 0 0 0 0 0 0 0 0 0 0 0 0 0 0 0 0 0 0 0 0 0 0 0 0 0 0 0 0 0 0 0 0 0 0 0 0 0 0 0 0 0 0 0 0 0 0 0 0 0 0 0 0 0 0 0 0 0 0 0 0 0 0 0 0 0 0 0 0 0 0 0 0 0 0 0 0 0 0 0 0 0 0 0 0 0 0 0 0 0 0 0 0 0 0 0 0 0 0 0 0 0 0 0 0 0 0 0 0 0 0 0 0 0 0 0 0 0 0 0 0 0 0 0 0 0 0 0 0 0 0 0 0 0 0 0 0 0 0 0 0 0 0 0 0 0 0 0 0 0 0 0 0 0 0 0 0 0 0 0 0 0 0 0 0 0 0 0 0 0 0 0 0 0 0 0 0 0 0 0 0 0 0 0 0 0 
