8997 520 400 0 316 90 0 0 0 161 246 242 0 0 1635 67 0 0 0 0 321 53 1305 13667 20 392 0 0 26 64 2769 0 0 0 3349 141 0 0 26 408 20 93 0 0 0 208 20 114 851 1868 220 500 0 343 0 0 0 649 0 0 105 0 108 80 13 80 274 64 0 0 0 0 0 2585 0 0 6275 1975 0 16 0 20 258 8701 34 72 0 0 0 637 1433 214 115 309 909 3649 40 0 520 114 187 0 1360 282 315 178 64 40 0 0 20 416 13 0 0 135 0 22128 77 2332 307 1667 0 40 2559 482 20 273 456 26 329 681 0 0 0 0 0 0 0 0 149 64 0 67 0 267 298 54 554 357 0 40 768 947 2835 15231 420 151 375 0 20 172 378 483 0 280 350 150 54 0 111 10069 0 32 360 0 0 74 0 0 505 616 119 96 0 0 0 26 395 0 706 80 505 0 0 0 2873 0 823 40 2366 0 411 0 260 626 2200 16 103 782 0 
150 80 0 0 0 100 0 0 0 0 0 0 0 0 0 0 0 0 0 0 20 0 80 32 0 0 0 0 0 0 0 0 0 0 151 0 0 0 0 0 0 0 0 0 0 0 0 0 0 100 0 0 0 0 0 0 0 0 0 0 0 0 0 0 0 0 20 0 0 0 0 0 0 0 0 0 0 0 0 0 0 0 0 0 0 0 0 0 0 0 80 0 0 0 0 0 0 0 16 0 0 0 0 0 0 0 0 0 0 0 0 0 0 0 0 0 0 660 0 64 0 0 0 0 118 64 0 0 0 0 0 40 0 0 0 0 0 0 0 0 0 0 0 0 0 0 0 0 0 0 0 0 0 0 0 163 0 0 0 0 0 0 0 0 0 0 0 0 0 0 0 67 0 0 0 0 0 26 0 0 0 0 0 0 0 0 0 0 0 0 51 0 0 0 0 0 0 0 0 0 0 0 0 0 0 0 64 0 0 0 0 
81 0 0 0 0 0 0 0 0 0 0 0 0 0 0 0 0 0 0 0 0 0 0 0 0 0 0 0 0 0 0 0 0 0 131 64 0 0 0 0 0 0 0 0 0 0 0 0 0 0 0 0 0 0 0 0 0 0 0 0 0 0 0 0 0 0 0 0 0 0 0 0 0 0 0 0 0 0 0 0 0 0 0 0 0 0 0 0 0 0 0 0 0 0 0 0 0 0 0 0 0 0 0 0 0 0 0 0 0 0 0 0 0 0 0 0 0 413 0 51 64 0 0 0 0 0 0 0 0 0 0 0 0 0 0 0 0 0 0 0 0 0 0 0 0 0 0 0 0 0 0 0 0 0 0 60 0 0 0 0 0 0 0 0 0 0 0 0 0 0 0 77 0 0 0 0 0 0 0 0 32 0 0 0 0 0 0 0 0 0 0 0 0 0 0 0 64 0 0 0 0 0 0 0 0 0 0 0 0 40 0 
0 0 0 0 0 0 0 0 0 0 0 0 0 0 0 0 0 0 0 0 0 0 0 0 0 0 0 0 0 0 0 0 0 0 0 0 0 0 0 0 0 0 0 0 0 0 0 0 0 0 0 0 0 0 0 0 0 0 0 0 0 0 0 0 0 0 0 0 0 0 0 0 0 0 0 0 0 0 0 0 0 0 0 0 0 0 0 0 0 0 0 0 0 0 0 0 0 0 0 0 0 0 0 0 0 0 0 0 0 0 0 0 0 0 0 0 0 0 0 0 0 0 0 0 0 0 0 0 0 0 0 0 0 0 0 0 0 0 0 0 0 0 0 0 0 0 0 0 0 0 0 0 0 0 0 0 0 0 0 0 0 0 0 0 0 0 0 0 0 0 0 0 0 0 0 0 0 0 0 0 0 0 0 0 0 0 0 0 0 0 0 0 0 0 0 0 0 0 0 0 0 0 0 0 0 0 0 0 0 0 0 
343 0 0 0 0 0 0 0 0 0 64 0 0 0 400 0 0 0 0 0 40 0 0 715 116 0 0 0 0 0 147 0 0 0 281 0 0 0 0 0 0 0 0 0 0 100 0 0 40 99 0 0 0 0 0 0 0 0 0 0 13 0 20 0 0 0 20 0 0 0 0 0 0 0 0 0 191 145 0 0 0 92 0 481 0 0 0 0 0 0 412 0 0 0 0 0 0 0 16 0 16 0 20 16 32 104 0 0 0 0 0 0 0 0 0 0 0 605 0 119 0 309 0 0 57 16 0 40 0 0 40 0 0 0 0 0 0 0 0 0 0 0 0 0 0 16 0 0 70 26 0 0 100 0 190 3045 280 0 0 0 0 51 0 216 0 80 0 0 0 0 0 430 0 0 0 0 0 0 0 0 0 0 26 0 0 0 0 0 26 0 0 0 0 0 0 0 215 0 0 0 32 0 0 0 0 0 180 0 64 32 0 
195 0 0 0 0 0 0 0 0 0 0 0 0 0 120 0 0 0 0 0 40 0 0 32 0 0 0 0 0 0 0 0 0 0 0 0 0 0 0 0 0 0 0 0 0 0 0 0 0 0 13 0 0 0 0 0 0 0 0 0 0 0 0 0 0 0 0 0 0 0 0 0 0 0 0 0 0 0 0 0 0 0 0 0 0 0 0 0 0 51 200 0 0 0 26 0 0 0 0 0 0 0 0 51 0 0 0 0 0 0 0 0 0 0 0 0 0 168 0 0 0 0 0 0 26 80 0 0 0 0 0 0 0 0 0 0 0 0 0 0 0 0 0 0 0 0 0 0 0 0 0 0 20 0 26 440 0 0 0 0 0 0 0 0 0 32 0 0 0 0 0 0 0 0 0 0 0 0 0 0 0 0 0 0 0 0 0 0 0 0 0 0 0 0 0 0 0 0 0 0 26 0 0 0 0 0 0 0 80 20 0 
0 0 0 0 0 0 0 0 0 0 0 0 0 0 0 0 0 0 0 0 0 0 0 0 0 0 0 0 0 0 0 0 0 0 0 0 0 0 0 0 0 0 0 0 0 0 0 0 0 0 0 0 0 0 0 0 0 0 0 0 0 0 0 0 0 0 0 0 0 0 0 0 0 0 0 0 0 100 0 0 0 0 0 0 0 0 0 0 0 0 0 0 0 0 0 0 0 0 0 0 0 0 0 0 0 0 0 0 0 0 0 0 0 0 0 0 0 0 0 0 0 0 0 0 0 0 0 0 0 0 0 0 0 0 0 0 0 0 0 0 0 0 0 0 0 0 0 0 0 0 0 0 0 0 0 0 0 0 0 0 0 0 0 0 0 0 0 0 0 0 0 0 0 0 0 0 0 0 0 0 0 0 0 0 0 0 0 0 0 0 0 0 0 0 0 0 0 0 0 0 0 0 0 0 0 0 0 0 0 0 0 
0 0 0 0 0 0 0 0 0 0 0 0 0 0 0 0 0 0 0 0 0 0 0 13 0 0 0 0 0 0 0 0 0 0 0 0 0 0 0 0 0 0 0 0 0 0 0 0 0 0 0 0 0 0 0 0 0 0 0 0 0 0 0 0 0 0 0 0 0 0 0 0 0 0 0 0 0 0 0 0 0 0 0 0 0 0 0 0 0 0 0 0 0 0 0 0 0 0 0 0 0 0 0 0 0 0 0 0 0 0 0 0 0 0 0 0 0 102 0 0 0 0 0 0 0 0 0 80 0 0 0 0 0 0 0 0 0 0 0 0 0 0 0 0 0 0 0 0 0 0 0 0 0 0 40 200 16 0 0 0 0 0 0 0 0 0 0 0 0 0 0 300 0 0 0 0 0 0 0 0 0 0 0 0 0 0 0 0 0 0 0 0 0 0 0 0 0 0 0 0 26 0 0 0 0 0 0 0 0 0 0 
64 0 0 0 0 0 0 0 0 0 0 0 0 0 0 0 0 0 0 0 0 0 0 40 0 0 0 0 0 0 0 0 0 0 0 0 0 0 0 0 0 0 0 0 0 0 0 0 0 0 80 0 0 0 0 0 0 0 0 0 0 0 0 0 0 0 0 0 0 0 0 0 0 0 0 0 0 0 0 0 0 0 0 40 0 0 0 0 0 0 0 0 0 0 0 26 0 0 0 0 0 0 0 0 0 0 0 0 0 0 0 51 0 0 0 0 0 16 0 0 0 0 0 0 0 0 0 0 0 0 0 0 0 0 0 0 0 0 0 0 0 0 0 0 0 0 0 0 0 0 0 0 0 0 0 32 0 0 0 0 0 0 0 0 0 0 0 0 0 0 0 306 0 0 26 0 0 0 0 0 0 0 0 0 0 0 0 0 0 0 0 0 0 0 51 0 0 0 0 0 0 0 0 0 0 0 64 0 0 0 0 
100 0 0 0 0 0 0 0 0 0 0 0 0 0 0 0 0 0 0 0 0 0 0 32 26 0 0 0 0 0 20 0 0 0 64 0 0 0 0 0 0 0 64 32 0 0 0 0 0 0 0 0 0 0 0 0 0 0 0 0 26 0 0 0 0 0 0 0 0 0 0 0 0 0 0 0 0 64 0 0 0 0 0 0 0 0 0 0 0 0 0 0 0 0 0 0 0 0 0 0 0 0 0 0 0 0 0 0 0 0 0 0 0 0 0 0 0 230 0 0 0 0 0 0 40 0 0 0 0 0 0 0 0 0 0 0 0 0 0 0 0 0 0 0 0 0 0 0 0 0 0 0 0 0 0 1233 0 0 0 0 0 0 0 0 0 0 0 0 0 0 0 92 0 0 0 0 0 0 0 0 0 0 0 0 0 0 0 0 0 0 0 0 0 0 0 0 0 0 0 0 51 0 0 0 0 0 26 0 0 0 0 
1288 0 0 0 0 0 0 0 0 0 0 0 0 0 863 0 0 0 0 0 61 0 16 725 340 0 32 0 0 0 180 0 0 0 200 32 0 0 0 64 0 0 0 0 0 0 0 0 51 145 0 0 0 0 0 0 0 61 0 0 40 0 26 80 0 0 0 0 0 0 0 0 0 100 0 0 318 84 0 0 0 180 80 652 0 0 0 0 0 0 226 93 13 0 0 80 0 0 151 0 0 0 128 0 13 0 0 0 0 0 0 54 0 0 0 80 0 813 0 94 0 317 0 0 278 0 0 0 0 0 13 0 0 0 0 0 0 0 0 0 0 16 0 0 51 0 0 100 40 61 0 0 83 143 196 2684 13 0 0 0 0 13 65 200 0 0 40 0 0 0 20 1124 0 0 0 0 0 0 0 0 42 40 0 0 0 0 0 0 0 0 183 32 33 0 0 0 114 0 0 0 0 0 0 0 0 0 165 0 13 62 0 
198 0 0 0 0 0 0 0 0 0 0 0 0 0 100 0 0 0 0 0 0 0 0 470 0 0 0 0 0 0 20 0 0 0 165 0 0 0 0 0 0 0 0 0 0 0 0 0 0 20 0 0 0 0 0 0 0 0 0 0 0 0 0 0 0 0 0 0 0 0 0 0 0 0 0 0 80 0 0 0 0 0 0 13 0 0 0 0 0 0 0 80 0 0 0 0 0 0 0 0 64 0 20 0 0 0 0 0 0 0 0 0 0 0 0 0 0 319 0 0 58 16 0 0 0 100 0 0 0 0 0 0 0 0 0 0 0 0 0 0 0 0 0 0 0 0 0 0 0 0 0 0 0 0 0 1300 13 0 20 0 0 0 81 0 0 0 0 0 0 0 0 104 0 0 0 0 0 0 0 0 0 26 0 40 0 0 0 0 32 0 64 0 0 0 0 0 151 0 0 0 0 0 0 0 0 80 39 0 0 102 0 
0 0 0 0 0 0 0 0 0 0 0 0 0 0 0 0 0 0 0 0 0 0 0 0 0 0 0 0 0 0 0 0 0 0 0 0 0 0 0 0 0 0 0 0 0 0 0 0 0 0 0 0 0 0 0 0 0 0 0 0 0 0 0 0 0 0 0 0 0 0 0 0 0 0 0 0 0 0 0 0 0 0 0 0 0 0 0 0 0 0 0 0 0 0 0 0 0 0 0 0 0 0 0 0 0 0 0 0 0 0 0 0 0 0 0 0 0 0 0 0 0 0 0 0 0 0 0 0 0 0 0 0 0 0 0 0 0 0 0 0 0 0 0 0 0 0 0 0 0 0 0 0 0 0 0 0 0 0 0 0 0 0 0 0 0 0 0 0 0 0 0 0 0 0 0 0 0 0 0 0 0 0 0 0 0 0 0 0 0 0 0 0 0 0 0 0 0 0 0 0 0 0 0 0 0 0 0 0 0 0 0 
0 0 0 0 0 0 0 0 0 0 0 0 0 0 0 0 0 0 0 0 0 0 0 0 0 0 0 0 0 0 0 0 0 0 0 0 0 0 0 0 0 0 0 0 0 0 0 0 0 0 0 0 0 0 0 0 0 0 0 0 0 0 0 0 0 0 0 0 0 0 0 0 0 0 0 0 0 0 0 0 0 0 0 0 0 0 0 0 0 0 0 0 0 0 0 0 0 0 0 0 0 0 0 0 0 0 0 0 0 0 0 0 0 0 0 0 0 0 0 0 0 0 0 0 0 0 0 0 0 0 0 0 0 0 0 0 0 0 0 0 0 0 0 0 0 0 0 0 0 0 0 0 0 0 0 0 0 0 0 0 0 0 0 0 0 0 0 0 0 0 0 0 0 0 0 0 0 0 0 0 0 0 0 0 0 0 0 0 0 0 0 0 0 0 0 0 0 0 0 0 0 0 0 0 0 0 0 0 0 0 0 
577 0 20 0 416 0 0 40 0 20 0 0 0 0 257 0 0 0 0 0 51 0 104 2370 0 42 0 0 0 73 336 0 0 0 442 96 0 0 115 77 0 0 0 0 0 80 0 0 93 441 80 0 0 0 0 0 0 222 0 0 0 80 77 0 26 0 39 0 0 0 0 0 0 0 0 0 784 67 40 64 0 180 100 1245 0 0 0 0 0 107 278 306 13 26 72 77 0 0 104 75 26 0 538 305 174 96 0 0 0 0 0 51 0 32 0 100 0 2438 0 432 112 104 0 0 486 500 0 46 40 0 359 0 0 0 0 0 0 0 0 0 40 0 0 26 0 61 0 0 266 20 0 13 80 141 1503 9237 311 0 42 0 0 520 0 704 0 416 0 0 0 0 0 1440 0 0 64 0 0 0 0 0 168 83 32 0 0 0 0 0 81 0 0 0 0 0 0 0 214 0 80 0 100 0 0 0 184 20 283 51 64 162 0 
57 0 0 0 0 0 0 0 0 0 0 0 0 0 0 0 0 0 0 0 20 0 0 160 0 0 0 0 0 0 13 0 0 0 16 0 0 0 0 13 0 0 0 0 0 0 0 0 0 0 0 0 0 0 0 0 0 0 0 0 0 0 0 0 0 0 13 0 0 0 0 0 0 0 0 0 16 0 0 0 0 0 0 93 0 0 0 0 0 0 0 0 0 0 0 0 0 0 0 26 0 0 0 0 0 0 0 0 0 0 0 0 0 0 0 0 0 325 0 0 26 0 0 0 52 0 0 0 0 0 0 0 0 0 0 0 0 0 0 0 0 0 0 0 0 0 0 0 0 0 0 0 0 0 200 1027 100 0 0 0 0 0 0 100 0 100 0 0 0 0 0 0 0 0 0 0 0 0 0 0 0 80 0 0 0 0 0 0 0 0 0 0 0 0 0 0 0 0 0 0 0 0 0 0 0 0 0 0 32 0 0 
0 0 0 0 0 0 0 0 0 0 0 0 0 0 0 0 0 0 0 0 0 0 0 0 0 0 0 0 0 0 0 0 0 0 0 0 0 0 0 0 0 0 0 0 0 0 0 0 0 0 0 0 0 0 0 0 0 0 0 0 0 0 0 0 0 0 0 0 0 0 0 0 0 0 0 0 0 0 0 0 0 0 0 0 0 0 0 0 0 0 0 0 0 0 0 0 0 0 0 0 0 0 0 0 0 0 0 0 0 0 0 0 0 0 0 0 0 0 0 0 0 0 0 0 0 0 0 0 0 0 0 0 0 0 0 0 0 0 0 0 0 0 0 0 0 0 0 0 0 0 0 0 0 0 0 0 0 0 0 0 0 0 0 0 0 0 0 0 0 0 0 0 0 0 0 0 0 0 0 0 0 0 0 0 0 0 0 0 0 0 0 0 0 0 0 0 0 0 0 0 0 0 0 0 0 0 0 0 0 0 0 
0 0 0 0 0 0 0 0 0 0 0 0 0 0 0 0 0 0 0 0 0 0 0 0 0 0 0 0 0 0 0 0 0 0 0 0 0 0 0 0 0 0 0 0 0 0 0 0 0 0 0 0 0 0 0 0 0 0 0 0 0 0 0 0 0 0 0 0 0 0 0 0 0 0 0 0 0 0 0 0 0 0 0 0 0 0 0 0 0 0 0 0 0 0 0 0 0 0 0 0 0 0 0 0 0 0 0 0 0 0 0 0 0 0 0 0 0 0 0 0 0 0 0 0 0 0 0 0 0 0 0 0 0 0 0 0 0 0 0 0 0 0 0 0 0 0 0 0 0 0 0 0 0 0 0 0 0 0 0 0 0 0 0 0 0 0 0 0 0 0 0 0 0 0 0 0 0 0 0 0 0 0 0 0 0 0 0 0 0 0 0 0 0 0 0 0 0 0 0 0 0 0 0 0 0 0 0 0 0 0 0 
0 0 0 0 0 0 0 0 0 0 0 0 0 0 0 0 0 0 0 0 0 0 0 0 0 0 0 0 0 0 0 0 0 0 0 0 0 0 0 13 0 0 0 0 0 0 0 0 0 0 0 0 0 0 0 0 0 0 0 0 0 0 0 0 0 0 0 0 0 0 0 0 0 0 0 0 0 0 0 0 0 0 0 0 0 0 0 0 0 0 0 0 0 0 0 0 0 0 0 0 0 0 0 0 0 0 0 0 0 0 0 0 0 0 0 0 0 26 0 0 0 0 0 0 0 0 0 0 0 0 0 0 0 0 0 0 0 0 0 0 0 0 0 0 0 0 0 0 0 0 0 0 100 0 0 40 0 0 0 0 0 0 0 0 0 0 0 0 0 0 0 0 0 0 0 0 0 0 0 0 0 0 0 0 0 0 0 0 0 0 0 0 0 0 0 0 0 0 0 0 0 0 0 0 0 0 0 0 0 0 0 
0 0 0 0 0 0 0 0 0 0 0 0 0 0 0 0 0 0 0 0 0 0 0 0 0 0 0 0 0 0 0 0 0 0 0 0 0 0 0 0 0 0 0 0 0 0 0 0 0 0 0 0 0 0 0 0 0 0 0 0 0 0 0 0 0 0 0 0 0 0 0 0 0 0 0 0 0 0 0 0 0 0 0 0 0 0 0 0 0 0 0 0 0 0 0 0 0 0 0 0 0 0 0 0 0 0 0 0 0 0 0 0 0 0 0 0 0 0 0 0 0 0 0 0 0 0 0 0 0 0 0 0 0 0 0 0 0 0 0 0 0 0 0 0 0 0 0 0 0 0 0 0 0 0 0 0 0 0 0 0 0 0 0 0 0 0 0 0 0 0 0 0 0 0 0 0 0 0 0 0 0 0 0 0 0 0 0 0 0 0 0 0 0 0 0 0 0 0 0 0 0 0 0 0 0 0 0 0 0 0 0 
404 0 0 0 0 0 0 0 0 0 0 0 0 0 0 0 0 0 0 0 0 0 20 599 0 32 0 0 0 0 131 0 0 0 204 0 0 0 0 0 0 0 0 0 0 13 0 0 0 20 0 0 0 0 0 0 0 0 0 0 0 0 40 0 0 0 40 0 0 0 0 0 0 0 0 0 13 0 0 0 0 0 0 223 0 0 0 0 0 0 0 0 0 40 0 0 0 0 0 0 0 0 13 112 0 0 0 0 0 0 0 40 0 32 0 20 0 856 16 0 0 32 0 0 26 26 0 0 0 0 0 0 0 0 0 0 0 0 0 0 0 0 0 0 0 0 16 0 0 0 0 16 180 64 127 2867 100 100 100 0 0 0 77 32 0 100 16 0 0 0 0 86 0 0 0 0 0 0 0 0 0 26 0 0 0 0 0 0 20 0 0 0 40 0 0 0 102 0 0 0 80 0 0 0 32 13 92 0 0 141 0 
26 0 0 0 0 0 0 0 0 0 0 0 0 0 0 0 0 0 0 0 0 0 0 0 0 20 0 0 0 0 0 0 0 0 0 0 0 0 0 0 0 0 0 0 0 0 0 0 0 16 0 0 0 0 0 0 0 0 0 0 0 0 0 0 0 0 0 0 0 0 0 0 0 0 0 0 0 0 0 0 0 0 0 52 0 0 0 0 0 0 0 13 0 0 0 0 0 0 0 0 0 0 0 0 0 0 0 0 0 0 0 0 0 0 0 0 0 16 0 0 0 0 0 0 0 16 0 100 0 0 0 13 0 0 0 0 0 0 0 0 0 0 0 0 0 0 0 0 0 0 0 0 0 0 0 131 100 0 0 0 0 0 0 0 0 0 0 0 0 0 0 80 0 0 0 0 0 0 0 0 0 0 100 0 0 0 0 0 0 0 0 0 0 0 0 0 141 0 0 0 0 0 100 0 0 0 0 0 0 51 0 
930 0 0 0 80 13 0 0 0 32 33 0 0 0 220 0 0 0 0 0 72 0 102 1477 13 13 64 0 16 20 495 0 0 0 382 0 0 0 26 26 64 0 0 0 0 0 0 0 64 199 0 0 0 0 0 0 0 20 0 0 0 0 80 0 0 0 51 0 0 0 0 0 0 32 0 0 603 234 0 0 0 0 0 1489 0 0 0 0 0 93 184 0 0 0 26 53 0 0 141 64 72 0 90 20 13 0 51 0 0 0 0 0 0 0 0 32 0 2357 0 104 20 202 0 0 344 0 51 0 20 0 0 0 0 0 0 0 0 0 0 0 0 0 0 0 0 16 51 0 147 115 0 0 13 152 227 1639 72 40 0 0 0 78 13 67 0 72 0 0 0 0 0 1120 0 0 0 0 0 40 0 0 0 0 0 0 0 0 0 0 32 0 200 0 0 64 0 0 714 0 0 0 209 0 0 0 0 0 224 40 40 112 0 
12239 80 184 0 620 123 0 140 222 139 1322 263 0 0 4071 163 0 0 0 0 485 77 1692 9678 453 561 80 0 145 120 4010 40 0 0 4933 381 0 0 0 257 121 0 32 80 100 180 30 239 894 3690 387 117 0 169 0 0 100 666 0 0 419 147 955 195 137 296 425 0 0 215 0 64 0 496 0 106 5927 1791 0 0 0 276 771 13141 80 182 0 0 220 709 4879 540 190 341 636 870 0 0 1913 437 632 0 2473 901 917 610 98 112 0 0 435 1323 20 13 64 628 0 19307 329 2645 1218 2200 0 0 924 1761 83 279 936 0 1194 84 0 0 0 0 0 0 0 0 279 86 0 550 200 259 0 100 4513 559 0 224 1307 1618 5245 37207 1632 409 1900 100 215 561 1895 2078 0 819 937 350 276 0 190 17557 80 121 601 0 0 200 13 0 1376 915 147 131 64 0 0 16 664 129 2111 16 818 0 33 117 3430 0 395 0 1506 0 196 0 399 430 5754 238 300 1370 0 
0 0 0 0 0 0 0 0 0 0 0 0 0 0 0 0 0 0 0 0 0 0 0 177 0 13 0 0 0 0 408 0 0 0 80 0 0 0 0 0 0 0 0 0 0 64 0 0 32 20 0 0 0 0 0 0 0 40 0 0 0 0 40 0 0 0 0 0 0 0 0 0 0 0 0 0 66 13 0 0 0 0 0 486 0 0 0 0 0 120 42 0 0 40 0 40 0 0 0 0 40 0 41 32 0 0 0 0 0 0 0 0 0 0 0 0 0 369 0 16 26 64 0 0 92 0 0 51 51 32 20 0 0 0 0 0 0 0 0 0 0 0 0 0 0 0 0 0 0 0 0 0 0 46 51 858 0 0 80 0 0 40 40 32 0 0 51 0 0 0 0 378 0 0 0 0 0 0 0 0 0 0 13 0 0 0 0 0 51 0 0 0 32 0 0 0 237 0 20 0 0 0 0 0 13 0 53 0 16 26 0 
281 0 0 0 180 0 0 0 0 16 0 0 0 0 13 0 0 0 0 0 0 0 51 335 0 83 0 0 0 0 39 0 0 0 200 0 0 0 0 32 0 0 0 0 0 0 80 20 0 0 26 0 0 0 0 0 0 51 0 0 0 26 0 0 0 0 0 0 0 0 81 0 0 0 0 0 190 47 32 0 0 0 0 510 0 0 0 0 0 32 186 64 16 302 16 67 0 0 0 20 26 0 200 0 0 0 0 0 0 0 20 49 0 0 0 0 0 759 0 128 0 232 0 0 544 1564 0 0 0 13 0 312 0 0 0 0 0 0 0 0 0 147 0 0 0 51 26 0 0 0 0 0 0 224 320 918 40 0 64 0 0 80 64 0 0 0 0 26 0 0 0 684 0 0 53 0 0 0 0 0 26 0 0 0 0 0 0 0 96 144 16 0 0 0 0 0 53 0 32 0 192 0 64 0 0 0 91 0 58 51 0 
0 0 0 0 16 0 0 0 0 0 0 0 0 0 0 0 0 0 0 0 0 0 26 0 0 0 0 0 32 0 0 0 0 0 164 0 0 0 0 0 0 0 0 0 0 0 0 0 0 16 0 0 0 0 0 0 0 92 0 0 0 0 0 0 0 0 0 0 0 0 0 0 0 0 0 0 0 0 0 0 0 0 0 0 0 0 0 0 0 0 0 0 0 0 0 0 0 0 0 0 0 0 0 0 0 0 0 0 0 0 0 0 0 0 0 0 0 0 0 32 0 0 0 0 0 0 0 0 0 0 0 0 0 0 0 0 0 0 0 0 0 0 0 0 0 0 0 0 0 0 0 0 0 0 64 80 40 0 0 0 0 0 26 0 0 0 0 0 0 0 80 264 0 0 0 0 0 0 0 0 0 0 0 0 0 0 0 0 0 0 0 0 0 0 0 0 0 0 0 0 51 0 80 0 0 0 100 13 0 0 0 
0 0 0 0 0 0 0 0 0 0 0 0 0 0 0 0 0 0 0 0 0 0 0 0 0 0 0 0 0 0 0 0 0 0 0 0 0 0 0 0 0 0 0 0 0 0 0 0 0 0 0 0 0 0 0 0 0 0 0 0 0 0 0 0 0 0 0 0 0 0 0 0 0 0 0 0 0 0 0 0 0 0 0 0 0 0 0 0 0 0 0 0 0 0 0 0 0 0 0 0 0 0 0 0 0 0 0 0 0 0 0 0 0 0 0 0 0 0 0 0 0 0 0 0 0 0 0 0 0 0 0 0 0 0 0 0 0 0 0 0 0 0 0 0 0 0 0 0 0 0 0 0 0 0 0 0 0 0 0 0 0 0 0 0 0 0 0 0 0 0 0 0 0 0 0 0 0 0 0 0 0 0 0 0 0 0 0 0 0 0 0 0 0 0 0 0 0 0 0 0 0 0 0 0 0 0 0 0 0 0 0 
20 0 0 0 224 0 0 0 0 0 0 0 0 0 80 0 0 0 0 0 0 0 0 30 0 0 0 0 0 0 16 0 0 0 206 0 0 0 0 0 0 0 0 0 0 0 0 0 40 0 0 0 0 0 0 0 0 51 0 0 0 0 0 0 0 0 0 0 0 0 0 0 0 0 0 0 100 0 0 0 0 0 0 164 0 0 0 0 0 0 20 0 40 0 0 0 0 0 0 0 0 0 0 0 0 67 0 0 0 0 0 0 0 0 0 0 0 100 0 0 0 0 0 0 0 0 0 0 0 0 0 0 0 0 0 0 0 0 0 0 0 0 0 0 0 0 0 0 0 16 0 0 51 0 126 180 0 64 0 0 0 0 100 26 0 0 0 0 0 0 0 164 0 0 0 0 0 0 0 0 0 20 0 0 0 0 0 0 0 0 0 0 0 0 0 0 0 0 0 0 0 0 0 0 0 0 0 0 0 0 0 
0 0 0 0 0 0 0 0 0 0 0 0 0 0 0 0 0 0 0 0 0 0 0 64 0 0 0 0 0 0 64 0 0 0 0 0 0 0 0 0 0 0 0 0 0 0 0 0 0 0 0 0 0 0 0 0 0 20 0 0 0 0 0 0 0 0 0 0 0 0 0 0 0 0 0 0 80 16 0 0 0 0 0 0 0 0 0 0 0 0 13 0 0 0 0 0 0 0 0 0 0 0 26 0 0 0 0 0 0 0 0 0 0 0 0 0 0 0 0 0 0 0 0 0 0 0 0 0 0 0 0 0 0 0 0 0 0 0 0 0 0 0 0 0 0 0 0 0 0 100 0 0 0 0 32 100 0 0 0 0 0 0 0 0 0 0 40 0 0 0 0 0 0 0 0 0 0 0 0 0 0 0 0 0 0 0 0 0 0 0 0 0 0 0 0 0 0 0 0 0 0 0 0 0 0 0 0 0 0 0 0 
8233 0 0 0 0 0 0 0 0 83 183 40 0 0 496 0 0 0 0 0 0 0 1239 3002 40 129 51 0 13 0 3860 0 0 0 839 104 0 0 0 686 67 0 0 0 0 80 0 13 202 522 0 0 0 0 0 0 0 705 0 0 64 100 80 0 0 167 152 0 0 0 0 0 0 88 0 0 1441 476 0 0 0 0 644 2848 0 26 0 0 0 166 1654 301 0 212 34 296 0 0 619 51 823 0 252 359 715 213 0 0 0 20 0 142 100 100 0 92 0 4592 40 560 77 1388 0 51 382 164 0 320 230 0 0 0 0 0 0 0 0 0 0 0 80 0 0 40 0 195 0 13 116 104 0 0 84 74 702 8633 442 32 112 16 0 0 367 664 0 116 468 32 0 0 0 3402 0 0 77 0 0 16 0 0 102 83 0 64 0 0 0 0 51 0 37 0 40 0 0 16 240 0 0 0 221 0 0 0 77 0 671 0 32 429 0 
0 0 0 0 0 0 0 0 0 0 0 0 0 0 100 0 0 0 0 0 0 0 0 0 0 51 0 0 0 0 0 0 0 0 0 0 0 0 0 0 0 0 0 0 0 0 0 0 0 100 0 0 0 0 0 0 0 0 0 0 0 0 0 0 0 0 0 0 0 0 0 0 0 0 0 0 0 0 0 0 0 0 0 0 0 0 0 0 0 64 0 0 0 61 0 0 0 0 0 0 0 0 0 0 0 0 0 0 0 0 0 0 0 0 0 0 0 32 0 64 0 0 0 0 26 0 0 0 0 0 0 0 0 0 0 0 0 0 0 0 0 0 0 0 0 0 0 0 0 0 0 0 0 0 0 51 0 0 0 0 0 0 0 0 0 0 0 0 0 0 0 0 0 0 0 0 0 0 0 0 0 0 0 0 0 0 0 0 0 0 0 0 0 0 0 0 0 0 0 0 0 0 0 0 0 0 0 0 0 0 0 
0 0 0 0 0 0 0 0 0 0 0 0 0 0 0 0 0 0 0 0 0 0 0 0 0 0 0 0 0 0 0 0 0 0 0 0 0 0 0 0 0 0 0 0 0 0 0 0 0 0 0 0 0 0 0 0 0 0 0 0 0 0 0 0 0 0 0 0 0 0 0 0 0 0 0 0 0 0 0 0 0 0 0 0 0 0 0 0 0 0 0 0 0 0 0 0 0 0 0 0 0 0 0 0 0 0 0 0 0 0 0 0 0 0 0 0 0 0 0 0 0 0 0 0 0 0 0 0 0 0 0 0 0 0 0 0 0 0 0 0 0 0 0 0 0 0 0 0 0 0 0 0 0 0 0 0 0 0 0 0 0 0 0 0 0 0 0 0 0 0 0 0 0 0 0 0 0 0 0 0 0 0 0 0 0 0 0 0 0 0 0 0 0 0 0 0 0 0 0 0 0 0 0 0 0 0 0 0 0 0 0 
0 0 0 0 0 0 0 0 0 0 0 0 0 0 0 0 0 0 0 0 0 0 0 0 0 0 0 0 0 0 0 0 0 0 0 0 0 0 0 0 0 0 0 0 0 0 0 0 0 0 0 0 0 0 0 0 0 0 0 0 0 0 0 0 0 0 0 0 0 0 0 0 0 0 0 0 0 0 0 0 0 0 0 0 0 0 0 0 0 0 0 0 0 0 0 0 0 0 0 0 0 0 0 0 0 0 0 0 0 0 0 0 0 0 0 0 0 0 0 0 0 0 0 0 0 0 0 0 0 0 0 0 0 0 0 0 0 0 0 0 0 0 0 0 0 0 0 0 0 0 0 0 0 0 0 0 0 0 0 0 0 0 0 0 0 0 0 0 0 0 0 0 0 0 0 0 0 0 0 0 0 0 0 0 0 0 0 0 0 0 0 0 0 0 0 0 0 0 0 0 0 0 0 0 0 0 0 0 0 0 0 
5951 20 0 0 120 64 0 0 0 32 80 32 0 0 1537 53 0 0 0 0 170 80 963 4965 64 701 0 0 0 64 1179 0 0 0 875 72 0 0 16 65 0 0 0 0 80 0 0 51 178 782 80 0 0 0 0 0 26 98 0 0 96 0 32 100 0 0 361 0 0 0 0 0 0 199 0 0 1108 604 0 0 0 83 0 2926 64 0 0 0 0 314 748 132 0 40 0 456 0 0 207 0 100 0 94 270 131 121 228 0 0 0 113 61 0 0 0 40 0 5067 51 989 3247 779 0 26 566 118 40 182 153 0 249 20 0 0 0 0 16 0 0 0 0 0 0 190 0 32 40 16 499 183 0 80 304 86 1434 15028 220 20 280 0 40 32 13 1196 0 33 64 0 0 0 144 3778 0 0 106 0 0 64 0 0 208 198 64 0 64 0 0 0 200 226 659 0 350 0 0 64 718 0 134 0 463 0 64 0 124 77 996 52 32 203 0 
579 0 0 0 0 0 0 0 0 100 0 0 0 0 0 0 0 0 0 0 13 0 0 404 0 13 0 0 0 0 80 0 0 0 902 0 0 0 0 51 0 0 0 0 0 0 0 0 13 100 0 0 0 0 0 0 0 0 0 0 0 0 0 0 0 0 0 0 0 0 0 0 0 0 0 0 183 457 0 0 0 0 0 267 0 0 0 0 0 0 144 0 0 0 0 80 0 0 0 0 0 0 40 0 0 0 0 0 0 0 0 0 0 0 0 0 0 352 0 100 64 32 0 0 0 0 0 0 0 0 0 0 0 0 0 0 0 0 0 0 0 0 0 0 0 0 0 0 0 0 0 0 0 16 0 706 0 0 0 0 0 0 0 0 0 0 0 0 0 0 64 213 0 0 0 0 0 0 0 0 64 0 0 0 0 0 0 0 0 0 64 0 0 0 0 0 0 0 64 0 0 0 0 0 0 104 164 0 0 0 0 
0 0 0 0 0 0 0 0 0 0 0 0 0 0 0 0 0 0 0 0 0 0 0 0 0 0 0 0 0 0 0 0 0 0 0 0 0 0 0 0 0 0 0 0 0 0 0 0 0 0 0 0 0 0 0 0 0 0 0 0 0 0 0 0 0 0 0 0 0 0 0 0 0 0 0 0 0 0 0 0 0 0 0 0 0 0 0 0 0 0 0 0 0 0 0 0 0 0 0 0 0 0 0 0 0 0 0 0 0 0 0 0 0 0 0 0 0 0 0 0 0 0 0 0 0 0 0 0 0 0 0 0 0 0 0 0 0 0 0 0 0 0 0 0 0 0 0 0 0 0 0 0 0 0 0 0 0 0 0 0 0 0 0 0 0 0 0 0 0 0 0 0 0 0 0 0 0 0 0 0 0 0 0 0 0 0 0 0 0 0 0 0 0 0 0 0 0 0 0 0 0 0 0 0 0 0 0 0 0 0 0 
0 0 0 0 0 0 0 0 0 0 0 0 0 0 0 0 0 0 0 0 0 0 0 0 0 0 0 0 0 0 0 0 0 0 0 0 0 0 0 0 0 0 0 0 0 0 0 0 0 0 0 0 0 0 0 0 0 0 0 0 0 0 0 0 0 0 0 0 0 0 0 0 0 0 0 0 0 0 0 0 0 0 0 0 0 0 0 0 0 0 0 0 0 0 0 0 0 0 0 0 0 0 0 0 0 0 0 0 0 0 0 0 0 0 0 0 0 0 0 0 0 0 0 0 0 0 0 0 0 0 0 0 0 0 0 0 0 0 0 0 0 0 0 0 0 0 0 0 0 0 0 0 0 0 0 0 0 0 0 0 0 0 0 0 0 0 0 0 0 0 0 0 0 0 0 0 0 0 0 0 0 0 0 0 0 0 0 0 0 0 0 0 0 0 0 0 0 0 0 0 0 0 0 0 0 0 0 0 0 0 0 
16 0 0 0 0 0 0 0 0 0 0 0 0 0 0 0 0 0 0 0 0 0 0 139 0 0 0 0 0 0 0 0 0 0 0 0 0 0 0 0 0 0 0 0 0 0 0 0 0 0 0 0 0 0 0 0 0 0 0 0 0 0 0 0 0 0 0 0 0 0 0 0 0 0 0 0 32 0 0 0 0 0 0 52 0 0 0 0 0 0 264 0 0 0 0 49 0 0 0 16 0 0 0 0 64 0 0 0 0 0 0 0 0 0 0 0 0 100 0 0 0 0 0 0 0 0 0 0 0 0 0 0 0 0 0 0 0 0 0 0 26 0 0 0 0 0 0 0 131 0 0 0 0 0 0 277 0 0 0 0 0 0 0 0 0 0 0 16 0 0 0 0 0 0 0 0 0 0 0 0 0 0 0 0 0 0 0 0 20 0 0 0 0 0 0 0 34 0 0 0 0 0 0 0 0 0 0 0 0 0 0 
421 0 0 0 0 0 0 0 0 0 0 0 0 0 0 0 0 0 0 0 0 20 120 650 0 64 0 0 0 0 150 0 0 0 49 64 0 0 0 0 0 0 0 0 0 0 0 0 40 180 0 0 0 0 0 0 0 80 0 0 40 0 0 64 0 0 80 0 0 0 0 0 0 0 0 0 0 0 0 0 0 32 0 372 0 0 0 0 0 0 51 0 0 77 0 0 0 0 0 0 0 0 30 0 0 0 0 0 0 0 0 64 0 0 0 51 0 536 0 154 16 26 0 0 132 0 0 40 164 0 0 13 0 0 0 0 0 0 0 0 0 40 0 0 0 0 0 160 104 80 0 0 96 0 129 2248 244 0 0 0 0 0 20 58 0 0 0 0 0 0 0 595 0 0 0 0 0 0 0 0 32 16 0 0 0 0 0 0 0 0 0 0 32 0 0 0 112 0 120 0 26 0 0 0 0 0 72 0 0 26 0 
32 0 0 0 0 0 0 0 0 0 0 0 0 0 0 0 0 0 0 0 0 0 0 20 0 0 0 0 0 0 115 0 0 0 0 0 0 0 0 0 0 0 0 0 0 0 0 0 100 0 0 0 0 0 0 0 0 0 0 0 0 0 0 0 0 0 0 0 0 0 0 0 0 26 0 0 0 0 0 0 0 0 0 213 0 0 0 0 0 0 0 0 0 0 0 0 0 0 0 0 0 0 0 0 0 0 0 0 0 0 0 0 0 0 0 0 0 92 0 51 0 51 0 0 0 80 0 0 0 0 0 0 0 0 0 0 0 0 0 0 0 0 0 0 0 0 0 0 0 0 0 0 80 0 0 343 126 0 0 0 0 0 0 0 0 0 0 0 0 0 0 0 0 0 0 0 0 0 0 0 0 0 0 0 0 0 0 0 0 0 100 0 0 0 0 0 0 0 0 0 0 0 0 0 0 0 140 0 0 0 0 
0 0 0 0 0 0 0 0 0 0 0 0 0 0 0 0 0 0 0 0 0 0 0 0 0 0 0 0 0 0 0 0 0 0 0 0 0 0 0 0 0 0 0 0 0 0 0 0 0 0 0 0 0 0 0 0 0 0 0 0 0 0 0 0 0 0 0 0 0 0 0 0 0 0 0 0 0 0 0 0 0 0 0 0 0 0 0 0 0 0 0 0 0 0 0 0 0 0 0 0 0 0 0 0 0 0 0 0 0 0 0 0 0 0 0 0 0 0 0 0 0 0 0 0 0 0 0 0 0 0 0 0 0 0 0 0 0 0 0 0 0 0 0 0 0 0 0 0 0 0 0 0 0 0 0 100 0 0 0 0 0 0 0 0 0 0 0 0 0 0 0 0 0 0 0 0 0 0 0 0 0 0 0 0 0 0 0 0 0 0 0 0 0 0 0 0 0 0 0 0 0 0 0 0 0 0 0 0 0 0 0 
0 0 0 0 0 0 0 0 0 0 0 0 0 0 0 0 0 0 0 0 0 0 0 0 0 0 0 0 0 0 0 0 0 0 40 0 0 0 0 0 0 0 0 0 0 0 0 0 0 0 0 0 0 0 0 0 0 0 0 0 0 0 0 0 0 0 0 0 0 0 0 0 0 0 0 0 0 0 0 0 0 0 0 0 0 0 0 0 0 0 0 0 0 0 0 0 0 0 0 0 0 0 0 0 0 0 0 0 0 0 0 0 0 0 0 0 0 40 0 0 0 0 0 0 26 0 0 0 0 0 16 0 0 0 0 0 0 0 0 0 0 0 0 0 0 0 0 0 0 0 0 0 0 0 0 313 0 0 0 0 0 0 0 0 0 0 0 0 0 0 0 0 0 0 0 0 0 0 0 0 0 0 0 0 0 0 0 0 0 0 0 0 0 0 0 0 0 0 0 0 0 0 0 0 0 0 0 0 0 0 0 
0 0 0 0 0 0 0 0 0 0 0 0 0 0 0 0 0 0 0 0 0 0 0 20 0 0 0 0 0 0 0 0 0 0 0 0 0 0 0 0 0 0 0 0 0 0 0 0 0 0 0 0 0 0 0 0 0 0 0 0 0 0 0 0 0 0 0 0 0 0 0 0 0 0 0 0 0 0 0 0 0 0 0 0 0 0 0 0 0 0 0 26 0 0 0 0 0 0 0 0 0 0 0 0 0 0 0 0 0 0 0 0 0 0 0 0 0 40 0 0 0 0 0 0 51 0 0 0 0 0 0 0 0 0 0 0 0 0 0 0 0 0 0 0 0 0 0 0 0 0 0 0 0 0 0 342 0 0 0 0 0 0 0 0 0 0 0 0 0 0 0 40 0 0 0 0 0 0 0 0 0 0 0 0 0 0 0 0 0 0 0 0 0 0 0 0 32 0 0 0 0 0 0 0 0 0 40 0 0 0 0 
64 0 0 0 0 0 0 0 0 0 0 0 0 0 0 0 0 0 0 0 0 0 0 119 0 0 0 0 0 0 0 0 0 0 0 0 0 0 0 0 0 0 0 0 0 0 0 0 0 0 0 0 0 0 0 0 0 0 0 0 0 0 0 0 0 0 0 0 0 0 0 0 0 0 0 0 0 0 0 0 0 0 0 72 0 0 0 0 0 0 0 100 0 0 0 0 0 0 112 0 0 0 0 0 0 0 0 0 0 0 0 0 0 0 0 0 0 147 0 0 0 0 0 0 0 0 0 0 0 0 0 0 0 0 0 0 0 0 0 0 0 0 0 0 0 0 0 0 0 0 0 0 0 0 0 348 0 0 51 0 0 0 0 0 0 0 0 0 0 0 0 16 0 0 0 0 0 0 0 0 80 0 0 0 0 0 0 0 0 0 0 0 0 0 0 0 0 0 0 0 0 0 0 0 0 0 0 0 0 0 0 
103 0 0 0 0 0 0 0 0 0 80 0 0 0 32 0 0 0 0 0 0 0 51 620 0 0 0 0 0 0 0 0 0 0 0 0 0 0 0 0 0 0 0 0 0 0 0 0 0 0 0 0 0 0 0 0 0 0 0 0 0 0 0 0 0 0 0 0 0 0 0 0 0 0 0 0 51 0 0 0 0 0 0 58 0 0 0 0 0 32 0 0 0 0 0 40 0 0 0 0 0 0 0 0 0 51 0 0 0 0 0 0 0 0 0 0 0 240 0 39 0 0 0 0 0 0 0 0 0 0 0 0 0 0 0 0 0 0 0 0 0 0 0 0 0 20 0 0 0 0 0 0 0 0 64 886 600 0 0 0 0 0 0 0 0 100 0 0 0 0 0 51 0 0 0 0 0 0 0 0 0 0 0 0 0 0 0 0 0 0 0 0 0 0 0 0 0 0 81 0 0 0 0 0 0 0 84 0 0 0 0 
216 0 0 0 0 0 0 0 0 0 0 0 0 0 0 0 0 0 0 0 0 0 0 20 0 0 0 0 100 0 0 0 0 0 0 0 0 0 0 0 0 0 0 0 0 0 0 0 0 0 0 0 0 0 0 0 0 40 0 0 0 0 0 0 0 0 0 0 0 0 0 0 0 0 0 0 0 0 0 0 0 0 0 0 0 0 0 0 0 0 0 0 0 0 0 0 0 0 0 0 0 0 0 0 0 0 0 0 0 0 0 0 0 0 0 0 0 0 0 51 0 0 0 32 0 0 0 0 0 20 0 0 0 0 0 0 0 0 0 0 0 0 0 0 0 0 0 0 0 0 0 0 0 0 20 237 0 51 0 0 0 0 0 0 0 0 0 0 0 0 0 92 0 0 0 0 0 0 0 0 0 0 0 0 0 0 0 0 0 0 0 0 0 0 0 0 0 0 0 0 0 0 0 0 0 0 0 0 0 0 0 
64 0 0 0 0 0 0 0 0 0 0 0 0 0 16 0 0 0 0 0 0 0 0 322 0 0 0 0 0 0 20 0 0 0 80 0 0 0 0 40 0 0 0 0 0 0 0 0 0 93 0 0 0 0 0 0 0 0 0 0 0 0 84 0 0 0 0 0 0 0 0 0 0 0 0 0 46 26 0 0 0 80 0 295 0 0 0 0 0 0 0 0 26 20 0 0 0 0 0 0 0 0 32 0 0 40 0 0 0 0 0 0 0 0 0 0 0 466 0 0 0 0 0 0 39 0 0 0 20 0 0 0 0 0 0 0 0 0 0 0 0 0 0 0 0 0 0 0 0 26 0 0 0 0 0 564 0 0 0 0 0 300 0 51 0 0 0 0 0 0 0 222 0 0 0 0 0 0 0 0 0 80 0 0 0 0 0 0 0 0 0 0 0 0 0 0 80 0 0 0 0 0 80 0 0 0 40 0 0 0 0 
3164 0 0 0 300 0 0 32 0 0 541 72 0 0 275 0 0 0 0 0 26 0 414 1414 96 160 40 0 64 0 1120 0 0 0 1716 195 0 0 0 100 40 0 0 0 0 0 0 20 0 428 0 0 0 0 0 0 0 286 0 0 105 13 100 0 0 92 80 40 0 0 0 0 0 180 0 0 1172 353 16 0 0 100 539 2747 80 0 0 0 0 88 2362 0 64 200 94 483 0 0 32 141 20 0 285 118 225 428 0 0 0 26 0 274 51 0 0 132 0 2341 0 637 126 500 0 0 82 90 0 49 80 0 51 32 51 0 0 0 0 0 0 0 0 80 0 0 0 20 0 64 545 249 0 58 250 142 1055 5157 219 64 134 0 32 240 886 401 0 16 364 20 0 0 0 3765 0 64 32 0 0 0 0 0 90 218 20 26 0 0 0 0 429 0 672 120 67 0 0 0 476 0 300 0 280 0 26 0 96 96 485 0 0 281 0 
3030 100 0 0 117 0 0 0 0 0 80 16 0 0 686 65 0 0 0 0 58 0 484 3473 126 532 64 0 0 0 444 0 0 0 461 0 0 0 0 16 0 0 0 0 0 54 0 100 85 233 40 0 0 100 0 0 0 141 0 0 72 20 13 0 0 13 40 0 0 0 0 100 0 74 0 100 711 322 0 40 0 0 0 1714 0 0 0 0 0 174 383 474 0 77 61 51 0 0 208 0 56 0 94 190 32 16 0 0 0 32 180 600 0 0 0 51 0 3336 0 172 80 267 0 0 830 397 0 41 538 0 32 26 0 0 0 0 0 0 0 0 0 0 0 40 0 51 0 0 275 51 0 0 192 412 954 9510 286 73 73 0 0 51 100 964 0 263 26 0 37 0 104 2287 0 0 40 0 0 0 0 0 159 141 0 0 0 0 0 0 174 0 0 0 13 0 0 0 930 0 52 0 131 0 126 0 92 64 434 0 210 70 0 
243 0 0 0 0 0 0 0 0 0 64 0 0 0 0 0 0 0 0 0 0 0 13 67 0 233 0 0 0 0 26 0 0 0 26 0 0 0 0 0 0 0 0 0 0 0 0 0 51 100 0 0 0 0 0 0 0 13 0 0 0 0 0 0 0 0 0 0 0 0 0 0 0 0 0 0 126 51 0 0 0 0 40 141 0 0 0 0 0 51 0 0 0 0 0 0 0 0 13 0 0 0 26 0 0 64 0 0 80 0 0 80 0 0 0 80 0 202 0 0 0 51 0 0 0 0 0 0 51 0 0 0 0 0 0 0 0 0 0 0 0 0 0 0 26 0 0 0 67 20 0 0 40 20 93 372 13 0 0 0 0 0 16 64 0 0 0 0 0 0 0 386 0 0 0 0 0 0 0 0 0 0 0 0 0 0 0 0 51 0 0 0 0 0 0 0 78 0 0 0 0 0 0 0 0 0 186 0 0 0 0 
0 0 0 0 0 0 0 0 0 0 0 0 0 0 80 0 0 0 0 0 0 0 0 47 0 0 0 0 0 0 0 0 0 0 0 0 0 0 0 0 0 0 0 0 0 0 0 0 0 0 0 0 0 0 0 0 0 0 0 0 0 0 0 0 0 0 0 0 0 0 0 0 0 0 0 0 0 0 0 0 0 0 0 80 0 0 0 0 0 0 0 0 0 0 0 0 0 0 0 0 0 0 0 0 0 0 0 0 0 0 0 0 0 0 0 0 0 192 0 0 0 0 0 0 40 0 0 0 0 0 0 0 0 0 0 0 0 0 0 0 0 0 32 0 0 0 0 0 0 0 0 0 0 0 244 234 0 0 0 0 0 0 0 0 0 0 0 0 0 0 0 16 0 0 0 0 0 0 0 0 0 0 0 0 0 0 0 0 0 0 0 0 0 0 0 0 0 0 0 0 0 0 0 0 0 26 0 0 0 32 0 
0 0 0 0 0 0 0 0 0 0 0 0 0 0 0 0 0 0 0 0 0 0 0 0 0 0 0 0 0 0 0 0 0 0 0 0 0 0 0 0 0 0 0 0 0 0 0 0 0 0 0 0 0 0 0 0 0 0 0 0 0 0 0 0 0 0 0 0 0 0 0 0 0 0 0 0 0 0 0 0 0 0 0 0 0 0 0 0 0 0 0 0 0 0 0 0 0 0 0 0 0 0 0 0 0 0 0 0 0 0 0 0 0 0 0 0 0 0 0 0 0 0 0 0 0 0 0 0 0 0 0 0 0 0 0 0 0 0 0 0 0 0 0 0 0 0 0 0 0 0 0 0 0 0 0 0 0 0 0 0 0 0 0 0 0 0 0 0 0 0 0 0 0 0 0 0 0 0 0 0 0 0 0 0 0 0 0 0 0 0 0 0 0 0 0 0 0 0 0 0 0 0 0 0 0 0 0 0 0 0 0 
0 0 0 0 0 0 0 0 0 0 0 0 0 0 32 0 0 0 0 0 0 0 0 178 0 0 0 0 0 0 13 0 0 0 80 0 0 0 0 0 0 0 0 0 0 0 0 0 0 364 0 0 0 0 0 0 0 0 0 0 0 0 0 0 0 0 0 0 0 0 0 0 0 0 0 0 0 0 0 0 0 0 0 154 0 0 0 0 0 0 0 0 0 0 0 0 0 0 0 0 0 0 0 0 0 0 0 0 0 0 0 0 0 0 0 0 0 139 0 0 0 0 0 0 0 0 0 0 0 0 0 0 0 0 0 0 0 0 0 0 0 0 0 0 0 0 0 0 64 0 0 0 16 0 51 227 0 0 26 0 0 0 0 0 0 0 0 0 0 0 0 219 0 0 100 0 0 0 0 0 0 0 0 0 0 0 0 0 0 0 0 0 0 0 0 0 64 0 0 0 0 0 0 0 0 0 192 0 0 0 0 
0 0 0 0 0 0 0 0 0 0 0 0 0 0 0 0 0 0 0 0 0 0 0 0 0 0 0 0 0 0 0 0 0 0 0 0 0 0 0 0 0 0 0 0 0 0 0 0 0 0 0 0 0 0 0 0 0 0 0 0 0 0 0 0 0 0 0 0 0 0 0 0 0 0 0 0 0 0 0 0 0 0 0 0 0 0 0 0 0 0 0 0 0 0 0 0 0 0 0 0 0 0 0 0 0 0 0 0 0 0 0 0 0 0 0 0 0 0 0 0 0 0 0 0 0 0 0 0 0 0 0 0 0 0 0 0 0 0 0 0 0 0 0 0 0 0 0 0 0 0 0 0 0 0 0 0 0 0 0 0 0 0 0 0 0 0 0 0 0 0 0 0 0 0 0 0 0 0 0 0 0 0 0 0 0 0 0 0 0 0 0 0 0 0 0 0 0 0 0 0 0 0 0 0 0 0 0 0 0 0 0 
0 0 0 0 0 0 0 0 0 0 0 0 0 0 0 0 0 0 0 0 0 0 0 0 0 0 0 0 0 0 0 0 0 0 0 0 0 0 0 0 0 0 0 0 0 0 0 0 0 0 0 0 0 0 0 0 0 0 0 0 0 0 0 0 0 0 0 0 0 0 0 0 0 0 0 0 0 0 0 0 0 0 0 0 0 0 0 0 0 0 0 0 0 0 0 0 0 0 0 0 0 0 0 0 0 0 0 0 0 0 0 0 0 0 0 0 0 0 0 0 0 0 0 0 0 0 0 0 0 0 0 0 0 0 0 0 0 0 0 0 0 0 0 0 0 0 0 0 0 0 0 0 0 0 0 0 0 0 0 0 0 0 0 0 0 0 0 0 0 0 0 0 0 0 0 0 0 0 0 0 0 0 0 0 0 0 0 0 0 0 0 0 0 0 0 0 0 0 0 0 0 0 0 0 0 0 0 0 0 0 0 
0 0 0 0 0 0 0 0 0 0 0 0 0 0 0 0 0 0 0 0 0 0 0 0 0 0 0 0 0 0 0 0 0 0 20 0 0 0 0 0 0 0 0 0 0 0 0 0 0 0 0 0 0 0 0 0 0 0 0 0 0 0 0 0 0 0 0 0 0 0 0 0 0 0 0 0 0 26 0 0 0 0 0 0 0 0 0 0 0 0 40 0 0 0 0 0 0 0 0 32 0 0 0 0 0 0 0 0 0 0 0 0 0 0 0 0 0 13 0 0 0 0 0 0 40 0 0 0 0 0 0 0 0 0 0 0 0 0 0 0 0 0 0 0 0 0 0 0 0 0 0 0 0 0 0 20 0 0 0 0 0 0 0 0 0 0 0 0 0 0 0 0 0 0 0 0 0 0 0 0 0 0 0 0 0 0 0 0 0 0 0 0 0 0 0 0 0 0 0 0 0 0 0 0 0 0 0 0 0 0 0 
712 0 0 0 137 0 64 0 0 120 40 0 0 0 186 0 0 0 0 0 0 0 213 628 0 131 0 0 0 0 13 0 0 0 159 80 0 0 0 0 0 0 0 0 0 0 0 0 67 213 0 0 0 0 0 0 0 51 0 0 0 0 0 0 0 40 51 0 0 0 0 0 0 128 0 51 378 123 0 0 0 40 20 748 0 0 0 0 0 345 291 0 0 0 0 92 0 0 0 0 0 0 323 148 0 0 0 0 0 0 0 359 0 0 0 80 0 372 0 131 0 13 0 0 163 26 0 0 126 0 51 0 0 0 0 0 0 0 0 0 0 20 0 80 0 32 0 0 104 0 0 0 201 129 353 1421 548 0 100 0 13 51 0 32 0 0 0 0 0 0 0 829 0 80 58 0 0 0 0 0 0 123 0 0 0 0 0 0 0 0 92 0 0 0 0 0 52 0 0 0 0 0 0 0 0 0 52 0 40 0 0 
0 0 0 0 0 0 0 0 0 0 0 0 0 0 0 0 0 0 0 0 0 0 0 0 0 0 0 0 0 0 0 0 0 0 0 0 0 0 0 0 0 0 0 0 0 0 0 0 0 0 0 0 0 0 0 0 0 0 0 0 0 0 0 0 0 0 0 0 0 0 0 0 0 0 0 0 0 0 0 0 0 0 0 0 0 0 0 0 0 0 0 0 0 0 0 0 0 0 0 0 0 0 0 0 0 0 0 0 0 0 0 0 0 0 0 0 0 0 0 0 0 0 0 0 0 0 0 0 0 0 0 0 0 0 0 0 0 0 0 0 0 0 0 0 0 0 0 0 0 0 0 0 0 0 0 0 0 0 0 0 0 0 0 0 0 0 0 0 0 0 0 0 0 0 0 0 0 0 0 0 0 0 0 0 0 0 0 0 0 0 0 0 0 0 0 0 0 0 0 0 0 0 0 0 0 0 0 0 0 0 0 
0 0 0 0 0 0 0 0 0 0 0 0 0 0 0 0 0 0 0 0 0 0 0 0 0 0 0 0 0 0 0 0 0 0 0 0 0 0 0 0 0 0 0 0 0 0 0 0 0 0 0 0 0 0 0 0 0 0 0 0 0 0 0 0 0 0 0 0 0 0 0 0 0 0 0 0 0 0 0 0 0 0 0 0 0 0 0 0 0 0 0 0 0 0 0 0 0 0 0 0 0 0 0 0 0 0 0 0 0 0 0 0 0 0 0 0 0 0 0 0 0 0 0 0 0 0 0 0 0 0 0 0 0 0 0 0 0 0 0 0 0 0 0 0 0 0 0 0 0 0 0 0 0 0 0 0 0 0 0 0 0 0 0 0 0 0 0 0 0 0 0 0 0 0 0 0 0 0 0 0 0 0 0 0 0 0 0 0 0 0 0 0 0 0 0 0 0 0 0 0 0 0 0 0 0 0 0 0 0 0 0 
420 0 0 0 32 0 0 0 0 0 0 0 0 0 40 0 0 0 0 0 0 0 16 277 0 51 0 0 0 0 83 0 0 0 16 0 0 0 0 0 0 0 0 0 0 0 0 0 40 378 32 0 0 0 0 0 0 0 0 0 0 0 0 0 0 0 0 0 0 0 0 0 0 0 0 0 106 267 0 0 0 0 0 765 0 0 0 0 0 0 20 0 0 0 0 0 0 0 26 0 16 0 64 0 0 0 0 0 0 0 0 0 0 0 0 0 0 398 0 126 0 13 0 0 16 54 0 80 0 0 20 0 0 0 0 0 0 0 0 0 0 0 0 13 0 0 32 0 0 0 0 20 51 64 106 1140 0 0 26 0 0 0 32 51 0 0 0 51 0 0 0 1265 0 0 0 0 0 0 0 0 0 0 0 0 0 0 0 0 0 0 0 0 0 0 0 0 64 0 0 0 0 0 0 0 0 0 244 0 20 0 0 
26 0 0 0 0 0 0 0 0 0 0 0 0 0 0 0 0 0 0 0 0 0 0 197 0 0 0 0 0 0 0 0 0 0 0 0 0 0 0 0 0 0 0 0 0 0 0 0 0 32 0 0 0 0 0 0 0 0 0 0 0 0 0 0 0 0 0 0 0 0 0 0 0 0 0 0 0 0 0 0 0 0 0 0 0 0 0 0 0 0 0 0 0 0 0 0 0 0 0 0 0 0 40 0 0 0 0 0 0 0 0 0 0 0 0 0 0 286 0 0 0 0 0 0 80 0 0 20 0 0 0 0 0 0 0 0 0 0 0 0 0 0 0 0 0 0 0 0 0 0 0 0 0 0 0 337 0 0 0 0 0 0 0 0 0 0 0 0 0 0 0 452 0 0 0 0 0 0 0 0 0 0 0 0 0 0 0 0 0 0 0 0 0 0 0 0 0 0 0 0 0 0 0 0 0 0 0 0 0 0 0 
265 0 0 0 13 0 0 0 0 20 0 26 0 0 700 0 0 0 0 0 0 0 32 350 0 0 0 0 0 0 16 0 0 0 261 16 0 0 0 0 0 0 0 0 0 64 0 0 51 13 0 0 0 0 0 0 0 0 0 0 0 0 13 0 0 0 32 0 0 0 0 0 0 0 0 0 94 51 20 0 0 0 0 156 0 0 0 0 26 0 51 0 0 0 0 20 0 0 100 0 0 0 0 26 37 0 0 0 0 0 80 0 0 0 0 0 0 602 0 30 0 80 0 0 13 0 0 100 20 0 0 0 0 0 0 0 0 0 0 0 0 0 0 32 0 0 0 0 0 0 0 0 0 32 392 2329 0 0 26 0 0 180 0 600 0 180 0 0 0 0 0 182 0 0 0 0 0 0 0 0 0 0 40 13 0 0 0 0 0 0 154 0 0 0 0 0 241 0 0 0 0 0 0 0 0 0 60 0 0 0 0 
51 0 0 0 0 0 0 0 0 0 0 0 0 0 20 0 0 0 0 0 0 0 0 26 0 0 0 0 0 0 0 0 0 0 0 0 0 0 0 0 0 0 0 0 0 0 0 0 0 16 0 0 0 0 0 0 0 0 0 0 0 0 0 0 0 0 16 0 0 0 0 0 0 0 0 0 20 0 0 0 0 0 0 40 0 0 0 0 0 0 0 13 0 0 0 32 0 0 0 0 0 0 0 0 0 0 0 0 0 0 0 0 0 0 0 0 0 230 0 0 0 113 0 0 40 0 0 0 0 0 0 0 0 0 0 0 0 0 0 0 0 0 0 0 0 0 0 0 0 0 0 0 0 64 0 154 80 0 0 0 0 0 80 0 0 0 0 0 0 0 0 140 0 0 0 0 0 0 0 0 0 32 0 0 0 0 0 0 0 32 0 0 0 0 0 0 0 0 0 0 0 0 13 0 0 0 0 0 0 0 0 
285 0 0 0 0 0 0 0 0 0 0 0 0 0 0 0 0 0 0 0 0 0 0 64 0 0 0 0 0 0 0 0 0 0 0 0 0 0 0 0 0 0 0 0 0 0 0 0 0 232 0 0 0 0 0 0 0 0 0 0 0 0 0 0 0 0 0 0 0 0 0 0 0 0 0 0 0 0 0 0 0 0 0 193 0 0 0 0 0 0 0 0 0 0 100 0 0 0 0 0 0 0 0 0 0 0 0 0 0 0 0 0 0 0 0 0 0 132 0 0 0 0 0 0 258 0 0 0 40 0 0 0 0 0 0 0 0 0 0 0 0 0 0 0 0 0 0 0 0 0 0 0 0 0 0 52 0 0 0 0 0 0 40 0 0 0 0 0 0 0 0 72 0 0 0 0 0 0 0 0 0 0 0 0 0 0 0 0 0 0 0 0 0 0 0 0 0 0 0 0 0 0 26 0 0 0 0 0 0 0 0 
276 0 0 0 0 0 0 0 0 0 100 0 0 0 0 0 0 0 0 0 0 0 0 53 0 0 0 0 0 0 0 0 0 0 164 0 0 0 0 0 0 0 0 0 0 0 0 0 16 132 0 0 0 0 0 0 0 32 0 0 0 0 0 0 0 0 0 0 0 0 0 0 0 51 0 0 296 0 0 0 0 0 40 189 0 0 0 0 0 40 0 0 0 0 0 40 0 0 0 0 20 0 0 0 26 0 0 0 0 0 0 0 0 0 0 0 0 206 0 32 0 51 0 0 16 0 0 0 26 0 0 0 0 0 0 0 0 0 0 0 16 0 0 0 0 0 0 0 0 16 0 0 0 0 229 620 0 0 0 0 0 0 26 64 0 0 0 0 0 0 0 1725 0 0 0 0 0 0 0 0 64 84 80 0 0 0 0 0 0 0 40 0 0 0 0 0 0 0 0 0 0 0 0 0 0 0 0 0 40 0 0 
248 0 0 0 0 0 0 0 0 0 0 13 0 0 0 0 0 0 0 0 0 0 0 580 26 0 0 0 0 0 70 0 0 0 168 0 0 0 0 64 16 0 0 0 80 26 0 0 147 211 0 0 0 0 0 0 0 0 0 0 0 0 0 32 0 0 96 0 0 0 0 0 0 49 0 0 120 237 0 0 0 0 16 397 0 51 0 0 0 32 98 96 0 0 0 16 0 0 20 0 0 0 0 40 0 0 0 0 0 0 0 13 0 0 0 20 0 1088 0 186 0 400 0 0 161 100 0 222 0 0 0 100 0 0 0 0 0 0 0 0 0 72 0 0 0 144 51 0 77 0 0 0 0 0 244 963 0 40 0 0 0 64 0 0 0 0 0 0 13 0 0 667 0 0 16 0 0 0 0 0 51 40 64 0 0 0 0 0 0 0 0 0 0 0 80 0 42 0 0 0 80 0 0 0 26 0 13 0 40 0 0 
0 0 0 0 0 0 0 0 0 0 0 0 0 0 0 0 0 0 0 0 0 0 0 40 0 0 0 0 0 0 51 0 0 0 0 0 0 0 0 0 0 0 0 0 0 0 0 0 0 0 0 0 0 0 0 0 0 0 0 0 0 0 0 0 0 0 0 0 0 0 0 0 0 0 0 0 0 100 0 0 0 0 0 0 0 0 0 0 0 0 13 0 0 0 0 0 0 0 0 0 0 0 0 0 0 0 0 0 0 0 0 0 0 0 0 0 0 0 0 0 0 0 0 0 0 0 0 40 0 0 0 0 0 0 0 0 0 0 0 0 0 0 0 0 0 0 0 0 80 0 0 0 16 0 180 90 0 0 0 0 0 0 0 64 0 0 0 0 0 0 0 0 0 0 0 0 0 0 0 0 0 0 0 0 0 0 0 0 0 0 0 0 0 0 0 0 0 0 13 0 100 0 0 0 0 40 0 26 0 0 0 
0 0 0 0 0 0 0 0 0 0 0 0 0 0 0 0 0 0 0 0 0 0 0 0 0 0 0 0 0 0 0 0 0 0 0 0 0 0 0 0 0 0 0 0 0 0 0 0 0 0 0 0 0 0 0 0 0 0 0 0 0 0 0 0 0 0 0 0 0 0 0 0 0 0 0 0 0 0 0 0 0 0 0 0 0 0 0 0 0 0 0 0 0 0 0 0 0 0 0 0 0 0 0 0 0 0 0 0 0 0 0 0 0 0 0 0 0 0 0 0 0 0 0 0 0 0 0 0 0 0 0 0 0 0 0 0 0 0 0 0 0 0 0 0 0 0 0 0 0 0 0 0 0 0 0 0 0 0 0 0 0 0 0 0 0 0 0 0 0 0 0 0 0 0 0 0 0 0 0 0 0 0 0 0 0 0 0 0 0 0 0 0 0 0 0 0 0 0 0 0 0 0 0 0 0 0 0 0 0 0 0 
0 0 0 0 0 0 0 0 0 0 0 0 0 0 0 0 0 0 0 0 0 0 0 51 0 0 0 0 0 0 0 0 0 0 0 0 0 0 0 0 0 0 0 0 0 0 0 0 0 0 0 0 0 0 0 0 0 0 0 0 0 0 0 0 0 0 0 0 0 0 0 0 0 0 0 0 0 0 0 0 0 0 0 0 0 0 0 0 0 0 0 0 0 0 0 0 0 0 0 0 0 0 0 0 0 0 0 0 0 0 0 0 0 0 0 0 0 0 0 0 0 0 0 0 0 0 0 0 0 0 0 0 0 0 0 0 0 0 0 0 0 0 0 0 0 0 0 0 0 0 0 0 0 0 100 40 51 0 0 0 0 0 0 0 0 0 0 0 0 0 0 144 0 0 20 0 0 0 0 0 0 0 0 0 0 0 0 0 0 0 0 0 0 0 0 0 0 0 0 0 0 0 0 0 0 0 0 0 0 0 0 
0 0 0 0 0 0 0 0 0 0 0 0 0 0 0 0 0 0 0 0 0 0 0 168 0 0 0 0 0 0 0 0 0 0 20 0 0 0 0 0 0 0 0 0 0 0 0 0 0 0 0 0 0 0 0 0 0 0 0 0 0 0 0 0 0 0 0 0 0 0 0 0 0 0 0 0 0 0 0 0 0 0 0 0 0 0 0 0 0 0 0 0 0 0 0 0 0 0 0 0 0 0 0 0 0 0 0 0 0 0 0 0 0 0 0 0 0 64 0 0 0 0 0 0 0 0 0 0 0 0 0 0 0 0 0 0 0 0 0 0 0 0 0 0 0 0 0 0 0 0 0 0 0 0 0 116 0 0 0 0 0 0 0 0 0 0 0 0 0 0 0 0 0 0 0 0 0 0 0 0 0 0 0 0 0 0 0 0 0 0 0 0 0 0 0 0 0 0 0 0 0 0 0 0 0 0 0 0 0 0 0 
0 0 0 0 0 0 0 0 0 0 0 0 0 0 0 0 0 0 0 0 0 0 0 0 0 0 0 0 0 0 0 0 0 0 0 0 0 0 0 0 0 0 0 0 0 0 0 0 0 0 0 0 0 0 0 0 0 0 0 0 0 0 0 0 0 0 0 0 0 0 0 0 0 0 0 0 0 0 0 0 0 0 0 0 0 0 0 0 0 0 0 0 0 0 0 0 0 0 0 0 0 0 0 0 0 0 0 0 0 0 0 0 0 0 0 0 0 0 0 0 0 0 0 0 0 0 0 0 51 0 0 0 0 0 0 0 0 0 0 0 0 0 0 0 0 0 0 0 0 0 0 0 0 0 0 140 0 0 0 0 0 0 0 0 0 0 0 0 0 0 0 0 0 0 0 0 0 0 0 0 0 0 0 0 0 0 0 0 0 0 0 0 0 0 0 0 0 0 0 0 0 0 0 0 0 0 0 0 0 0 0 
0 0 0 0 0 0 0 0 0 0 0 0 0 0 0 0 0 0 0 0 0 0 0 0 0 0 0 0 0 0 0 0 0 0 0 0 0 0 0 0 0 0 0 0 0 0 0 0 0 0 0 0 0 0 0 0 0 0 0 0 0 0 0 0 0 0 0 0 0 0 0 0 0 0 0 0 0 0 0 0 0 0 0 0 0 0 0 0 0 0 0 0 0 0 0 0 0 0 0 0 0 0 0 0 0 0 0 0 0 0 0 0 0 0 0 0 0 0 0 0 0 0 0 0 0 0 0 0 0 0 0 0 0 0 0 0 0 0 0 0 0 0 0 0 0 0 0 0 0 0 0 0 0 0 0 0 0 0 0 0 0 0 0 0 0 0 0 0 0 0 0 0 0 0 0 0 0 0 0 0 0 0 0 0 0 0 0 0 0 0 0 0 0 0 0 0 0 0 0 0 0 0 0 0 0 0 0 0 0 0 0 
169 0 0 0 0 0 0 0 0 0 0 0 0 0 0 0 0 0 0 0 80 26 0 651 0 0 0 0 0 0 0 0 0 0 106 0 0 0 0 0 0 0 0 0 0 0 0 0 0 168 0 0 0 0 0 0 0 0 0 0 0 0 0 0 0 0 0 0 0 0 0 0 0 0 0 0 143 77 0 0 0 0 0 337 0 0 0 0 0 16 51 0 0 0 0 0 0 0 40 0 41 0 132 0 0 0 0 0 0 0 0 90 0 0 0 0 0 560 0 80 40 0 0 0 84 100 0 0 42 0 13 0 0 0 0 0 0 0 0 0 0 0 0 0 0 0 0 0 151 20 0 0 64 0 148 538 37 0 0 0 0 0 0 0 0 0 0 32 0 0 0 517 0 0 0 0 0 0 0 0 57 26 0 0 0 0 0 0 0 0 0 0 80 0 0 0 131 0 0 0 231 0 0 0 20 0 187 32 0 132 0 
0 0 0 0 0 0 0 0 0 0 0 0 0 0 0 0 0 0 0 0 0 0 0 0 0 0 0 0 0 0 0 0 0 0 0 0 0 0 0 0 0 0 0 0 0 0 0 0 0 0 0 0 0 0 0 0 0 0 0 0 0 0 0 0 0 0 0 0 0 0 0 0 0 0 0 0 0 0 0 0 0 0 0 0 0 0 0 0 0 0 0 0 0 0 0 0 0 0 0 0 0 0 0 0 0 0 0 0 0 0 0 0 0 0 0 0 0 0 0 0 0 0 0 0 0 0 0 0 0 0 0 0 0 0 0 0 0 0 0 0 0 0 0 0 0 0 0 0 0 0 0 0 0 100 0 0 0 0 0 0 0 0 0 0 0 0 0 0 0 0 0 0 0 0 0 0 0 0 0 0 0 0 0 0 0 0 0 0 0 0 0 0 0 0 0 0 0 0 0 0 0 0 0 0 0 0 0 0 0 0 0 
0 0 0 0 0 0 0 0 0 0 0 0 0 0 26 0 0 0 0 0 0 0 0 32 0 0 0 0 0 0 0 0 0 0 0 0 0 0 0 0 0 0 0 0 0 0 0 0 0 0 0 0 0 0 0 0 0 0 0 0 0 0 0 0 0 0 0 0 0 0 0 0 0 0 0 0 0 0 0 0 0 0 0 40 0 0 0 0 0 0 51 0 0 0 0 0 0 0 0 0 0 0 0 0 0 0 0 0 0 0 0 0 0 0 0 0 0 13 0 0 0 0 0 0 0 0 0 0 100 0 0 0 0 0 0 0 0 0 0 0 0 0 0 0 0 0 0 0 0 0 0 0 0 0 0 120 0 0 0 0 0 0 0 0 0 0 0 0 0 0 0 20 0 0 0 0 0 0 0 0 100 0 0 0 0 0 0 0 0 0 0 0 0 0 0 0 0 0 0 0 0 0 0 0 0 0 0 0 0 0 0 
8110 51 0 0 108 90 0 20 80 0 157 16 0 0 975 0 0 0 0 0 37 0 1099 5802 51 546 100 0 134 67 1364 0 0 0 1390 120 0 0 0 259 0 0 0 51 0 32 83 220 498 651 72 0 0 0 0 0 0 291 0 0 26 26 57 0 0 118 170 51 0 0 32 0 0 259 0 0 1510 801 0 0 0 64 246 2942 80 20 0 0 164 59 1053 657 151 256 39 482 0 0 920 49 83 0 519 0 297 102 26 58 0 0 211 310 32 0 0 271 0 5421 65 373 144 643 0 0 1230 275 32 13 205 0 81 180 26 0 0 0 0 0 0 0 26 0 20 200 0 121 100 58 540 499 0 212 515 346 1929 16330 691 253 228 0 0 296 228 1013 0 310 377 118 0 0 67 4612 0 0 115 0 0 51 0 0 282 317 392 0 26 0 0 0 288 51 516 80 159 0 0 0 1056 0 708 80 720 0 126 0 139 92 987 13 67 223 0 
2531 0 0 0 84 0 0 0 0 0 20 16 0 0 339 0 0 0 0 0 32 0 215 1843 115 284 0 0 100 0 183 0 0 0 506 0 0 0 0 51 0 0 0 0 0 0 0 0 0 149 92 0 0 0 0 0 0 16 0 0 64 32 51 0 16 0 200 0 0 0 64 0 0 40 0 0 500 135 0 0 0 0 0 1228 0 184 0 0 0 197 206 140 0 0 40 93 0 0 180 64 67 0 47 179 96 40 0 0 0 0 0 13 0 0 0 0 0 2804 0 184 26 439 0 0 230 474 0 154 120 0 75 0 0 0 0 0 0 0 0 0 13 0 0 0 0 0 100 0 111 32 0 0 147 133 1009 8655 200 0 47 0 0 81 0 744 0 49 51 80 0 0 122 2867 0 0 16 0 0 0 16 0 75 0 100 0 0 0 0 0 0 0 80 0 97 0 0 0 815 0 0 0 170 0 0 0 219 0 302 0 0 16 0 
180 0 80 0 0 0 0 0 0 0 0 0 0 0 131 0 0 0 0 0 0 20 0 64 0 0 0 0 0 0 51 0 0 0 165 40 0 0 0 0 0 0 0 0 0 0 0 0 0 16 0 0 0 0 0 0 0 0 0 0 0 0 0 0 0 0 0 0 0 0 0 0 0 0 0 0 51 0 0 0 0 0 0 51 0 0 0 0 0 0 0 0 0 0 0 0 0 0 0 0 0 0 0 0 100 0 0 0 0 0 0 0 0 0 0 0 0 115 0 0 0 0 0 0 0 0 0 0 0 0 0 0 0 0 0 0 0 0 0 0 0 0 0 0 0 0 0 0 0 0 0 0 0 0 0 327 0 0 0 0 0 0 0 0 0 0 0 0 0 0 0 365 0 0 0 0 0 0 0 0 420 0 16 0 0 0 0 0 0 0 0 0 0 0 0 0 46 0 0 0 0 0 0 0 0 0 0 0 0 0 0 
0 0 0 0 0 0 0 0 0 0 0 0 0 0 0 0 0 0 0 0 0 0 0 0 0 0 0 0 0 0 0 0 0 0 0 0 0 0 0 0 0 0 0 0 0 0 0 0 0 0 0 0 0 0 0 0 0 0 0 0 0 0 0 0 0 0 0 0 0 0 0 0 0 0 0 0 0 0 0 0 0 0 0 0 0 0 0 0 0 0 0 0 0 0 0 0 0 0 0 0 0 0 0 0 0 0 0 0 0 0 0 0 0 0 0 0 0 100 0 51 0 0 0 0 0 0 0 0 0 0 0 0 0 0 0 0 0 0 0 0 0 0 0 0 0 0 0 0 0 0 0 0 0 0 0 80 0 0 0 0 0 0 0 0 0 0 0 0 0 0 0 0 0 0 0 0 0 0 0 0 0 0 0 0 0 0 0 0 0 0 0 0 0 0 0 0 40 0 0 0 0 0 0 0 0 0 0 0 0 0 0 
51 0 0 0 0 0 0 0 0 0 0 0 0 0 0 0 0 0 0 0 0 0 0 0 0 0 0 0 0 0 0 0 0 0 0 0 0 0 0 0 0 0 0 0 0 0 0 0 0 0 0 0 0 0 0 0 0 0 0 0 0 0 0 0 0 0 0 0 0 0 0 0 0 0 0 0 0 20 0 0 0 0 0 0 0 0 0 0 0 0 0 0 0 0 0 0 0 0 0 0 0 0 0 0 0 0 0 0 0 0 0 0 0 0 0 0 0 0 0 0 0 0 0 0 0 0 0 0 0 0 0 0 0 0 0 0 0 0 0 0 0 0 0 0 0 0 0 0 0 0 0 0 0 0 0 13 0 0 0 0 0 0 0 0 0 0 0 0 0 0 0 0 0 0 0 0 0 0 0 0 0 0 0 0 0 0 0 0 0 0 0 0 0 0 0 0 0 0 0 0 0 0 0 0 0 0 0 0 0 0 0 
362 0 0 0 0 0 0 0 0 0 83 0 0 0 64 0 0 0 0 0 0 0 153 383 128 0 0 0 0 0 32 0 0 0 64 0 0 0 0 0 0 0 0 0 0 0 0 0 100 80 0 0 0 0 0 0 0 0 0 0 20 0 0 0 0 0 0 0 0 0 0 0 0 0 0 0 458 0 16 0 0 0 0 311 0 0 0 0 0 0 185 80 0 20 37 0 0 0 100 156 51 0 32 40 200 0 0 0 0 0 0 64 0 0 16 0 0 280 0 84 0 104 0 0 26 26 0 13 0 0 0 0 0 0 0 0 0 0 0 0 0 0 0 0 0 0 0 0 0 0 0 0 0 0 227 986 30 0 0 0 0 16 0 0 0 0 0 0 0 0 0 433 0 0 0 0 0 0 0 0 96 0 0 0 0 0 0 0 0 0 0 0 0 0 0 0 156 0 100 0 16 0 0 0 0 79 83 0 0 0 0 
1072 0 0 0 51 0 0 0 0 0 192 0 0 0 212 0 0 0 0 0 0 0 33 249 0 0 0 0 0 0 30 0 0 0 266 40 0 0 0 16 0 0 0 0 0 0 0 0 26 120 112 0 0 0 0 0 0 304 0 0 0 0 0 0 0 0 0 0 0 0 0 0 0 65 0 0 316 26 64 0 0 51 0 412 0 0 0 0 0 34 388 0 0 32 16 92 0 0 0 0 112 0 13 0 20 206 0 0 0 0 0 64 0 0 0 16 0 246 0 32 32 283 0 0 72 126 0 0 13 0 0 0 0 0 0 0 0 0 0 0 0 0 0 0 57 20 0 0 151 83 0 0 32 0 93 816 51 0 0 0 0 0 432 0 0 0 0 40 0 0 0 964 0 0 0 0 0 0 0 0 115 0 0 0 0 0 0 0 39 0 0 0 16 0 0 0 0 0 0 0 0 0 0 0 0 211 26 0 0 323 0 
11240 16 0 0 213 64 0 0 32 64 519 270 0 0 3351 13 0 0 20 0 171 0 800 10861 313 1343 100 0 98 114 1814 0 0 0 2622 51 0 0 20 596 26 0 0 0 0 80 32 51 769 1403 67 20 0 73 0 0 0 316 0 0 81 380 424 173 26 32 917 51 0 104 112 0 0 182 0 80 2571 963 102 13 0 96 255 4229 1100 147 0 0 105 154 1327 885 893 310 362 715 16 0 782 404 285 0 1281 873 213 227 105 151 0 0 0 393 64 0 0 176 0 15900 99 1177 122 1927 0 0 1503 893 0 881 532 0 149 328 80 0 0 0 0 0 0 0 51 144 51 370 0 144 220 0 822 1012 51 174 1213 850 4345 45636 838 90 112 0 0 558 845 3062 0 1250 225 64 0 0 441 7806 42 0 374 0 64 0 0 0 427 363 194 16 120 0 0 0 665 20 1173 80 782 26 51 163 3380 0 235 0 624 0 211 0 342 121 1616 39 392 394 0 
0 0 0 0 0 0 0 0 0 0 0 0 0 0 240 0 0 0 0 0 0 0 0 283 0 0 0 0 0 0 0 0 0 0 16 0 0 0 0 0 0 0 0 0 0 0 0 0 0 0 0 0 0 0 0 0 0 0 0 0 0 0 0 0 0 0 0 0 0 0 0 0 0 0 0 0 13 49 0 0 0 20 0 0 0 13 0 0 0 0 0 0 0 0 51 0 0 0 0 0 0 0 0 64 0 0 0 0 0 0 0 0 0 0 0 0 0 1116 0 13 0 0 0 0 0 0 0 0 20 0 0 0 0 0 0 0 0 0 0 0 0 0 0 0 0 0 0 0 20 0 0 0 0 0 13 188 0 0 0 0 0 64 0 71 0 0 0 0 0 0 0 32 0 0 0 0 0 0 0 0 0 20 0 0 0 0 0 0 0 0 0 0 0 0 0 0 0 0 0 0 0 0 0 0 0 0 0 0 0 0 0 
97 0 0 0 0 0 0 0 0 0 0 0 0 0 26 0 0 0 0 0 0 0 0 192 0 0 0 0 0 0 116 0 0 0 20 0 0 0 0 0 0 0 0 0 0 0 0 0 0 0 0 0 0 0 0 0 0 0 0 0 0 0 0 0 0 0 0 0 0 0 0 0 0 0 0 0 57 0 0 0 0 0 26 164 0 0 0 0 0 0 32 0 0 0 64 0 0 0 0 0 0 0 0 0 0 0 0 0 0 0 0 0 0 0 0 0 0 492 0 0 16 0 0 0 0 0 0 0 0 0 0 0 0 0 0 0 0 0 0 0 0 0 0 0 0 0 0 0 0 0 0 0 0 0 0 538 0 0 0 0 0 0 0 0 0 0 0 0 80 0 0 84 0 0 0 0 0 0 0 0 0 0 32 0 0 0 0 0 0 0 0 0 0 0 0 0 0 0 0 0 0 0 0 0 0 0 0 0 0 0 0 
0 0 0 0 0 0 0 0 0 0 0 0 0 0 0 0 0 0 0 0 0 0 0 0 0 0 0 0 0 0 0 0 0 0 0 0 0 0 0 0 0 0 0 0 0 0 0 0 0 0 0 0 0 0 0 0 0 0 0 0 0 0 0 0 0 0 0 0 0 0 0 0 0 0 0 0 0 0 0 0 0 0 0 0 0 0 0 0 0 0 0 0 0 0 0 0 0 0 0 0 0 0 0 0 0 0 0 0 0 0 0 0 0 0 0 0 0 0 0 0 0 0 0 0 0 0 0 0 0 0 0 0 0 0 0 0 0 0 0 0 0 0 0 0 0 0 0 0 0 0 0 0 0 0 0 0 0 0 0 0 0 0 0 0 0 0 0 0 0 0 0 0 0 0 0 0 0 0 0 0 0 0 0 0 0 0 0 0 0 0 0 0 0 0 0 0 0 0 0 0 0 0 0 0 0 0 0 0 0 0 0 
0 0 0 0 0 0 0 0 0 0 0 0 0 0 0 0 0 0 0 0 0 0 0 0 0 0 0 0 0 0 0 0 0 0 0 0 0 0 0 0 0 0 0 0 0 0 0 0 0 0 0 0 0 0 0 0 0 0 0 0 0 0 0 0 0 0 0 0 0 0 0 0 0 0 0 0 0 0 0 0 0 0 0 0 0 0 0 0 0 0 0 0 0 0 0 0 0 0 0 0 0 0 0 0 0 0 0 0 0 0 0 0 0 0 0 0 0 0 0 0 0 0 0 0 0 0 0 0 0 0 0 0 0 0 0 0 0 0 0 0 0 0 0 0 0 0 0 0 0 0 0 0 0 0 0 0 0 0 0 0 0 0 0 0 0 0 0 0 0 0 0 0 0 0 0 0 0 0 0 0 0 0 0 0 0 0 0 0 0 0 0 0 0 0 0 0 0 0 0 0 0 0 0 0 0 0 0 0 0 0 0 
144 0 0 0 0 0 0 0 0 0 0 0 0 0 0 0 0 0 0 0 0 0 0 37 0 0 0 0 0 0 0 0 0 0 0 0 0 0 0 0 0 0 0 0 0 0 0 0 0 0 0 0 0 0 0 0 0 0 0 0 0 0 0 0 0 0 0 0 0 0 0 0 0 0 0 0 16 0 0 0 0 0 0 51 0 0 0 0 0 26 115 0 0 0 32 0 0 0 13 0 0 0 0 0 0 0 0 0 0 0 0 0 0 0 0 0 0 951 0 0 0 0 0 0 40 0 0 0 32 0 0 0 0 0 0 0 0 0 0 0 0 0 0 0 0 0 0 0 16 0 0 0 0 0 0 164 0 0 0 0 0 0 30 0 0 0 0 0 0 0 0 210 0 0 0 0 0 0 0 0 0 0 0 64 0 0 0 0 0 0 0 0 0 0 0 0 0 0 0 0 0 0 0 0 20 0 0 0 0 0 0 
1742 0 0 0 0 0 0 0 0 0 0 0 0 0 138 96 0 0 0 0 0 0 300 830 0 180 0 0 40 0 0 0 0 0 151 32 0 0 0 26 0 0 0 0 0 0 0 0 13 131 32 0 0 0 0 0 0 129 0 0 0 0 0 0 0 20 0 0 0 0 0 0 0 64 0 0 266 51 0 0 0 0 0 193 0 0 0 0 0 20 156 0 0 120 0 0 0 0 16 0 0 0 160 0 0 0 0 0 0 0 0 100 0 0 0 13 0 1283 0 32 0 152 0 0 262 80 0 0 0 64 0 0 0 0 0 0 0 0 0 0 0 0 0 0 0 0 0 0 140 200 0 0 0 178 207 4034 0 0 0 0 0 0 131 0 0 0 0 0 0 0 0 200 0 0 0 0 0 0 0 0 61 0 0 0 0 0 0 0 0 0 0 0 137 0 0 0 321 0 0 0 13 0 64 0 100 0 442 0 32 32 0 
5228 0 0 0 80 26 0 0 0 67 363 102 0 0 701 67 0 0 0 0 0 0 493 3543 0 160 92 0 16 0 1272 0 0 0 1355 0 0 0 0 96 0 0 0 0 0 57 0 0 243 575 177 166 0 0 0 0 0 425 0 0 136 100 132 13 0 179 26 40 0 0 13 0 0 51 0 0 2190 459 0 0 0 32 134 2961 0 46 0 0 0 147 936 330 128 80 16 263 0 0 226 426 337 0 306 154 288 883 0 64 0 80 0 414 80 0 0 16 0 3042 0 922 117 527 0 0 334 30 100 13 505 0 312 16 0 0 0 0 80 0 0 0 13 80 0 0 0 94 0 176 1016 127 0 80 178 283 2902 6877 59 37 253 0 0 65 193 701 0 78 58 157 80 0 64 5573 0 0 0 0 0 26 64 0 527 162 54 0 0 0 0 0 93 0 579 40 13 0 0 40 397 0 77 26 424 0 96 0 0 415 1391 80 173 1063 0 
377 0 0 0 0 0 0 0 0 0 0 0 0 0 0 0 0 0 0 0 0 0 0 355 0 32 0 0 0 0 280 0 0 0 291 16 0 0 0 0 0 0 0 0 0 0 0 0 0 0 115 0 0 0 0 0 0 32 0 0 0 0 0 0 0 0 0 0 0 0 0 0 0 0 0 0 0 106 51 0 0 0 0 234 0 0 0 0 0 0 95 40 0 0 0 64 0 0 40 64 32 0 0 20 0 0 0 0 0 0 0 0 0 0 0 0 0 324 151 92 0 104 0 0 0 40 0 0 0 0 0 0 0 0 0 0 0 0 0 0 0 0 0 0 0 0 0 0 92 13 0 0 131 0 255 587 0 0 32 0 0 0 0 0 0 0 0 64 0 0 0 285 0 0 0 0 0 0 0 0 0 0 0 0 0 0 0 0 51 0 0 0 16 0 0 0 72 0 0 0 0 0 0 0 0 80 96 0 0 0 0 
615 0 0 0 0 0 0 0 0 0 0 0 0 0 0 0 0 0 0 0 0 0 0 319 0 0 0 0 0 0 30 0 0 0 0 0 0 0 0 0 0 0 0 0 0 0 0 0 0 0 0 0 0 0 0 0 0 0 0 0 0 0 0 0 0 0 0 0 0 0 0 0 0 0 0 0 0 26 0 0 0 0 0 200 0 0 0 0 0 0 65 0 0 0 0 0 0 0 0 0 0 0 0 0 0 0 0 0 0 0 0 0 0 0 0 64 0 157 0 240 0 0 0 0 42 0 0 0 0 0 0 0 0 0 0 0 0 0 0 0 0 0 0 0 0 0 0 0 0 100 0 64 20 40 100 152 0 0 0 0 0 64 0 32 0 0 0 0 0 0 0 117 0 0 0 0 0 0 0 0 100 0 0 0 0 0 0 0 0 0 0 0 0 0 0 0 20 0 0 0 0 0 0 0 0 0 0 0 0 0 0 
174 0 0 0 0 80 0 0 0 0 64 0 0 0 51 0 0 0 0 0 0 0 0 84 0 64 0 0 0 0 90 0 0 0 104 0 0 0 0 64 0 0 0 0 0 0 0 0 0 0 0 0 0 0 0 0 0 0 0 0 0 0 0 0 0 0 0 0 0 0 0 0 0 0 0 0 40 40 0 0 0 80 0 243 0 0 0 0 0 13 64 51 0 192 78 0 0 0 26 0 104 0 0 0 0 0 0 0 0 0 0 0 0 0 0 80 0 195 0 0 40 131 0 0 320 16 0 0 0 0 0 0 0 0 0 0 0 0 0 0 0 0 0 51 0 0 0 0 0 0 0 0 0 827 0 178 0 0 0 0 0 0 0 0 0 51 0 0 0 0 0 443 0 0 0 0 0 0 0 0 0 0 0 32 0 0 0 0 0 0 0 0 0 0 0 0 0 0 0 0 26 0 0 0 0 0 51 0 0 0 0 
1149 0 0 0 0 0 0 0 0 0 0 0 0 0 626 0 0 0 0 0 0 0 167 1059 0 100 0 0 0 20 58 0 0 0 73 0 0 0 0 90 0 0 32 0 0 0 0 80 84 53 0 0 0 0 0 0 0 0 0 0 40 0 0 0 0 0 0 0 0 0 0 0 0 0 0 0 16 72 0 0 0 51 0 438 0 0 0 0 0 0 120 0 16 0 64 0 0 0 215 0 0 0 0 100 0 0 0 0 0 0 0 32 0 0 0 0 0 549 0 134 26 113 0 0 80 497 0 140 0 0 0 0 0 0 0 0 0 0 0 0 0 0 0 0 0 0 0 0 64 0 0 0 64 80 403 1558 0 0 0 0 0 20 204 132 0 100 0 0 0 0 0 368 0 0 0 0 0 0 0 0 16 0 0 0 0 0 0 0 0 0 0 0 0 0 0 0 350 0 0 0 102 0 0 0 0 0 78 0 51 0 0 
477 100 0 0 164 0 0 0 0 0 26 80 0 0 100 0 0 0 0 0 64 0 20 773 0 13 0 0 0 13 131 0 0 0 481 0 0 0 0 120 0 100 0 0 0 0 51 0 64 267 0 0 0 0 0 0 0 90 0 0 16 0 0 0 0 0 0 0 0 0 0 0 0 20 0 0 637 80 0 0 0 0 0 660 0 0 0 0 0 0 51 77 0 200 0 0 0 0 51 0 0 0 237 0 0 0 80 0 0 0 0 0 0 0 0 51 0 2115 0 454 0 0 0 0 67 80 0 0 0 0 65 32 0 0 0 0 0 0 0 0 0 0 0 0 0 0 0 0 90 0 0 0 80 164 234 1694 80 80 0 0 0 0 0 40 0 0 0 30 0 0 0 1152 0 0 0 0 0 0 0 0 141 64 0 90 0 0 0 0 0 0 104 0 20 0 0 0 186 0 100 0 64 0 0 0 20 0 242 0 16 51 0 
0 0 0 0 0 0 0 0 0 0 0 0 0 0 0 0 0 0 0 0 0 0 0 64 0 0 0 0 0 0 0 0 0 0 0 0 0 0 0 0 0 0 0 0 0 0 0 0 0 0 0 0 0 0 0 0 0 0 0 0 0 0 0 0 0 0 0 0 0 0 0 0 0 0 0 0 0 100 0 0 0 0 0 0 0 0 0 0 0 0 0 0 0 0 0 0 0 0 0 0 0 0 0 0 0 0 0 0 0 0 0 0 0 0 0 0 0 0 0 0 0 0 0 0 0 0 0 0 0 0 0 0 0 0 0 0 0 0 0 0 0 0 0 0 0 0 0 0 0 0 0 0 0 0 0 0 0 0 0 0 0 0 0 0 0 0 0 0 0 0 0 0 0 0 0 0 0 0 0 0 0 0 0 0 0 0 0 0 0 0 0 0 0 0 0 0 0 0 0 0 0 0 0 0 0 0 0 0 0 0 0 
0 0 0 0 0 0 0 0 0 0 0 0 0 0 0 0 0 0 0 0 0 0 0 0 0 0 0 0 0 0 0 0 0 0 0 0 0 0 0 0 0 0 0 0 0 0 0 0 0 0 0 0 0 0 0 0 0 0 0 0 0 0 0 0 0 0 0 0 0 0 0 0 0 0 0 0 0 0 0 0 0 0 0 26 0 0 0 0 0 0 0 0 0 0 0 0 0 0 0 0 0 0 0 0 0 0 0 0 0 0 0 0 0 0 0 0 0 200 0 0 0 0 0 0 0 0 0 0 0 0 0 0 0 0 0 0 0 0 0 0 0 0 0 0 0 0 0 0 0 0 0 0 0 0 0 20 0 0 0 0 0 0 0 0 0 0 0 0 0 0 0 0 0 0 0 0 0 0 0 0 0 0 0 0 0 0 0 0 0 0 0 0 0 0 0 0 0 0 0 0 0 0 0 0 0 0 0 0 0 0 0 
454 0 0 0 0 0 0 0 0 0 80 0 0 0 67 0 0 0 0 0 280 0 13 1339 0 0 0 0 0 0 442 0 0 0 0 20 0 0 0 106 0 0 0 0 0 0 0 0 0 91 51 0 0 0 0 0 0 51 0 0 0 0 0 0 0 16 42 0 0 0 0 0 0 0 0 0 94 147 0 0 0 0 0 586 0 0 0 0 13 0 118 51 0 100 0 0 0 0 32 90 26 0 113 104 0 67 0 0 0 0 0 61 0 0 0 0 0 2067 0 0 0 32 0 0 159 1265 0 0 54 0 32 0 20 0 0 0 0 0 0 0 0 0 0 115 0 0 0 16 0 0 0 0 16 0 177 1221 0 40 0 0 0 0 80 64 0 26 0 0 0 0 0 482 0 0 40 0 0 0 0 0 0 80 0 0 0 0 0 0 0 0 64 0 0 0 0 0 51 0 0 0 20 0 80 0 72 32 225 0 0 180 0 
354 0 0 0 0 0 0 0 0 0 20 0 0 0 46 0 0 0 0 0 32 13 32 81 0 0 0 0 0 0 220 0 0 0 164 0 0 0 0 0 0 0 0 0 0 0 0 0 0 64 0 20 0 0 0 0 0 0 0 0 0 0 0 0 0 0 0 0 0 0 0 0 0 0 0 0 67 0 80 0 0 0 0 30 0 0 0 0 0 13 216 16 0 0 0 64 0 0 0 0 0 0 0 39 16 0 0 0 0 0 0 0 0 0 0 0 0 407 0 47 0 153 0 0 64 0 0 0 0 0 0 0 0 0 0 0 0 0 0 0 0 0 0 0 0 0 0 0 0 0 0 0 13 0 238 740 0 0 0 0 0 0 40 51 0 0 0 0 0 0 0 395 0 0 20 0 0 0 0 0 51 32 0 0 64 0 0 0 51 0 0 0 0 0 0 0 0 0 0 0 0 0 0 0 0 104 0 51 0 32 0 
433 0 0 0 0 0 0 0 0 0 0 0 0 0 90 0 0 0 0 0 0 0 186 195 0 0 0 0 0 0 145 0 0 0 268 0 0 0 0 0 0 0 0 0 0 0 0 0 0 323 0 0 0 0 0 0 0 0 0 0 0 0 0 0 0 0 0 0 0 0 0 0 0 0 0 0 254 0 0 0 0 0 0 247 0 0 0 0 0 0 180 40 0 0 0 16 0 0 32 0 0 0 131 0 0 0 0 0 0 0 0 0 0 0 0 64 0 324 0 128 0 100 0 0 0 0 0 0 0 0 0 0 0 0 0 0 0 0 0 0 0 0 0 0 0 0 0 0 0 26 0 0 0 73 129 913 26 0 0 0 0 0 0 0 0 20 32 0 0 0 0 606 0 0 0 0 0 0 0 0 0 0 0 0 0 0 0 0 0 0 0 0 16 0 0 0 51 0 0 0 0 0 0 0 0 0 156 0 51 0 0 
0 0 0 0 0 0 0 0 0 0 0 0 0 0 0 0 0 0 0 0 0 0 0 0 0 0 0 0 0 0 0 0 0 0 0 0 0 0 0 0 0 0 0 0 0 0 0 0 0 0 0 0 0 0 0 0 0 0 0 0 0 0 0 0 0 0 0 0 0 0 0 0 0 0 0 0 0 0 0 0 0 0 0 0 0 0 0 0 0 0 0 0 0 0 0 0 0 0 0 0 0 0 0 0 0 0 0 0 0 0 0 0 0 0 0 0 0 0 0 0 0 0 0 0 0 0 0 0 0 0 0 0 0 0 0 0 0 0 0 0 0 0 0 0 0 0 0 0 0 0 0 0 0 0 0 0 0 0 0 0 0 0 0 0 0 0 0 0 0 0 0 0 0 0 0 0 0 0 0 0 0 0 0 0 0 0 0 0 0 0 0 0 0 0 0 0 0 0 0 0 0 0 0 0 0 0 0 0 0 0 0 
907 0 0 0 100 51 0 0 0 0 51 64 0 0 40 0 0 0 0 0 64 0 143 2068 0 231 0 0 80 0 269 0 0 0 592 16 0 0 180 100 0 0 0 0 0 0 0 0 180 264 0 0 0 0 0 0 0 148 0 0 32 0 0 0 0 80 0 0 0 0 0 0 0 0 0 0 523 100 0 0 0 0 125 1090 0 0 0 0 0 40 231 131 0 384 13 13 0 0 42 20 218 0 323 83 0 0 0 0 0 0 40 132 0 0 0 100 0 1707 0 576 26 260 0 0 501 147 0 64 37 0 0 0 0 0 0 0 0 0 0 0 0 0 0 46 0 0 0 0 122 0 0 0 26 3864 399 2617 64 0 56 0 0 0 96 96 0 0 100 0 0 0 0 1325 0 0 0 0 0 0 0 0 64 102 144 84 0 0 0 0 13 0 83 0 51 0 0 0 206 0 0 0 63 0 20 0 16 126 529 0 0 64 0 
93 0 0 0 0 0 0 0 0 0 20 0 0 0 457 0 0 0 0 0 100 0 0 1478 0 13 0 0 0 0 282 0 0 0 0 0 0 0 0 0 0 0 0 0 0 0 0 0 54 80 0 0 0 0 0 0 0 0 0 0 0 20 16 0 0 0 32 0 0 0 26 0 0 0 0 0 182 32 0 0 0 32 0 851 0 0 0 0 0 0 64 0 0 0 80 0 0 0 0 20 0 0 0 102 26 0 0 0 0 0 0 0 0 0 0 0 0 1585 0 16 0 16 0 0 40 500 0 0 0 0 0 0 0 0 0 0 0 0 0 0 0 0 0 73 0 0 0 0 40 77 0 0 0 0 293 1471 40 0 64 0 0 0 77 166 0 80 0 0 0 0 0 129 0 0 0 0 0 0 0 0 13 0 0 0 0 0 0 0 0 0 0 0 0 0 0 0 97 0 0 0 184 0 0 0 81 0 26 0 0 131 0 
340 0 0 0 0 0 0 0 0 0 64 0 0 0 106 32 0 0 0 0 16 0 80 990 0 0 0 0 0 0 1050 0 0 0 157 0 0 0 0 0 0 0 0 0 0 100 0 0 80 257 0 13 0 0 0 0 0 100 0 0 0 51 0 0 0 0 0 0 0 0 0 0 0 0 0 0 582 0 32 0 0 0 0 701 0 0 0 0 0 100 147 0 0 0 100 141 0 0 26 180 64 0 16 0 16 0 0 0 0 0 64 0 0 0 0 0 0 691 0 58 40 83 0 0 131 0 80 0 51 0 0 0 0 0 0 0 0 0 0 0 64 16 0 0 0 0 0 0 200 0 0 0 64 80 734 2077 144 0 0 0 0 0 64 40 0 40 51 0 0 0 0 1034 0 100 16 0 0 0 0 0 83 237 0 51 0 0 0 0 0 0 32 0 0 0 0 0 40 0 0 0 59 0 0 0 0 26 453 0 0 83 0 
378 0 0 0 0 0 0 0 0 0 26 0 0 0 58 0 0 0 0 0 0 0 0 429 0 0 0 0 0 0 160 0 0 0 384 0 0 0 0 0 0 0 0 0 0 84 0 0 16 20 0 0 0 0 0 0 0 0 0 0 0 0 0 0 100 0 0 0 0 0 0 0 0 0 0 0 244 80 80 0 0 0 0 322 0 0 0 0 0 0 215 0 0 20 0 64 0 0 0 0 0 0 64 32 40 0 0 0 0 40 0 132 0 0 0 0 0 448 0 80 96 13 0 0 168 51 0 0 115 0 0 51 0 0 0 0 0 0 0 0 0 0 0 0 0 0 0 20 16 144 0 0 131 0 234 585 57 0 100 0 0 0 0 103 0 64 0 0 0 0 0 911 0 0 0 0 0 0 0 0 131 133 0 0 0 0 0 0 0 0 81 0 32 0 0 0 26 0 0 0 0 0 0 0 26 0 40 112 0 20 0 
20 0 0 0 0 0 0 0 0 0 0 0 0 0 0 0 0 0 0 0 0 0 0 124 0 0 0 0 0 0 0 0 0 0 116 0 0 0 0 0 0 0 0 0 0 0 0 0 0 40 0 0 0 0 0 0 0 0 0 0 0 0 0 0 0 0 0 0 0 0 0 0 0 0 0 0 0 0 0 0 0 0 0 272 0 0 0 0 0 0 16 0 0 0 16 0 0 0 0 0 80 0 0 0 0 0 0 0 0 0 0 0 0 0 0 0 0 163 0 80 0 0 0 0 0 0 0 0 0 0 0 0 0 0 0 0 0 0 0 0 0 0 0 0 0 0 0 0 0 0 0 0 0 0 0 328 0 0 0 0 0 0 0 64 0 0 0 0 0 0 0 90 0 0 0 0 0 0 0 0 0 0 0 0 0 0 0 0 80 0 0 0 0 0 0 0 0 0 0 0 0 0 0 0 0 0 13 0 32 0 0 
180 0 0 0 0 0 0 0 0 0 0 0 0 0 0 0 0 0 0 0 0 0 80 0 0 0 0 0 0 0 0 0 0 0 0 0 0 0 0 0 0 0 0 0 0 0 0 0 0 0 0 0 0 0 0 0 0 0 0 0 0 0 0 0 0 0 0 0 0 0 0 0 0 0 0 0 240 51 0 0 0 0 0 0 0 0 0 0 0 0 0 0 0 0 0 0 0 0 0 0 0 0 0 0 13 0 0 0 0 0 0 0 0 0 0 0 0 140 0 0 0 40 0 0 0 20 0 0 0 0 0 0 0 0 0 0 0 0 0 0 0 0 0 0 0 0 0 0 67 0 0 0 0 0 0 58 0 0 0 0 0 0 0 0 0 0 0 0 0 0 0 32 0 0 0 0 0 0 0 0 0 0 0 0 0 0 0 0 0 0 0 0 0 0 0 0 0 0 0 0 20 0 0 0 0 0 0 0 0 0 0 
0 0 0 0 0 0 0 0 0 0 0 0 0 0 0 0 0 0 0 0 0 0 0 0 0 0 0 0 0 0 0 0 0 0 0 0 0 0 0 0 0 0 0 0 0 0 0 0 0 0 0 0 0 0 0 0 0 0 0 0 0 0 0 0 0 0 0 0 0 0 0 0 0 0 0 0 0 80 0 0 0 0 0 26 0 0 0 0 0 0 0 0 0 0 0 0 0 0 0 0 0 0 0 0 0 0 0 0 0 0 0 0 0 0 0 0 0 131 0 0 0 0 0 0 0 0 0 0 0 0 0 0 0 0 0 0 0 0 0 0 0 0 0 0 0 0 0 0 0 0 0 0 0 0 0 117 0 0 0 0 0 0 0 0 0 0 0 0 0 0 0 0 0 0 0 0 0 0 0 0 0 0 0 0 0 0 0 0 0 0 0 0 0 0 0 0 0 0 0 0 0 0 0 0 0 0 0 0 0 0 0 
62 0 0 0 0 0 0 0 0 0 0 0 0 0 0 0 0 0 0 0 0 0 0 13 0 0 0 0 0 0 26 0 0 0 0 0 0 0 0 0 0 0 0 0 0 0 0 0 51 64 0 0 0 0 0 0 0 0 0 0 0 0 0 0 0 0 0 0 0 0 0 0 0 16 0 0 0 0 0 0 0 0 0 165 0 0 0 0 0 0 100 0 0 0 0 0 0 0 0 0 0 0 0 0 0 0 0 0 0 0 0 0 0 0 0 0 0 26 0 0 0 80 0 0 0 13 0 0 0 0 0 0 0 0 0 0 0 0 0 0 0 0 0 0 0 0 0 0 0 0 0 0 0 0 132 115 0 0 0 0 0 0 0 0 0 0 0 0 0 0 0 100 0 0 0 0 0 0 0 0 0 0 0 0 0 0 0 0 80 0 100 0 0 0 0 0 0 0 0 0 0 0 0 0 0 0 0 0 0 0 0 
244 0 0 0 0 0 0 0 0 0 0 0 0 0 0 0 0 0 0 0 0 0 13 131 0 0 0 0 0 0 30 0 0 0 13 0 0 0 0 0 0 0 0 0 0 0 0 0 0 0 0 0 0 0 0 0 0 0 0 0 0 0 0 0 0 0 0 0 0 0 0 0 0 100 0 0 138 0 0 0 0 0 0 236 0 0 0 0 0 0 0 0 0 0 0 106 0 0 0 0 0 0 16 0 0 0 0 0 0 0 0 0 0 0 0 0 0 177 0 0 20 64 0 0 0 0 0 0 115 0 0 0 0 0 0 0 0 0 0 0 0 0 0 51 0 0 0 0 0 0 0 0 0 0 0 100 0 0 0 0 0 0 0 0 0 0 0 13 0 0 0 147 0 0 0 0 0 0 0 0 64 32 0 0 0 0 0 0 0 0 32 0 0 0 0 0 51 0 0 0 0 0 0 0 0 0 113 0 0 0 0 
286 0 0 0 40 26 0 0 0 0 73 160 0 0 244 0 0 0 0 0 51 0 160 446 0 183 0 0 0 0 63 0 0 0 114 0 0 0 0 20 0 0 0 0 0 0 0 20 164 92 0 0 0 0 0 0 0 0 0 0 0 0 0 0 0 0 51 0 0 0 37 0 0 0 100 0 723 104 0 0 0 80 0 974 0 0 0 0 0 0 51 0 0 0 65 100 0 0 51 0 0 0 964 0 82 0 0 26 0 0 0 64 0 0 0 16 0 1000 0 51 0 397 0 0 110 326 0 26 120 0 0 100 0 0 0 0 0 0 0 0 0 64 0 0 0 16 0 0 185 0 0 0 100 560 215 1280 46 0 64 0 0 0 73 65 0 0 40 0 0 0 0 1067 0 0 0 0 0 0 0 0 0 49 0 0 0 0 0 0 144 26 67 0 0 0 0 0 40 0 0 0 174 0 51 0 0 100 0 0 16 64 0 
40 0 0 0 51 0 0 0 0 0 0 0 0 0 0 0 0 0 0 0 0 0 0 16 0 20 0 0 0 0 0 0 0 0 0 32 0 0 0 0 0 0 0 0 0 0 0 0 151 0 80 0 0 0 0 0 0 0 0 0 0 0 0 0 0 0 0 0 0 0 0 0 0 0 0 0 16 0 0 0 0 0 0 100 0 0 0 0 0 32 20 0 0 0 0 0 0 0 0 0 0 0 16 0 0 0 0 0 0 0 0 0 0 0 0 0 0 151 0 26 0 0 0 0 0 0 0 0 0 0 0 0 0 0 0 0 0 0 0 0 0 0 0 0 0 0 0 13 0 0 0 0 0 13 26 105 0 0 0 0 0 0 0 0 0 0 0 0 0 0 0 40 0 0 0 0 0 0 0 0 0 0 0 0 0 0 0 0 0 0 0 0 0 0 0 0 0 0 0 0 0 0 0 0 0 0 26 0 0 0 0 
0 0 0 0 0 0 0 0 0 0 0 0 0 0 26 0 0 0 0 0 0 0 0 13 0 0 0 0 0 0 0 0 0 0 32 0 0 0 0 100 0 0 0 0 0 0 0 0 0 80 0 0 0 0 0 0 0 0 0 0 0 0 0 0 0 0 0 0 0 0 0 0 0 0 0 0 0 0 0 0 0 0 0 34 0 0 0 0 0 0 0 0 0 0 0 0 0 0 0 0 0 0 0 0 0 0 0 0 0 0 0 0 0 0 0 0 0 40 0 0 0 0 0 0 0 0 0 0 0 0 0 0 0 0 0 0 0 0 0 0 0 0 0 0 0 0 0 0 0 0 0 0 190 0 0 0 51 0 0 0 0 0 0 0 0 0 0 0 0 0 0 64 0 0 0 0 0 0 0 0 0 0 0 0 0 0 0 0 0 0 0 0 0 0 0 0 0 0 0 0 0 0 0 0 0 0 40 0 0 0 0 
0 0 0 0 0 0 0 0 0 0 0 0 0 0 128 0 0 0 0 0 0 0 0 0 0 0 64 0 0 0 0 0 0 0 51 0 0 0 0 0 0 0 0 0 0 0 0 0 51 26 0 0 0 0 0 0 0 20 0 0 0 0 0 0 0 0 0 0 0 0 0 0 0 0 0 0 0 0 0 0 0 0 0 26 0 0 0 0 0 0 0 0 0 0 0 0 0 0 0 0 0 0 0 0 0 0 0 0 0 0 0 0 0 0 0 0 0 40 0 0 0 0 0 0 0 0 0 0 0 0 0 0 0 0 0 0 0 0 0 0 0 0 0 0 0 0 0 0 0 0 0 0 0 0 160 104 0 0 0 0 0 80 0 0 0 0 0 0 0 0 0 0 0 0 0 0 0 0 0 0 0 0 0 0 0 0 0 0 0 0 0 0 0 0 0 0 20 0 0 0 26 0 0 0 0 0 0 0 0 0 0 
583 0 0 0 40 0 0 0 0 0 100 40 0 0 112 0 0 0 0 0 0 0 0 211 0 0 0 0 0 0 181 0 0 0 51 64 0 0 0 0 100 0 0 0 0 0 0 0 511 64 0 0 0 0 0 0 0 296 0 0 0 0 0 0 0 0 0 0 0 0 0 0 0 20 0 0 211 104 0 0 0 0 32 474 0 20 0 0 0 0 243 0 0 0 0 0 0 0 40 0 0 0 564 0 102 0 0 0 0 0 51 0 0 0 0 0 0 613 0 300 0 0 0 0 65 0 0 0 41 0 0 0 0 0 0 0 0 0 0 0 26 97 0 0 0 0 0 0 192 0 0 0 78 519 122 550 0 0 0 0 0 0 26 0 0 0 0 0 0 0 0 818 0 0 0 0 0 0 0 0 51 64 0 0 0 0 0 0 32 0 0 0 0 0 0 0 20 0 0 0 41 0 0 0 0 0 131 100 0 40 0 
0 0 0 0 0 0 0 0 0 0 0 0 0 0 0 0 0 0 0 0 0 0 0 0 0 0 0 0 0 0 0 0 0 0 0 0 0 0 0 0 0 0 0 0 0 0 0 0 0 0 0 0 0 0 0 0 0 0 0 0 0 0 0 0 0 0 0 0 0 0 0 0 0 0 0 0 0 0 0 0 0 0 0 0 0 0 0 0 0 0 0 0 0 0 0 0 0 0 0 0 0 0 0 0 0 0 0 0 0 0 0 0 0 0 0 0 0 0 0 0 0 0 0 0 0 0 0 0 0 0 0 0 0 0 0 0 0 0 0 0 0 0 0 0 0 0 0 0 0 0 0 0 0 0 0 0 0 0 0 0 0 0 0 0 0 0 0 0 0 0 0 0 0 0 0 0 0 0 0 0 0 0 0 0 0 0 0 0 0 0 0 0 0 0 0 0 0 0 0 0 0 0 0 0 0 0 0 0 0 0 0 
16557 119 0 0 443 193 0 0 0 92 373 425 0 0 3780 206 0 0 0 0 892 164 2533 22355 296 1051 0 0 176 16 3309 16 0 0 3259 244 0 0 120 460 13 0 96 64 40 297 106 223 988 2362 149 81 0 169 0 0 64 402 0 0 284 64 294 164 64 106 634 0 0 0 0 0 0 133 0 0 3389 1173 0 0 0 141 227 11112 102 662 0 0 0 524 3158 1277 249 291 1029 449 32 0 1056 310 199 0 1145 2085 732 172 186 0 0 0 93 463 0 64 0 184 0 12498 47 2383 292 2109 0 0 3211 1351 0 724 590 26 319 326 26 0 0 0 32 0 0 0 65 90 200 295 0 375 120 221 1786 826 0 200 1860 1577 4868 59806 1838 280 375 0 0 1421 762 2491 0 1176 102 182 100 0 0 9582 54 64 361 0 0 32 0 0 593 459 261 261 83 0 0 99 716 101 512 0 506 0 0 122 6215 0 304 0 2203 0 391 0 744 274 2712 92 418 704 0 
112 0 0 0 0 0 0 0 64 0 0 0 0 0 0 0 0 0 0 0 0 0 0 187 0 0 0 0 0 0 132 0 0 0 0 0 0 0 0 13 0 0 0 0 0 0 0 0 0 100 0 0 0 0 0 0 0 0 0 0 0 0 0 0 0 0 0 0 0 0 0 0 0 0 0 0 320 96 0 0 0 0 0 114 0 0 0 0 0 0 0 100 0 0 0 0 0 0 0 0 16 0 0 0 0 0 0 0 0 0 0 0 0 0 0 0 0 191 0 180 0 67 0 0 0 0 0 0 0 0 0 0 0 0 0 0 0 0 0 0 0 0 0 0 0 0 0 0 0 0 0 0 40 0 20 578 0 0 0 51 0 0 0 0 0 0 0 0 0 0 0 503 0 0 13 0 0 0 0 0 0 0 0 0 0 0 0 0 0 0 0 0 0 0 0 0 26 0 0 0 0 0 0 0 0 0 173 0 0 0 0 
2286 0 0 0 221 64 0 0 20 0 80 0 0 0 347 0 0 0 0 0 0 0 364 2596 115 73 0 0 0 0 332 0 0 0 768 0 0 0 0 51 0 0 0 0 0 26 0 200 202 385 83 0 0 0 0 0 0 170 0 0 83 0 64 40 77 0 139 0 0 0 0 0 0 26 20 0 692 204 0 0 0 20 0 919 0 200 0 0 0 13 340 54 0 0 77 161 0 0 88 84 94 0 145 0 64 32 40 0 20 0 0 91 0 0 0 196 0 3893 0 311 13 635 0 80 427 288 0 100 0 0 20 224 0 0 0 0 0 0 0 0 96 80 0 0 0 0 0 51 466 100 0 0 238 232 840 11486 64 0 64 0 0 324 16 533 0 100 51 0 64 0 0 2488 0 0 64 0 0 0 40 0 0 51 0 26 26 0 0 0 147 0 249 80 166 0 0 0 1008 0 0 0 26 0 128 0 64 64 899 0 40 64 0 
890 0 0 0 0 80 0 0 0 0 32 0 0 0 123 0 0 0 0 0 67 0 40 563 0 0 0 0 0 0 539 0 0 0 187 0 0 0 0 80 0 0 0 0 100 0 0 0 64 40 0 0 0 0 0 0 0 26 0 0 0 0 0 0 0 0 0 0 0 0 0 0 0 0 0 0 252 132 0 0 0 0 16 403 0 0 0 0 0 131 0 0 0 0 0 0 0 0 0 40 104 0 1840 32 51 0 0 0 0 0 73 80 0 0 0 80 0 500 0 267 0 96 0 0 0 0 0 0 13 0 51 0 0 0 0 0 0 0 0 0 0 0 0 0 0 0 0 0 16 0 0 0 0 0 147 1697 0 0 20 0 0 0 0 0 0 20 80 0 0 0 0 1445 0 0 0 0 0 0 0 0 131 0 0 151 0 0 0 0 0 0 200 0 0 0 0 0 0 0 100 0 30 0 0 0 0 0 258 0 0 13 0 
1138 100 0 0 0 100 0 16 0 0 80 0 0 0 281 0 0 0 0 0 100 0 144 1456 659 80 0 0 0 0 476 0 0 0 364 0 0 0 0 26 164 0 0 0 0 51 0 0 151 222 226 32 0 0 0 0 0 224 0 0 77 0 0 0 0 0 160 0 0 0 20 0 0 20 0 0 699 153 0 0 0 0 51 1355 0 0 0 0 0 20 215 32 0 0 0 0 0 0 0 164 113 0 183 737 67 0 0 0 64 0 0 34 0 0 0 80 0 7407 0 427 0 258 0 0 373 377 0 0 61 0 32 0 0 0 0 0 0 0 0 0 0 0 0 117 64 16 0 0 402 0 0 64 84 291 699 4437 527 80 13 0 0 240 37 16 0 160 26 0 0 0 0 1756 0 0 42 0 0 0 0 0 32 16 80 0 0 0 0 0 0 0 72 0 0 0 0 20 1028 0 42 0 564 0 0 0 46 164 108 0 0 26 0 
0 0 0 0 0 0 0 0 0 0 0 0 0 0 0 0 0 0 0 0 0 0 0 0 0 0 0 0 0 0 0 0 0 0 0 0 0 0 0 0 0 0 0 0 0 0 0 0 0 0 0 0 0 0 0 0 0 0 0 0 0 0 0 0 0 0 0 0 0 0 0 0 0 0 0 0 0 0 0 0 0 0 0 0 0 0 0 0 0 0 0 0 0 0 0 0 0 0 0 0 0 0 0 0 0 0 0 0 0 0 0 0 0 0 0 0 0 0 0 0 0 0 0 0 0 0 0 0 0 0 0 0 0 0 0 0 0 0 0 0 0 0 0 0 0 0 0 0 0 0 0 0 0 0 0 0 0 0 0 0 0 0 0 0 0 0 0 0 0 0 0 0 0 0 0 0 0 0 0 0 0 0 0 0 0 0 0 0 0 0 0 0 0 0 0 0 0 0 0 0 0 0 0 0 0 0 0 0 0 0 0 
0 0 0 0 0 0 0 0 0 0 0 0 0 0 0 0 0 0 0 0 0 0 0 100 20 0 0 0 0 0 0 0 0 0 0 0 0 0 0 0 0 0 0 0 0 0 0 0 0 0 0 0 0 0 0 0 0 0 0 0 0 0 0 0 0 0 0 0 0 0 0 0 0 0 0 0 0 0 0 0 0 0 0 0 0 0 0 0 0 0 0 0 0 0 0 0 0 0 0 0 0 0 0 0 0 0 0 0 0 0 0 0 0 0 0 0 0 112 0 0 0 26 0 0 0 0 0 0 0 0 0 0 0 0 0 0 0 0 0 0 0 0 0 0 0 0 0 0 0 0 0 0 0 0 0 64 0 0 0 0 0 0 0 0 0 0 0 0 0 0 0 0 0 0 0 0 0 0 0 0 0 0 0 0 0 0 0 0 0 0 0 0 0 0 0 0 0 0 0 0 0 0 0 0 0 0 32 0 0 0 0 
1872 0 0 0 64 64 0 0 0 64 79 0 0 0 138 80 0 0 0 0 283 0 234 1584 16 144 0 0 16 0 467 0 0 0 335 40 0 0 13 0 0 0 0 0 0 0 0 0 170 540 64 0 0 0 0 0 0 47 0 0 144 0 0 0 0 0 279 0 0 0 0 0 0 16 0 0 755 265 0 0 0 0 254 1428 0 0 0 0 0 65 355 88 0 600 398 131 0 0 40 112 67 0 126 116 0 51 0 0 0 0 0 0 0 0 0 51 0 2175 0 261 0 253 0 0 449 394 0 100 196 0 170 200 0 0 0 0 0 0 0 0 0 26 0 40 0 90 0 100 100 53 0 0 131 164 269 3629 149 0 104 0 0 64 131 64 0 20 40 100 0 0 0 2053 0 0 32 0 0 0 0 0 163 113 39 0 16 0 0 0 144 0 0 0 16 0 0 0 460 0 0 0 175 0 0 0 0 80 641 26 133 312 0 
431 0 0 0 156 32 0 0 0 0 0 0 0 0 72 0 0 0 0 0 0 0 0 827 0 0 0 0 0 0 345 0 0 0 176 0 0 0 0 32 0 0 0 0 0 0 0 0 33 26 32 0 0 0 0 0 0 0 0 0 0 0 0 0 0 20 0 0 0 0 51 0 0 0 0 0 40 32 40 0 0 0 0 703 0 0 0 0 16 0 180 80 0 177 80 0 0 0 0 32 0 0 224 0 80 0 0 0 0 0 0 115 0 0 0 0 0 1311 0 211 0 212 0 0 77 0 0 0 115 0 0 100 0 0 0 0 0 0 0 0 0 51 0 0 0 0 0 20 120 96 0 0 82 621 269 1135 40 32 80 0 0 0 88 135 0 112 80 0 0 0 0 639 0 0 0 0 0 0 80 0 96 0 0 0 0 0 0 0 64 0 0 0 80 0 0 0 274 0 16 0 77 0 160 0 166 0 165 0 0 131 0 
51 0 0 0 0 0 0 0 0 0 0 0 0 0 0 0 0 0 0 0 0 0 0 0 26 0 0 0 0 0 16 0 0 0 0 0 0 0 0 0 0 0 0 0 0 0 0 0 0 0 0 0 0 0 0 0 0 0 0 0 0 0 0 0 0 0 0 0 0 0 0 0 0 0 0 0 26 0 0 0 0 0 0 13 0 0 0 0 0 0 0 0 0 0 0 26 0 0 0 0 0 0 0 0 0 0 0 0 0 0 0 0 0 0 0 0 0 32 0 0 0 0 0 0 0 0 0 0 0 0 0 0 0 0 0 0 0 0 0 0 0 0 0 0 0 0 0 0 51 26 0 0 0 0 16 0 0 0 0 0 0 0 0 0 0 0 0 0 0 0 0 792 0 0 0 0 0 0 0 0 0 0 0 0 0 0 0 0 0 0 0 0 0 0 0 0 0 0 0 0 0 0 0 0 0 0 0 0 0 0 0 
110 0 0 0 80 0 0 0 0 0 0 0 0 0 64 0 0 0 0 0 0 0 0 269 0 0 0 0 0 26 13 0 0 0 46 32 0 0 0 0 0 0 0 0 0 13 0 0 0 61 0 0 0 0 0 0 0 0 0 0 0 0 0 0 0 0 64 20 0 0 0 0 0 0 0 0 16 16 0 0 0 64 0 364 0 0 0 0 0 0 40 0 0 0 32 0 0 0 32 0 0 0 51 0 0 32 0 0 0 0 0 0 0 0 0 0 0 196 13 164 0 0 0 0 80 0 0 83 0 80 0 0 0 0 0 0 0 0 0 0 0 0 0 0 0 0 0 0 20 0 0 0 16 32 32 474 0 0 0 0 0 0 0 0 0 64 0 0 0 0 0 253 0 0 0 0 0 0 0 0 0 0 40 0 0 0 0 0 0 0 64 0 20 0 0 0 80 0 0 0 0 0 0 0 0 0 13 0 0 13 0 
885 80 0 0 0 0 0 0 0 0 32 0 0 0 131 115 0 0 0 0 100 0 301 1010 0 67 0 0 0 0 392 0 0 0 411 0 0 0 0 77 0 0 0 0 58 0 0 0 40 145 0 0 0 0 0 0 0 0 0 0 0 0 0 0 0 32 64 0 0 0 0 0 0 0 0 0 204 401 0 0 0 0 0 991 0 0 0 0 0 545 176 80 0 64 132 80 0 0 0 0 0 0 80 0 130 0 0 0 0 0 0 0 0 0 0 0 0 3298 0 358 180 97 0 0 203 20 0 0 0 51 0 0 0 0 0 0 0 0 0 0 40 0 0 100 0 16 0 0 53 0 0 0 64 81 0 3476 16 26 16 0 0 20 40 200 0 51 0 90 0 0 0 773 0 0 26 0 0 0 0 0 47 220 0 0 0 0 0 0 0 51 0 0 0 0 0 51 225 0 96 0 51 0 0 0 0 0 445 0 20 26 0 
0 0 0 0 0 0 0 0 0 0 0 0 0 0 0 0 0 0 0 0 0 0 0 100 0 0 0 0 0 0 0 0 0 0 0 0 0 0 0 0 0 0 0 0 0 0 0 0 0 0 0 0 0 0 0 0 0 0 0 0 0 0 0 0 0 0 0 0 0 0 0 0 0 0 0 0 0 0 0 0 0 0 0 40 0 0 0 0 0 0 0 0 0 0 0 0 0 0 0 0 0 0 42 0 0 0 0 0 0 0 0 0 0 0 0 0 0 168 0 0 0 0 0 0 0 0 0 0 0 0 0 0 0 0 0 0 0 0 0 0 0 0 0 0 0 40 0 0 80 0 0 0 0 0 0 283 0 0 0 0 0 0 51 0 0 0 0 0 0 0 0 0 0 0 0 0 0 0 0 0 0 0 0 0 0 0 0 0 0 0 0 0 0 0 0 0 16 0 0 0 0 0 0 0 0 0 0 0 0 20 0 
280 0 0 0 0 0 0 0 0 0 0 0 0 0 137 0 0 0 0 0 0 0 100 1041 0 20 0 0 0 0 32 0 0 0 345 0 0 0 0 0 0 0 0 0 0 0 0 0 0 0 0 0 0 0 0 0 0 32 0 0 0 0 100 0 0 0 0 0 0 0 0 0 0 0 0 0 115 91 0 0 0 0 0 305 0 0 0 0 0 104 126 100 0 0 0 13 0 0 0 0 0 0 16 32 0 0 0 0 0 0 0 0 0 0 0 0 0 446 0 111 80 64 0 13 20 0 0 0 0 0 80 0 0 0 0 0 0 0 0 0 0 0 0 0 0 0 0 0 40 104 0 0 0 0 103 2134 20 0 0 0 0 126 0 132 0 0 0 51 0 0 0 1112 0 0 0 0 0 0 0 0 0 0 0 0 0 0 0 0 0 0 0 0 0 0 0 0 80 0 0 0 0 0 0 0 0 0 213 0 0 0 0 
551 0 0 0 0 0 0 0 0 20 0 0 0 0 0 0 0 0 0 0 0 0 0 131 0 0 0 0 0 0 0 0 0 0 30 0 0 0 0 0 0 0 0 0 0 0 0 26 32 67 80 0 0 0 0 0 0 13 0 0 0 0 0 0 0 0 0 0 0 0 0 0 0 20 0 0 73 0 0 0 0 0 0 731 0 0 0 0 0 0 124 0 0 0 40 64 0 0 0 0 0 0 32 0 0 0 0 0 0 0 0 0 0 0 0 51 0 1609 0 40 0 0 0 0 51 0 0 80 58 0 0 0 0 0 0 0 0 0 0 0 0 100 0 0 0 0 0 0 64 0 0 0 0 20 88 1047 0 0 0 0 0 0 0 80 0 0 0 16 0 0 0 167 0 0 0 0 0 0 0 0 0 0 0 0 0 0 0 0 20 0 0 0 0 0 0 0 200 0 0 0 0 0 0 0 0 0 51 0 32 51 0 
0 0 0 0 0 0 0 0 0 0 0 0 0 0 100 0 0 0 0 0 0 0 0 0 0 0 0 0 0 0 0 0 0 0 20 0 0 0 0 0 0 0 0 0 0 0 0 0 0 0 0 0 0 0 0 0 0 0 0 0 0 0 0 0 0 0 0 0 0 0 0 0 0 0 0 0 0 0 0 0 0 0 0 64 0 0 0 0 0 0 0 0 0 0 0 0 0 0 0 0 0 0 0 0 0 0 0 0 0 0 0 0 0 0 0 0 0 0 0 0 0 0 0 0 0 0 0 0 0 0 0 0 0 0 0 0 0 0 0 0 0 0 0 0 0 0 0 0 0 0 0 0 0 0 0 100 0 0 0 0 0 0 0 0 0 0 0 0 0 0 32 0 0 0 0 0 0 0 0 0 0 0 0 0 0 0 0 0 0 0 0 0 0 0 0 0 0 0 0 0 0 0 0 0 0 0 0 0 0 0 0 
0 0 0 0 0 0 0 0 0 0 0 0 0 0 0 0 0 0 0 0 0 0 0 0 0 0 0 0 0 0 0 0 0 0 0 0 0 0 0 0 0 0 0 0 0 0 0 0 0 0 0 0 0 0 0 0 0 0 0 0 0 0 0 0 0 0 0 0 0 0 0 0 0 0 0 0 0 0 0 0 0 0 0 0 0 0 0 0 0 0 0 0 0 0 0 0 0 0 0 0 0 0 0 0 0 0 0 0 0 0 0 0 0 0 0 0 0 0 0 0 0 0 0 0 0 0 0 0 0 0 0 0 0 0 0 0 0 0 0 0 0 0 0 0 0 0 0 0 0 0 0 0 0 0 0 0 0 0 0 0 0 0 0 0 0 0 0 0 0 0 0 0 0 0 0 0 0 0 0 0 0 0 0 0 0 0 0 0 0 0 0 0 0 0 0 0 0 0 0 0 0 0 0 0 0 0 0 0 0 0 0 
0 0 0 0 0 0 0 0 0 0 0 0 0 0 0 0 0 0 0 0 0 0 0 0 0 0 0 0 0 0 0 0 0 0 0 0 0 0 0 0 0 0 0 0 0 0 0 0 0 0 0 0 0 0 0 0 0 0 0 0 0 0 0 0 0 0 0 0 0 0 0 0 0 0 0 0 0 0 0 0 0 0 0 0 0 0 0 0 0 0 0 0 0 0 0 0 0 0 0 0 0 0 0 0 0 0 0 0 0 0 0 0 0 0 0 0 0 0 0 0 0 0 0 0 0 0 0 0 0 0 0 0 0 0 0 0 0 0 0 0 0 0 0 0 0 0 0 0 0 0 0 0 0 0 0 0 0 0 0 0 0 0 0 0 0 0 0 0 0 0 0 0 0 0 0 0 0 0 0 0 0 0 0 0 0 0 0 0 0 0 0 0 0 0 0 0 0 0 0 0 0 0 0 0 0 0 0 0 0 0 0 
0 0 0 0 0 0 0 0 0 0 0 0 0 0 0 0 0 0 0 0 0 0 0 0 0 0 0 0 0 0 0 0 0 0 0 0 0 0 0 0 0 0 0 0 0 0 0 0 0 0 0 0 0 0 0 0 0 0 0 0 0 0 0 0 0 0 0 0 0 0 0 0 0 0 0 0 0 0 0 0 0 0 0 0 0 0 0 0 0 0 0 0 0 0 0 0 0 0 0 0 0 0 0 0 0 0 0 0 0 0 0 0 0 0 0 0 0 0 0 0 0 0 0 0 0 0 0 0 0 0 0 0 0 0 0 0 0 0 0 0 0 0 0 0 0 0 0 0 0 0 0 0 0 0 0 0 0 0 0 0 0 0 0 0 0 0 0 0 0 0 0 0 0 0 0 0 0 0 0 0 0 0 0 0 0 0 0 0 0 0 0 0 0 0 0 0 0 0 0 0 0 0 0 0 0 0 0 0 0 0 0 
80 0 0 0 0 0 0 0 0 0 0 0 0 0 0 0 0 0 0 0 0 0 0 64 0 0 0 0 0 0 0 0 0 0 0 0 0 0 0 0 0 0 0 0 0 0 0 0 0 0 0 0 0 0 0 0 0 0 0 0 0 0 0 0 0 0 0 0 0 0 0 0 0 0 0 0 100 0 0 0 0 0 0 20 0 0 0 0 0 0 0 0 0 0 0 0 0 0 0 0 0 0 0 0 0 0 0 0 0 0 0 0 0 0 0 0 0 200 0 0 0 0 0 0 0 0 0 0 0 0 0 0 0 0 0 0 0 0 0 0 0 0 0 0 0 0 0 0 0 0 0 0 0 0 0 16 0 0 0 0 0 0 0 0 0 0 0 0 0 0 0 113 0 0 0 0 0 0 0 0 0 0 0 0 0 0 0 0 0 0 0 0 0 0 0 0 32 0 0 0 0 0 0 0 0 0 40 0 0 0 0 
0 0 0 0 0 0 0 0 0 0 0 0 0 0 0 0 0 0 0 0 0 0 0 0 0 0 0 0 0 0 0 0 0 0 0 0 0 0 0 0 0 0 0 0 0 0 0 0 0 0 0 0 0 0 0 0 0 0 0 0 0 0 0 0 0 0 0 0 0 0 0 0 0 0 0 0 0 0 0 0 0 0 0 0 0 0 0 0 0 0 0 0 0 0 0 0 0 0 0 0 0 0 0 0 0 0 0 0 0 0 0 0 0 0 0 0 0 0 0 0 0 0 0 0 0 0 0 0 0 0 0 0 0 0 0 0 0 0 0 0 0 0 0 0 0 0 0 0 0 0 0 0 0 0 0 0 0 0 0 0 0 0 0 0 0 0 0 0 0 0 0 0 0 0 0 0 0 0 0 0 0 0 0 0 0 0 0 0 0 0 0 0 0 0 0 0 0 0 0 0 0 0 0 0 0 0 0 0 0 0 0 
0 0 0 0 0 0 0 0 0 0 0 0 0 0 0 0 0 0 0 0 0 0 0 0 0 0 0 0 0 0 0 0 0 0 0 0 0 0 0 0 0 0 0 0 0 0 0 0 0 0 0 0 0 0 0 0 0 0 0 0 0 0 0 0 0 0 0 0 0 0 0 0 0 0 0 0 0 0 0 0 0 0 0 0 0 0 0 0 0 0 0 0 0 0 0 0 0 0 0 0 0 0 0 0 0 0 0 0 0 0 0 0 0 0 0 0 0 0 0 0 0 0 0 0 0 0 0 0 0 0 0 0 0 0 0 0 0 0 0 0 0 0 0 0 0 0 0 0 0 0 0 0 0 0 0 0 0 0 0 0 0 0 0 0 0 0 0 0 0 0 0 0 0 0 0 0 0 0 0 0 0 0 0 0 0 0 0 0 0 0 0 0 0 0 0 0 0 0 0 0 0 0 0 0 0 0 0 0 0 0 0 
0 0 0 0 0 0 0 0 0 0 0 0 0 0 0 0 0 0 0 0 0 0 0 0 0 0 0 0 0 0 0 0 0 0 0 0 0 0 0 0 0 0 0 0 0 0 0 0 0 0 0 0 0 0 0 0 0 0 0 0 0 0 0 0 0 0 0 0 0 0 0 0 0 0 0 0 0 0 0 0 0 0 0 0 0 0 0 0 0 0 0 0 0 0 0 0 0 0 0 0 0 0 0 0 0 0 0 0 0 0 0 0 0 0 0 0 0 0 0 0 0 0 0 0 0 0 0 0 0 0 0 0 0 0 0 0 0 0 0 0 0 0 0 0 0 0 0 0 0 0 0 0 0 0 0 0 0 0 0 0 0 0 0 0 0 0 0 0 0 0 0 0 0 0 0 0 0 0 0 0 0 0 0 0 0 0 0 0 0 0 0 0 0 0 0 0 0 0 0 0 0 0 0 0 0 0 0 0 0 0 0 
0 0 0 0 0 0 0 0 0 0 0 0 0 0 0 0 0 0 0 0 0 0 0 20 0 0 0 0 0 0 0 0 0 0 16 0 0 0 0 0 0 0 0 0 80 0 0 0 0 0 0 0 0 0 0 0 0 0 0 0 0 0 20 0 0 0 0 16 0 0 0 0 0 0 0 0 80 13 0 0 0 0 0 100 0 0 0 0 0 0 0 0 0 0 0 0 0 0 0 0 0 0 0 0 0 20 0 0 0 0 0 0 0 0 0 0 0 122 0 51 13 0 0 0 0 0 0 164 0 0 0 0 0 0 0 0 0 0 0 0 0 0 0 16 0 0 0 0 0 0 0 0 0 0 32 475 0 0 32 0 0 0 0 0 0 0 0 80 0 0 0 53 0 0 0 0 0 0 0 0 0 0 0 0 0 0 0 0 0 0 0 0 0 0 0 0 64 0 0 0 0 0 0 0 0 0 100 0 0 0 0 
300 0 0 0 0 0 0 0 0 0 0 0 0 0 106 0 0 0 0 0 0 0 0 266 0 0 0 0 0 0 0 0 0 0 37 0 0 0 0 0 0 0 0 0 0 0 0 0 80 0 0 0 0 0 0 0 0 0 0 0 0 0 0 0 0 0 0 0 0 0 40 0 0 0 0 0 32 80 0 0 0 0 0 113 0 0 0 0 0 0 0 0 0 0 0 80 0 0 64 0 0 0 0 0 0 0 0 0 0 0 0 0 0 0 0 0 0 222 0 26 0 0 0 0 0 0 0 0 51 0 0 0 32 0 0 0 0 0 0 0 0 0 0 0 0 0 0 0 0 0 0 0 0 0 0 480 0 0 0 0 0 0 0 0 0 0 0 0 0 0 0 64 0 0 0 0 0 0 0 0 0 0 32 0 0 0 0 0 0 0 0 0 0 0 0 0 102 0 0 0 0 0 0 0 0 0 0 0 0 0 0 
80 0 0 0 0 0 0 0 0 0 0 0 0 0 0 0 0 0 0 0 0 0 0 96 0 0 0 0 0 0 0 0 0 0 0 0 0 0 0 0 0 0 0 0 0 0 0 20 0 0 0 0 0 0 0 0 0 0 0 0 0 0 0 0 0 0 0 0 0 0 0 0 0 0 0 0 0 51 0 0 0 0 0 0 0 0 0 0 0 0 0 0 0 0 0 0 0 0 0 0 0 0 0 0 0 0 0 0 0 0 0 0 0 0 0 0 0 131 0 0 0 0 0 0 0 0 0 0 0 0 0 0 0 0 0 0 0 0 0 0 0 0 0 0 0 0 0 0 0 0 0 0 0 0 0 0 0 0 0 0 0 0 0 0 0 0 0 0 0 0 0 13 0 0 0 0 0 0 0 0 0 0 0 0 0 0 0 0 0 0 0 0 0 0 0 0 32 0 0 0 0 0 0 0 0 0 0 0 0 0 0 
32 0 0 0 0 0 0 0 0 0 0 0 0 0 0 0 0 0 0 0 0 32 0 110 0 0 0 0 0 0 64 0 0 0 20 0 0 0 0 0 0 0 0 0 0 0 0 0 0 16 0 0 0 0 0 0 0 0 0 0 0 0 64 0 0 0 0 0 0 0 0 0 0 0 0 0 222 0 0 0 0 0 0 219 0 0 0 0 0 0 0 0 0 0 0 40 0 0 0 0 0 0 32 0 0 0 0 0 0 0 0 0 0 0 0 0 0 690 0 64 0 20 0 0 0 100 0 64 0 0 80 0 0 0 0 0 0 0 0 0 0 0 0 0 0 0 0 0 0 0 0 0 0 0 16 419 0 0 0 0 0 0 0 0 0 80 0 0 0 0 0 314 0 0 0 0 0 0 0 0 0 0 0 0 0 0 0 0 0 0 0 0 0 0 0 0 117 0 0 0 16 0 0 0 0 0 0 0 0 0 0 
72 0 0 0 0 0 0 0 0 0 0 0 0 0 0 0 0 0 0 0 0 0 0 32 0 0 0 0 0 0 65 0 0 0 80 0 0 0 0 0 0 0 0 0 0 0 0 0 0 0 26 0 0 0 0 0 0 0 0 0 0 0 0 0 0 0 0 0 0 0 0 0 0 0 0 0 20 0 0 0 0 0 0 0 0 0 0 0 0 0 51 0 0 0 0 0 0 0 0 0 0 0 0 0 0 0 0 0 0 0 0 0 0 0 0 0 0 64 0 0 0 0 0 0 0 0 0 0 0 0 0 0 0 0 0 0 0 0 0 0 0 0 0 0 0 0 0 0 0 0 0 0 64 0 64 77 0 0 0 0 0 0 0 26 0 0 0 0 0 0 0 128 0 0 0 0 0 0 0 0 0 0 0 0 0 0 0 0 40 0 0 0 0 0 0 0 0 0 0 0 0 0 0 0 0 0 0 0 0 0 0 
311 0 0 0 80 0 0 0 0 0 0 0 0 0 40 0 0 0 0 0 0 0 32 189 0 32 0 0 0 0 16 0 0 0 80 0 0 0 0 0 0 0 0 0 0 0 0 0 0 157 0 0 0 0 0 0 0 0 0 0 0 0 0 0 0 0 0 0 0 0 0 0 0 0 0 0 90 64 0 0 0 0 0 225 0 0 0 0 0 80 0 46 0 0 0 51 0 0 0 0 0 0 131 0 0 0 0 16 0 0 0 40 0 0 0 0 0 279 0 0 0 0 0 0 0 0 0 0 0 0 20 0 0 0 0 0 0 0 0 0 0 0 0 0 0 0 40 0 26 0 0 0 0 13 144 562 80 0 0 0 0 20 100 0 0 0 0 0 0 0 0 320 0 0 0 0 0 0 0 0 0 64 0 0 0 0 0 0 0 0 0 0 40 0 0 0 65 0 0 0 80 0 0 0 0 0 0 0 0 20 0 
64 0 0 0 0 0 0 0 0 0 0 0 0 0 0 0 0 0 0 0 0 0 0 132 0 0 0 0 0 0 0 0 0 0 80 0 0 0 0 0 0 0 0 0 0 0 0 0 0 16 0 0 0 0 0 0 0 0 0 0 0 0 0 0 0 0 0 0 0 0 0 0 0 0 0 0 0 64 0 0 0 0 0 80 0 0 0 0 0 0 0 0 0 0 0 0 0 0 0 0 0 0 0 0 0 0 0 0 0 0 0 0 0 0 0 0 0 96 0 32 0 0 0 0 0 64 0 64 0 0 0 0 0 0 0 0 0 0 0 0 0 0 0 0 0 0 0 0 0 0 0 0 0 0 0 104 0 0 0 0 0 0 0 0 0 0 0 0 0 0 0 20 0 0 0 0 0 0 0 0 0 0 0 0 0 0 0 0 0 0 0 0 0 0 0 0 0 0 0 0 80 0 0 0 0 0 0 0 0 0 0 
84 0 0 0 0 0 0 0 0 0 0 0 0 0 51 40 0 0 0 0 0 0 0 0 0 0 0 0 0 0 144 0 0 0 0 0 0 0 0 0 0 0 0 0 0 0 0 0 0 0 0 0 0 0 0 0 0 0 0 0 0 0 0 0 0 0 0 0 0 0 0 0 0 0 0 0 80 80 0 0 0 0 0 32 0 0 0 0 0 26 100 0 0 0 0 0 0 0 0 0 0 0 0 0 0 0 0 0 0 0 0 0 0 0 0 0 0 190 0 0 0 64 0 0 0 0 0 0 0 0 0 0 0 0 0 0 0 0 0 0 0 0 0 0 0 0 0 0 51 0 0 0 0 0 83 293 0 0 100 0 0 0 0 0 0 0 0 0 0 0 0 39 0 0 0 0 0 0 0 0 0 0 0 0 0 0 0 0 0 0 0 0 0 0 0 0 16 0 0 0 0 0 0 0 0 0 0 0 0 0 0 
2403 0 26 0 80 0 0 0 0 13 407 13 0 0 330 0 0 0 0 0 39 0 228 2122 0 42 0 0 64 13 1398 0 0 0 433 40 0 0 0 26 0 0 0 0 0 0 80 51 100 841 77 0 0 0 0 0 0 129 0 0 0 40 78 16 0 51 20 0 0 0 0 80 0 200 0 0 740 253 26 0 0 0 106 1396 0 0 0 0 0 90 903 77 64 84 200 471 0 0 734 0 307 0 229 61 1937 108 0 0 0 0 64 51 0 0 0 166 0 2015 126 107 39 254 0 40 80 127 0 64 183 0 0 0 0 0 0 0 0 0 0 0 72 32 0 100 0 0 80 0 416 80 0 0 131 67 4060 4200 64 112 16 0 0 0 427 277 0 0 100 80 0 0 0 2927 0 0 0 0 0 0 0 0 363 286 0 64 0 0 0 0 0 0 80 0 0 0 0 13 195 0 13 0 169 0 0 0 0 0 682 0 0 140 0 
236 0 0 0 26 26 0 0 0 0 77 0 0 0 0 0 0 0 0 0 61 0 34 543 0 16 0 0 0 0 202 0 0 0 73 0 0 0 0 26 0 0 0 0 0 0 0 0 0 83 0 0 0 0 0 0 0 0 0 0 32 0 0 0 0 0 0 0 0 0 0 0 0 0 0 0 147 77 0 0 0 0 0 686 0 0 0 0 0 0 173 0 0 40 0 13 0 0 0 0 0 0 170 104 0 0 0 0 0 0 0 0 0 0 0 0 0 1192 0 104 0 0 0 0 179 400 0 0 64 0 0 0 0 0 0 0 0 0 0 0 0 0 0 0 0 0 0 0 16 64 0 0 47 64 81 761 0 20 0 0 0 0 169 73 0 0 0 0 0 0 0 329 32 0 0 0 0 0 0 0 0 0 51 0 0 0 0 0 0 0 0 0 195 0 0 0 289 0 32 0 40 0 0 0 0 0 0 0 0 87 0 
0 0 0 0 0 0 0 0 0 0 0 0 0 0 0 0 0 0 0 0 0 0 0 0 0 0 0 0 0 0 0 0 0 0 0 0 0 0 0 0 0 0 0 0 0 0 0 0 0 0 0 0 0 0 0 0 0 0 0 0 0 0 0 0 0 0 0 0 0 0 0 0 0 0 0 0 0 0 0 0 0 0 0 0 0 0 0 0 0 0 0 0 0 0 0 0 0 0 0 0 0 0 0 0 0 0 0 0 0 0 0 0 0 0 0 0 0 0 0 0 0 0 0 0 0 0 0 0 0 0 0 0 0 0 0 0 0 0 0 0 0 0 0 0 0 0 0 0 0 0 0 0 0 0 0 0 80 0 0 0 0 0 0 0 0 0 0 0 0 0 0 0 0 0 0 0 0 0 0 0 64 0 0 0 0 0 0 0 0 0 0 0 0 0 0 0 0 0 0 0 0 0 0 0 0 0 0 0 0 0 0 
61 0 0 0 180 0 0 0 0 0 0 0 0 0 0 0 0 0 0 0 0 0 0 93 0 0 0 0 0 0 51 0 0 0 0 0 0 0 0 0 0 0 0 0 0 0 0 0 0 64 0 0 0 0 0 0 0 0 0 0 0 0 0 0 0 0 0 0 0 0 0 0 0 0 0 0 13 0 0 0 0 0 20 78 0 0 0 0 0 0 0 0 0 0 0 0 0 0 0 0 0 0 216 0 0 0 0 0 0 0 0 0 0 0 0 0 0 266 0 0 0 0 0 0 126 80 0 106 0 0 0 0 0 0 0 0 0 0 0 0 0 0 0 0 0 0 0 0 0 0 0 0 0 64 100 362 0 0 0 0 0 0 32 0 0 0 0 0 0 0 0 344 0 0 0 0 0 0 0 0 104 0 0 0 0 0 0 0 0 0 0 0 0 0 0 0 102 0 0 0 0 0 0 0 0 126 0 0 0 0 0 
4464 0 0 0 64 0 0 0 0 0 16 51 0 0 248 0 0 0 0 0 0 0 392 1152 0 37 0 0 0 0 2379 0 0 0 158 13 0 0 20 70 40 0 0 0 0 13 0 0 0 195 0 0 0 0 0 0 0 115 0 0 0 0 0 0 0 0 32 0 0 0 0 0 0 20 0 32 203 32 0 0 0 0 0 890 0 72 0 0 0 13 346 96 0 0 0 100 0 0 32 16 147 0 126 0 34 16 0 0 0 0 0 0 0 0 0 0 0 1183 0 143 0 93 0 0 145 42 0 0 64 0 40 32 0 0 0 0 0 0 0 0 0 51 0 0 0 64 0 0 0 13 0 0 443 89 496 1058 147 26 0 0 0 51 42 179 0 13 32 0 0 0 0 667 0 26 72 0 0 0 0 0 58 13 0 26 0 0 0 0 32 0 0 0 0 0 20 0 39 0 64 0 57 0 0 0 26 0 250 0 61 256 0 
1462 20 0 0 77 0 0 0 0 0 80 64 0 0 247 0 0 0 0 0 0 0 180 960 13 760 0 0 100 0 231 0 0 0 77 13 0 0 0 140 32 0 0 0 0 0 0 0 16 378 20 0 0 0 0 0 0 260 0 0 0 0 0 0 100 100 0 0 0 0 0 0 0 0 0 0 239 100 0 0 0 0 0 1894 0 0 0 0 0 67 178 100 0 13 81 16 0 0 146 0 51 0 72 260 0 0 0 0 0 0 0 0 0 0 0 100 0 1428 0 220 80 527 0 0 397 638 0 51 0 0 0 0 16 0 0 0 0 0 0 0 0 16 0 0 0 0 0 0 64 16 0 32 40 16 516 3236 51 100 92 0 0 0 190 100 0 200 0 0 0 0 0 925 100 0 0 0 0 0 0 0 16 153 160 144 0 0 0 0 0 0 180 0 0 0 0 0 241 0 0 0 246 0 51 0 40 26 279 0 0 26 0 
3785 0 26 0 153 84 0 0 0 0 100 54 0 0 1091 80 0 0 0 0 40 0 475 2628 149 291 16 0 40 0 964 0 0 0 1561 80 0 0 51 225 40 40 0 0 0 51 0 100 315 870 172 16 0 13 0 0 0 1047 0 0 110 58 165 26 0 83 318 0 0 0 0 0 0 90 0 32 1060 280 92 0 0 200 620 3250 160 0 0 0 100 292 1259 39 195 0 120 305 0 0 172 151 760 0 247 738 302 594 0 0 0 0 0 593 0 0 0 317 0 4855 81 676 251 541 0 0 356 496 80 224 222 81 0 65 0 0 0 0 0 0 0 0 39 82 0 0 0 575 42 64 617 258 0 137 414 149 906 9281 174 13 121 0 20 165 835 531 0 40 232 0 0 0 0 4604 0 96 53 0 0 80 20 0 413 539 131 192 0 0 0 0 339 0 474 0 99 0 0 0 1250 0 0 0 37 0 64 0 69 197 712 101 142 1136 0 
13962 84 93 0 838 155 20 26 67 311 776 500 0 0 3192 371 0 0 26 0 1178 80 1981 33477 355 698 0 0 76 194 4168 0 0 0 8204 500 0 0 263 951 96 0 161 201 0 717 98 313 1384 3773 521 58 0 122 0 0 53 1278 0 0 513 165 588 184 106 37 578 0 0 0 100 32 0 373 0 13 7115 2249 41 80 0 624 484 17233 51 280 0 0 154 1638 3223 1417 333 224 852 2465 120 0 1232 205 851 0 2735 4832 826 392 100 132 26 0 758 553 0 40 0 142 0 72424 433 3708 720 3588 0 216 3547 2561 135 455 1216 117 982 496 196 0 0 0 61 0 0 0 299 0 128 303 16 499 147 270 2621 470 0 113 1114 1354 8081 46553 1343 284 700 0 0 841 1058 1503 0 753 558 360 113 0 554 17854 174 77 664 0 0 0 0 13 1121 957 234 326 220 0 0 0 468 182 1383 0 1101 0 13 150 7932 0 643 0 2676 0 609 0 1014 567 5554 83 398 1463 0 
580 0 0 0 13 0 0 0 0 0 251 0 0 0 476 0 0 0 0 0 0 0 141 1096 0 118 0 0 164 0 180 0 0 0 447 0 0 0 0 40 0 0 0 0 0 0 0 0 253 323 80 0 0 0 0 0 0 0 0 0 100 80 120 0 0 64 0 0 0 0 0 0 0 51 0 0 511 0 0 0 0 0 0 1067 0 0 0 0 0 67 51 80 0 0 26 0 0 0 0 120 64 0 0 0 13 144 0 0 0 0 0 0 0 0 0 200 0 488 0 93 144 49 0 0 236 102 0 0 13 0 218 0 0 0 0 0 0 0 0 0 0 0 0 40 0 26 0 0 54 98 0 0 0 0 163 1662 180 0 41 0 0 0 80 13 0 40 0 0 100 0 80 1049 0 0 13 0 0 0 0 0 251 0 0 0 0 0 0 0 0 0 100 100 0 0 0 0 244 0 151 0 0 0 0 0 0 0 960 0 120 16 0 
87 0 0 0 0 0 0 0 0 0 0 0 0 0 0 0 0 0 0 0 32 0 93 284 0 0 0 0 0 0 196 0 0 0 100 0 0 0 0 0 0 0 0 0 0 0 0 0 0 400 0 0 0 0 0 0 0 100 0 0 0 0 0 0 0 0 0 0 0 0 0 0 0 0 0 0 0 40 0 0 0 0 0 614 0 0 0 0 0 200 20 0 0 0 0 100 0 0 0 0 0 0 0 0 0 0 0 0 0 0 0 131 0 0 0 0 0 181 0 0 0 0 0 0 0 0 0 0 0 0 0 0 0 0 0 0 0 0 0 0 0 0 0 0 0 0 0 0 200 0 0 0 0 0 254 444 0 0 0 0 0 0 147 0 0 0 0 0 0 0 0 313 0 0 0 0 0 0 0 0 16 39 0 0 0 0 0 0 0 0 0 0 0 0 0 0 73 0 0 0 0 0 0 0 16 0 140 0 0 64 0 
773 0 0 0 40 0 0 0 40 0 40 0 0 0 105 16 0 0 0 0 0 0 20 339 0 16 0 0 0 0 123 0 0 0 432 0 0 0 0 0 0 0 0 0 51 0 0 0 0 153 40 0 0 0 0 0 0 0 0 0 64 0 0 0 0 0 77 0 0 0 0 0 0 0 0 0 120 51 0 0 0 0 0 401 0 0 0 0 0 26 94 64 0 0 39 0 0 0 0 0 0 0 0 0 0 80 0 0 0 0 16 0 0 0 0 0 0 678 13 243 64 80 0 0 145 0 0 0 180 0 51 0 0 0 0 0 0 0 0 0 0 0 0 0 0 0 0 51 116 13 0 0 0 0 0 1541 211 0 0 0 0 0 0 20 0 0 0 0 0 0 0 934 0 0 100 0 0 0 0 0 51 100 0 0 0 0 0 0 0 0 0 0 32 0 0 20 0 0 0 0 0 0 0 0 0 0 368 0 0 240 0 
0 0 0 0 0 0 0 0 0 0 0 0 0 0 0 0 0 0 0 0 0 0 0 0 0 0 0 0 0 0 0 0 0 0 0 0 0 0 0 0 0 0 0 0 0 0 0 0 0 0 0 0 0 0 0 0 0 0 0 0 0 0 0 0 0 0 0 0 0 0 0 0 0 0 0 0 0 0 0 0 0 0 0 0 0 0 0 0 0 0 0 0 0 0 0 0 0 0 0 0 0 0 0 0 0 0 0 0 0 0 0 0 0 0 0 0 0 0 0 0 0 0 0 0 0 0 0 0 0 0 0 0 0 0 0 0 0 0 0 0 0 0 0 0 0 0 0 0 0 0 0 0 0 0 0 0 0 0 0 0 0 0 0 0 0 0 0 0 0 0 0 100 0 0 0 0 0 0 0 0 0 0 0 0 0 0 0 0 0 0 0 0 0 0 0 0 0 0 0 0 0 0 0 0 0 0 0 0 0 0 0 
0 0 0 0 0 0 0 0 0 0 0 0 0 0 0 0 0 0 0 0 0 0 64 26 0 0 0 0 0 0 0 0 0 0 80 0 0 0 0 0 0 0 0 0 0 40 0 100 0 0 0 0 0 0 0 0 0 0 0 0 0 0 0 0 0 80 0 0 0 0 0 0 0 0 0 0 0 0 0 0 0 0 0 49 0 0 0 0 0 0 0 0 0 0 0 26 0 0 0 0 0 0 0 0 0 0 0 0 0 0 0 0 0 0 0 0 0 93 0 26 0 0 0 0 0 0 0 0 0 0 0 0 0 0 0 0 0 0 0 0 0 0 0 0 0 0 0 0 0 0 0 0 0 0 0 140 0 0 0 0 0 0 0 0 0 0 0 0 0 0 0 251 0 0 0 0 0 0 0 0 0 0 0 0 0 0 0 0 0 0 100 0 0 0 0 0 0 0 0 0 0 0 64 0 0 0 0 0 0 0 0 
103 20 0 0 51 0 0 0 0 0 0 0 0 0 39 0 0 0 0 0 26 0 0 704 0 51 0 0 0 0 13 0 0 0 64 0 0 0 0 0 0 0 0 0 0 0 0 0 64 163 0 0 0 0 0 0 13 0 0 0 0 0 0 0 0 0 64 0 0 0 0 0 0 0 0 0 52 65 58 0 0 0 0 114 0 0 0 0 0 0 0 0 0 0 0 96 0 0 80 16 0 0 13 0 20 102 0 0 0 0 0 0 0 0 0 0 0 558 0 49 0 0 0 0 16 64 0 0 58 0 32 0 0 0 0 0 0 0 0 0 0 0 0 0 0 32 0 0 67 0 0 0 0 0 40 867 0 0 0 0 0 0 0 0 0 0 0 0 0 0 0 472 0 0 0 0 0 0 0 0 51 0 0 0 0 0 0 0 0 0 0 0 0 0 0 0 79 0 13 0 0 0 0 0 51 64 67 0 0 0 0 
1019 0 0 0 172 0 0 0 0 0 204 96 0 0 327 0 0 0 0 0 20 0 124 1090 26 73 20 0 0 0 489 0 0 0 110 20 0 0 0 0 131 0 0 0 0 64 0 26 158 166 100 0 0 0 0 0 0 100 0 0 40 0 0 0 0 64 0 0 0 0 0 0 0 0 0 0 550 131 64 0 0 0 0 1240 0 0 0 0 0 104 229 26 16 40 0 115 0 0 96 164 40 0 202 104 179 296 0 0 0 0 0 180 80 0 0 20 0 642 20 16 0 161 0 0 216 169 0 40 0 51 0 0 0 0 0 0 0 0 0 0 0 0 0 0 0 100 0 80 384 229 0 40 163 13 286 1378 135 336 0 0 0 32 440 100 0 20 51 0 0 0 0 1351 0 0 13 0 0 0 0 0 227 199 0 100 0 0 0 0 222 0 106 20 26 0 0 0 139 0 51 0 92 0 0 0 0 100 368 0 51 280 0 
1920 51 0 0 20 0 0 0 0 0 51 61 0 0 337 13 0 0 0 0 0 13 180 2197 0 83 0 0 0 0 362 0 0 0 355 52 0 0 0 0 32 0 0 0 0 0 0 64 80 219 51 51 0 0 0 0 0 67 0 0 26 0 67 0 0 40 30 0 0 0 0 0 0 26 0 0 962 236 0 0 0 154 80 908 0 100 0 0 32 0 88 26 0 0 128 184 0 0 223 32 149 0 312 100 203 185 0 0 0 26 0 171 0 0 0 0 0 2308 0 269 26 471 0 0 140 73 0 13 0 0 0 16 0 0 0 0 0 0 0 0 0 0 13 98 0 64 0 0 110 40 64 0 219 105 1028 3434 40 0 26 0 0 0 136 0 0 0 32 40 0 0 80 1791 0 0 26 0 80 0 0 0 99 57 77 16 0 0 0 0 64 0 107 0 20 0 0 0 151 0 89 0 85 0 0 0 0 131 218 0 92 131 0 
0 0 0 0 0 0 0 0 0 0 0 0 0 0 0 0 0 0 0 0 0 0 0 0 0 0 0 0 0 0 0 0 0 0 0 0 0 0 0 0 0 0 0 0 0 0 0 0 0 0 0 0 0 0 0 0 0 0 0 0 0 0 0 0 0 0 0 0 0 0 0 0 0 0 0 0 0 0 0 0 0 0 0 0 0 0 0 0 0 0 0 0 0 0 0 0 0 0 0 0 0 0 0 0 0 0 0 0 0 0 0 0 0 0 0 0 0 0 0 0 0 0 0 0 0 0 0 0 0 0 0 0 0 0 0 0 0 0 0 0 0 0 0 0 0 0 0 0 0 0 0 0 0 0 0 0 0 0 0 0 0 0 0 0 0 0 0 0 0 0 0 0 0 0 0 0 0 0 0 0 0 0 0 0 0 0 0 0 0 0 0 0 0 0 0 0 0 0 0 0 0 0 0 0 0 0 0 0 0 0 0 
180 0 0 0 32 0 0 0 0 0 64 0 0 0 40 0 0 0 0 0 0 0 13 759 16 47 0 0 13 0 102 0 0 0 33 0 0 0 0 0 0 0 0 0 0 0 0 0 64 32 0 0 0 0 0 0 0 120 0 0 0 0 0 0 0 0 90 0 0 0 0 0 0 0 0 0 325 94 0 0 0 0 0 393 0 0 0 0 0 0 0 13 0 40 0 0 0 0 0 0 0 0 257 57 13 0 0 0 0 0 0 0 0 0 0 0 0 777 0 54 32 63 0 0 81 34 0 0 51 0 0 0 0 0 0 0 0 0 0 0 0 0 0 0 0 0 0 0 125 0 0 0 0 96 290 1019 72 13 0 0 0 0 200 0 0 0 0 0 0 0 0 292 0 0 0 0 0 0 0 0 13 32 92 0 0 0 0 0 20 0 122 0 32 0 0 0 601 0 0 0 1100 0 100 0 280 0 110 0 0 160 0 
822 0 0 0 57 0 0 0 0 0 0 0 0 0 64 0 0 0 0 0 0 0 468 482 0 32 0 0 0 0 77 0 0 0 111 0 0 0 0 40 0 0 0 0 0 0 0 0 200 96 0 0 0 0 0 0 0 113 0 0 16 0 0 0 0 0 0 0 0 0 0 0 0 0 0 0 145 51 0 0 0 0 0 354 0 0 0 0 0 0 438 100 80 144 0 192 0 0 126 80 0 0 117 84 0 0 0 0 0 0 0 0 0 0 0 0 0 607 0 67 0 90 0 0 26 32 0 0 0 0 0 0 0 0 0 0 0 0 0 0 0 0 0 0 0 0 0 0 51 0 0 0 102 124 108 795 0 0 0 0 0 0 478 164 0 0 40 0 0 0 0 493 0 0 0 0 0 0 0 0 40 32 0 0 0 0 0 0 40 0 0 13 0 0 0 0 0 0 0 0 0 0 0 0 0 0 53 40 92 0 0 
574 0 0 0 0 0 0 0 0 0 0 0 0 0 0 0 0 0 0 0 0 0 0 394 0 0 0 0 0 0 51 0 0 0 20 0 0 0 0 51 0 0 0 0 0 0 0 51 100 16 0 0 0 0 0 0 0 0 0 0 0 0 32 0 0 100 0 0 0 0 0 0 0 0 0 0 90 26 0 0 0 0 0 0 0 0 0 0 0 20 51 132 0 0 0 80 0 0 0 0 0 0 0 0 0 0 0 0 0 0 0 0 0 0 0 0 0 315 40 77 0 16 0 0 0 0 0 0 0 0 317 0 0 0 0 0 0 0 0 0 0 0 0 0 0 0 0 0 0 0 0 0 13 0 104 909 0 20 0 0 0 0 0 0 0 0 0 0 0 0 0 218 0 0 0 0 0 0 0 0 0 0 0 0 0 0 0 0 0 0 0 0 20 0 0 0 100 0 0 0 0 0 0 0 0 0 64 0 0 32 0 
0 0 0 0 0 0 0 0 0 0 64 0 0 0 100 0 0 0 0 0 0 0 0 115 0 0 0 0 0 0 0 0 0 0 0 0 0 0 0 0 0 0 0 0 0 0 0 0 0 0 0 0 0 0 0 0 0 0 0 0 0 0 0 0 0 0 0 0 0 0 0 0 0 0 0 0 26 0 0 0 0 0 0 51 0 0 0 0 0 0 0 100 0 0 0 0 0 0 0 0 0 0 0 0 0 0 0 0 0 0 0 40 0 0 0 0 0 120 0 100 0 0 0 0 0 0 0 0 0 0 0 0 0 0 0 0 0 0 0 0 0 0 0 0 0 0 0 0 0 0 0 0 0 0 0 149 0 0 0 0 0 16 0 0 0 0 0 0 0 0 0 0 0 0 0 0 0 0 0 0 0 0 0 0 0 0 0 0 0 0 0 0 0 0 0 0 0 0 0 0 0 0 0 0 0 0 0 0 0 0 0 
0 0 0 0 0 0 0 0 0 0 0 0 0 0 0 0 0 0 0 0 0 0 0 0 0 0 0 0 0 0 0 0 0 0 0 0 0 0 0 0 0 0 0 0 0 0 0 0 0 0 0 0 0 0 0 0 0 0 0 0 0 0 0 0 0 0 0 0 0 0 0 0 0 0 0 0 0 0 0 0 0 0 0 0 0 0 0 0 0 0 0 0 0 0 0 0 0 0 0 0 0 0 0 0 0 0 0 0 0 0 0 0 0 0 0 0 0 0 0 0 0 0 0 0 0 0 0 0 0 0 0 0 0 0 0 0 0 0 0 0 0 0 0 0 0 0 0 0 0 0 0 0 0 0 0 0 0 0 0 0 0 0 0 0 0 0 0 0 0 0 0 0 0 0 0 0 0 0 0 0 0 0 0 0 0 0 0 0 0 0 0 0 0 0 0 0 0 0 0 0 0 0 0 0 0 0 0 0 0 0 0 
67 0 0 0 0 0 0 0 0 0 0 0 0 0 51 0 0 0 0 0 0 0 0 110 0 0 0 0 0 0 16 0 0 0 749 0 0 0 0 0 0 0 0 0 0 0 0 0 32 0 0 0 0 0 0 0 0 80 0 0 0 0 0 0 0 0 51 0 0 0 0 0 0 0 0 0 156 0 0 0 0 0 0 64 0 0 0 0 0 0 151 26 0 0 64 0 0 0 0 0 0 0 0 0 0 0 0 0 0 0 0 67 0 0 0 0 0 86 0 0 13 64 0 0 0 0 0 0 0 0 16 0 0 0 0 0 0 0 0 0 0 0 0 0 0 0 0 0 0 0 0 0 0 0 133 437 32 0 39 0 0 0 0 0 0 0 0 0 0 0 0 159 0 0 0 0 0 0 0 0 0 0 0 0 0 0 0 0 0 0 0 0 0 0 0 0 0 0 0 0 0 0 0 0 0 0 0 20 0 0 0 
17170 0 64 0 847 75 0 0 160 195 307 334 0 0 2868 177 0 0 0 0 561 51 1732 14989 577 1334 0 0 485 0 3430 144 0 0 4328 607 0 0 34 529 26 0 0 46 0 117 16 100 1511 2516 160 212 0 131 0 0 13 495 0 0 852 30 293 42 106 20 703 200 0 0 49 0 0 625 0 0 5460 2409 133 0 0 255 409 11719 0 161 0 0 0 1137 3088 774 216 127 662 1341 64 0 549 0 358 0 1951 359 721 322 0 64 0 0 275 744 40 0 0 334 0 15323 80 3233 656 2104 0 64 1723 1134 13 1036 1840 128 436 229 26 0 0 0 0 0 0 0 41 845 0 337 0 132 67 0 2183 1167 0 367 1604 882 5427 41662 2188 403 262 64 80 561 666 2203 0 723 187 387 0 0 430 11478 0 40 515 0 0 131 64 64 1377 1712 302 0 126 0 0 0 788 120 589 92 873 0 147 20 2504 0 231 0 1203 0 664 0 264 219 4100 115 510 490 0 
0 0 0 0 0 0 0 0 0 0 0 0 0 0 0 0 0 0 0 0 0 0 0 164 0 0 0 0 0 0 0 0 0 0 0 0 0 0 0 0 0 0 0 0 0 0 0 0 0 0 0 0 0 0 0 0 0 0 0 0 0 0 0 0 0 0 0 0 0 0 0 0 0 0 0 0 51 0 0 0 0 0 0 0 0 0 0 0 0 0 0 0 0 0 0 0 0 0 0 0 0 0 0 0 0 0 0 0 0 0 0 0 0 0 0 0 0 26 0 0 0 0 0 0 0 0 0 0 0 0 0 0 0 0 0 0 0 0 0 0 0 0 0 0 0 0 0 0 0 0 0 0 0 51 0 40 0 0 0 0 0 0 0 0 0 0 0 0 0 0 0 0 40 0 0 0 0 0 0 0 0 0 0 0 0 0 0 0 0 0 0 0 0 0 0 0 0 0 0 0 0 0 0 0 0 0 0 0 0 0 0 
34 0 0 0 0 0 0 0 0 0 0 0 0 0 51 0 0 0 0 0 0 0 100 80 0 0 0 0 0 0 64 0 0 0 34 0 0 0 0 0 0 0 0 0 0 0 0 0 0 0 0 0 0 0 0 0 0 0 0 0 0 0 0 0 0 0 0 0 0 0 0 0 0 0 0 0 0 0 0 0 0 0 0 117 0 0 0 0 0 0 0 0 0 0 0 0 0 0 0 0 0 0 0 16 0 0 0 0 0 0 0 0 0 0 0 0 0 148 0 0 0 40 0 0 0 0 0 0 0 0 0 0 0 0 0 0 0 0 0 0 0 0 0 0 0 0 0 0 13 0 0 0 0 0 112 458 142 0 0 0 0 0 0 0 0 0 0 0 0 0 0 58 0 0 0 0 0 0 0 0 0 0 0 0 0 0 0 0 0 0 0 0 0 0 0 0 61 0 0 0 32 0 0 0 0 0 16 0 0 0 0 
404 0 0 0 0 0 0 0 0 0 0 0 0 0 164 0 0 0 0 0 20 0 32 370 100 100 0 0 0 0 0 0 0 0 64 0 0 0 0 16 0 0 0 0 0 0 0 0 0 0 0 0 0 0 0 0 0 32 0 0 0 0 0 0 0 0 100 0 0 0 0 0 0 51 0 0 34 0 0 0 0 0 0 90 0 0 0 0 0 0 312 0 0 0 0 32 0 0 0 0 0 0 117 160 0 0 0 0 0 0 0 116 0 0 0 0 0 604 0 64 20 51 0 0 104 0 0 0 0 0 0 0 0 0 0 0 0 0 0 0 0 0 0 0 0 0 100 0 0 13 0 0 200 54 0 1334 0 0 0 0 0 100 32 184 0 0 0 0 0 0 51 165 0 0 0 0 0 0 0 0 0 16 0 0 0 0 0 0 0 0 0 0 0 0 0 0 244 0 0 0 16 0 0 0 0 0 16 0 0 40 0 
0 0 0 0 0 0 0 0 0 0 0 0 0 0 0 0 0 0 0 0 0 0 0 0 0 0 0 0 0 0 0 0 0 0 0 0 0 0 0 0 0 0 0 0 0 0 0 0 0 0 0 0 0 0 0 0 0 0 0 0 0 0 0 0 0 0 0 0 0 0 0 0 0 0 0 0 0 0 0 0 0 0 0 0 0 0 0 0 0 0 0 0 0 0 0 0 0 0 0 0 0 0 0 0 0 0 0 0 0 0 0 0 0 0 0 0 0 0 0 0 0 0 0 0 0 0 0 0 0 0 0 0 0 0 0 0 0 0 0 0 0 0 0 0 0 0 0 0 0 0 0 0 0 0 0 0 0 0 0 0 0 0 0 0 0 0 0 0 0 0 0 0 0 0 0 0 0 0 0 0 0 0 0 0 0 0 0 0 0 0 0 0 0 0 0 0 0 0 0 0 0 0 0 0 0 0 0 0 0 0 0 
0 0 0 0 0 0 0 0 0 0 0 0 0 0 0 0 0 0 0 0 0 0 0 16 0 0 0 0 0 0 0 0 0 0 26 0 0 0 0 0 0 0 0 0 0 0 0 0 0 0 0 0 0 0 0 0 0 0 0 0 0 0 0 0 0 0 0 0 0 0 0 0 0 0 0 0 0 0 0 0 0 0 0 0 0 0 0 0 0 0 0 0 0 0 0 0 0 0 0 0 0 0 0 0 0 0 0 0 0 0 0 0 0 0 0 0 0 0 0 0 0 0 0 0 0 0 0 0 0 0 0 0 0 0 0 0 0 0 0 0 0 0 0 0 0 0 0 0 0 0 100 0 0 0 0 0 64 0 0 0 0 0 0 0 0 0 0 0 0 0 0 0 0 0 0 0 0 0 0 0 51 0 0 0 0 0 0 0 0 0 0 0 0 0 0 0 0 0 0 0 0 0 0 0 0 0 0 0 0 0 0 
13 0 0 0 0 0 0 0 0 0 0 0 0 0 0 0 0 0 0 0 0 0 0 0 0 0 0 0 0 0 0 0 0 0 0 0 0 0 0 0 0 0 0 0 0 0 0 0 0 0 0 0 0 0 0 0 0 0 0 0 0 0 0 0 0 13 80 0 0 0 0 0 0 0 0 0 0 16 0 0 0 0 0 100 0 0 0 0 0 0 0 0 0 0 0 0 0 0 260 0 0 0 0 0 0 0 0 0 0 0 0 0 0 0 0 0 0 51 0 0 0 0 0 0 26 208 0 72 0 0 0 0 0 0 0 0 0 0 0 0 0 0 0 0 0 0 0 0 0 0 0 0 0 0 0 0 0 0 0 0 0 0 0 0 0 0 0 0 0 0 0 80 0 0 0 0 0 0 0 0 0 0 0 0 0 0 0 0 0 0 0 0 0 0 0 0 0 0 0 0 0 0 0 0 0 0 13 0 0 0 0 
0 0 0 0 0 0 0 0 0 0 0 0 0 0 0 0 0 0 0 0 0 0 0 64 0 0 0 0 0 0 0 0 0 0 100 0 0 0 0 0 0 0 0 0 0 0 0 0 0 0 0 0 0 0 0 0 0 0 0 0 0 0 0 0 0 0 0 0 0 0 0 0 0 0 0 0 0 0 0 0 0 0 0 0 0 0 0 0 0 0 0 0 0 0 0 0 0 0 0 0 0 0 0 13 0 0 0 0 0 0 0 0 0 0 0 0 0 41 0 0 0 26 0 0 0 0 0 0 0 0 0 0 0 0 0 0 0 0 0 0 0 0 0 0 0 0 0 0 0 0 0 0 0 0 80 57 0 0 0 0 0 0 0 0 0 0 0 0 0 0 0 40 0 0 0 0 0 0 0 0 0 0 0 0 0 0 0 0 0 0 0 0 0 0 0 0 0 0 0 0 0 0 0 0 0 0 0 0 0 0 0 
0 0 0 0 0 0 0 0 0 0 0 0 0 0 0 0 0 0 0 0 0 0 0 0 0 0 0 0 0 0 0 0 0 0 0 0 0 0 0 0 0 0 0 0 0 0 0 0 0 0 0 0 0 0 0 0 0 0 0 0 0 0 0 0 0 0 0 0 0 0 0 0 0 0 0 0 0 0 0 0 0 0 0 0 0 0 0 0 0 0 0 0 0 0 0 0 0 0 0 0 0 0 0 0 0 0 0 0 0 0 0 0 0 0 0 0 0 0 0 0 0 0 0 0 0 0 0 0 0 0 0 0 0 0 0 0 0 0 0 0 0 0 0 0 0 0 0 0 0 0 0 0 0 0 0 0 0 0 0 0 0 0 0 0 0 0 0 0 0 0 0 0 0 0 0 0 0 0 0 0 0 0 0 0 0 0 0 0 0 0 0 0 0 0 0 0 0 0 0 0 0 0 0 0 0 0 0 0 0 0 0 
2083 0 0 0 13 0 0 0 0 16 0 200 0 0 310 0 0 0 0 0 316 0 256 1435 0 58 0 0 0 0 225 13 0 0 712 34 0 0 20 0 0 0 0 0 0 26 0 0 32 397 0 0 0 80 0 0 0 51 0 0 0 0 0 0 0 100 0 0 0 0 0 26 0 32 0 0 909 0 0 0 0 80 0 1291 0 0 0 0 0 194 77 80 0 0 20 20 0 0 20 0 16 0 142 0 0 0 0 0 0 0 0 0 0 0 0 120 0 1109 0 413 51 80 0 0 109 16 0 13 126 0 0 0 0 0 0 0 0 0 0 0 16 51 0 0 0 13 0 0 40 0 40 0 37 115 350 3270 58 102 40 0 0 51 64 244 0 37 0 54 0 0 41 2402 0 0 51 0 51 0 0 0 37 0 0 0 0 0 0 0 0 16 100 0 26 0 0 0 257 0 16 0 0 0 0 0 0 51 493 0 32 92 0 
1396 0 0 0 0 0 0 0 0 0 64 0 0 0 194 0 0 0 0 0 0 0 110 952 0 32 32 0 0 0 569 0 0 0 236 0 0 0 0 72 0 0 0 0 0 0 0 0 0 313 0 0 0 0 0 0 0 0 0 0 0 0 0 0 0 0 16 0 0 0 0 0 0 0 0 0 280 51 16 0 0 0 115 570 0 0 0 0 0 80 541 40 0 0 120 80 0 0 32 0 0 0 0 0 0 0 0 51 0 0 0 90 0 0 0 0 0 867 0 126 13 100 0 0 265 117 0 0 13 0 0 0 0 0 0 0 0 0 0 0 40 100 0 0 0 0 0 51 120 0 0 0 64 0 471 2879 100 0 32 0 0 0 0 300 0 0 0 20 0 0 0 605 0 0 0 0 0 0 0 0 0 13 0 0 120 0 0 0 100 0 0 0 34 0 0 0 98 0 0 0 0 0 51 0 0 26 96 0 96 67 0 
100 0 0 0 51 0 0 0 0 0 0 0 0 0 284 0 0 0 0 0 0 0 0 270 0 177 0 0 100 0 13 0 0 0 240 100 0 0 0 0 0 0 0 0 0 0 0 16 32 100 0 0 0 0 0 0 0 0 0 0 0 0 0 0 20 0 151 0 0 0 0 0 0 13 0 0 0 100 0 0 0 0 0 332 0 0 0 0 0 0 0 0 0 0 0 51 0 0 0 0 0 0 80 0 0 0 0 0 0 0 0 0 0 0 0 0 0 336 0 190 64 80 0 0 26 20 0 40 0 0 0 16 0 0 0 0 0 0 0 0 0 0 0 0 0 0 0 0 20 0 0 0 40 126 39 117 0 0 0 0 0 80 0 0 0 0 0 0 0 0 0 279 0 0 0 0 0 0 0 0 16 0 13 0 0 0 0 0 100 0 0 0 0 0 0 0 100 0 0 0 40 0 0 0 0 0 51 0 0 64 0 
124 0 0 0 51 0 0 0 0 0 0 0 0 0 51 0 0 0 0 0 20 0 0 251 51 0 0 0 0 0 77 0 0 0 85 64 0 0 0 0 0 0 0 0 0 0 0 0 13 0 0 0 0 0 0 0 0 0 0 0 0 0 0 0 0 0 64 0 0 0 0 0 0 0 0 0 84 80 0 0 0 0 0 250 0 0 0 0 0 0 0 0 0 0 0 0 0 0 40 0 0 0 0 0 0 0 0 0 0 0 0 32 0 0 0 0 0 157 0 100 100 20 0 0 0 0 0 0 96 0 0 0 0 0 0 0 0 0 0 0 0 0 0 0 0 0 0 0 0 0 0 0 0 0 26 267 0 0 0 0 0 26 0 0 0 0 0 0 0 0 77 2054 0 0 0 0 0 0 0 0 0 0 0 0 0 0 0 0 0 0 32 0 0 0 0 0 0 0 0 0 0 0 0 0 0 0 0 0 0 0 0 
51 0 0 0 0 0 0 0 0 0 0 0 0 0 0 0 0 0 0 0 0 0 0 0 0 0 0 0 0 0 0 0 0 0 0 0 0 0 0 0 0 0 0 0 0 0 0 0 0 0 0 0 0 0 0 0 0 0 0 0 0 0 0 0 0 0 0 0 0 0 0 0 0 0 0 0 80 0 0 0 0 0 0 0 0 0 0 0 0 0 0 0 0 0 0 0 0 0 0 0 0 0 0 0 0 0 0 0 0 0 0 0 0 0 0 0 0 80 0 0 0 0 0 0 0 0 0 0 0 0 0 0 0 0 0 0 0 0 0 0 0 0 0 0 0 0 0 0 0 0 0 0 0 0 0 64 0 0 0 0 0 0 0 0 0 0 0 0 0 0 0 0 0 0 0 0 0 0 0 0 0 0 0 0 0 0 0 0 0 0 0 0 0 0 0 0 0 0 0 0 0 0 0 0 0 0 0 0 0 0 0 
0 0 0 0 0 0 0 0 0 0 0 0 0 0 0 0 0 0 0 0 0 0 0 0 0 0 0 0 0 0 0 0 0 0 0 0 0 0 0 0 0 0 0 0 0 0 0 0 0 0 0 0 0 0 0 0 0 0 0 0 0 0 0 0 0 0 0 0 0 0 0 0 0 0 0 0 0 0 0 0 0 0 0 0 0 0 0 0 0 0 0 0 0 0 0 0 0 0 0 0 0 0 0 0 0 0 0 0 0 0 0 0 0 0 0 0 0 0 0 0 0 0 0 0 0 0 0 0 0 0 0 0 0 0 0 0 0 0 0 0 0 0 0 0 0 0 0 0 0 0 0 0 0 0 0 0 0 0 0 0 0 0 0 0 0 0 0 0 0 0 0 0 0 0 0 0 0 0 0 0 0 0 0 0 0 0 0 0 0 0 0 0 0 0 0 0 0 0 0 0 0 0 0 0 0 0 0 0 0 0 0 
0 0 0 0 0 0 0 0 0 0 0 0 0 0 0 0 0 0 0 0 0 0 0 0 0 0 0 0 0 0 0 0 0 0 0 0 0 0 0 0 0 0 0 0 0 0 0 0 0 0 0 0 0 0 0 0 0 0 0 0 0 0 0 0 0 0 0 0 0 0 0 0 0 0 0 0 0 0 0 0 0 0 0 0 0 0 0 0 0 0 0 0 0 0 0 0 0 0 0 0 0 0 0 0 0 0 0 0 0 0 0 0 0 0 0 0 0 0 0 0 0 0 0 0 0 0 0 0 0 0 0 0 0 0 0 0 0 0 0 0 0 0 0 0 0 0 0 0 0 0 0 0 0 0 0 0 0 0 0 0 0 0 0 0 0 0 0 0 0 0 0 0 0 0 0 0 0 0 0 0 0 0 0 0 0 0 0 0 0 0 0 0 0 0 0 0 0 0 0 0 0 0 0 0 0 0 0 0 0 0 0 
0 0 0 0 0 0 0 0 0 0 0 0 0 0 0 0 0 0 0 0 0 100 0 40 0 0 0 0 0 0 0 0 0 0 0 0 0 0 0 0 0 0 0 0 0 0 0 0 0 0 0 0 0 0 0 0 0 0 0 0 0 0 0 0 0 0 0 0 0 0 0 0 0 0 0 0 0 0 0 0 0 0 0 120 0 0 0 0 0 0 0 0 0 0 0 0 0 0 0 0 0 0 0 0 0 0 0 0 0 0 0 0 0 0 0 0 0 32 0 0 0 0 0 0 0 0 0 80 0 0 0 0 0 0 0 0 0 0 0 0 0 0 0 0 0 0 0 0 0 0 0 0 0 0 0 80 0 0 0 0 0 0 0 64 0 0 0 0 0 0 0 20 0 0 0 0 0 0 0 0 0 0 0 0 0 0 0 0 0 0 0 0 0 0 0 0 0 0 0 0 100 0 0 0 0 0 0 0 0 0 0 
778 0 0 0 105 0 0 0 0 0 0 0 0 0 182 0 0 0 0 0 0 0 13 319 0 0 0 0 0 0 104 0 0 0 144 0 0 0 0 0 0 0 0 0 0 26 0 0 119 40 212 0 0 0 0 0 0 244 0 0 0 0 0 0 0 0 0 0 0 0 0 0 0 0 0 0 131 0 0 0 0 0 0 305 0 0 0 0 0 13 316 20 0 0 73 100 0 100 0 180 0 0 51 132 73 77 0 0 0 0 0 0 51 0 0 0 0 830 0 100 0 0 0 0 64 100 0 0 0 0 0 0 0 0 0 0 0 0 0 0 0 0 0 0 0 80 0 64 40 0 0 0 16 58 295 1299 64 0 80 0 0 0 564 39 0 0 0 0 0 0 0 548 0 0 16 0 0 0 0 0 0 0 32 0 0 0 0 0 0 0 0 0 0 0 0 0 70 0 0 0 0 0 0 0 0 0 26 0 0 40 0 
64 0 0 0 0 0 0 0 0 0 0 0 0 0 0 0 0 0 0 0 0 0 0 0 0 0 0 0 0 0 0 0 0 0 0 0 0 0 0 0 0 0 0 0 0 0 0 0 0 0 0 0 0 0 0 0 0 0 0 0 0 0 0 0 0 0 0 0 0 0 0 0 0 0 0 0 40 40 0 0 0 0 0 40 0 0 0 0 0 0 0 0 0 0 0 0 0 0 0 40 100 0 0 0 0 0 0 51 0 0 0 0 0 0 0 0 0 20 0 0 0 0 0 0 104 0 0 0 0 0 0 0 0 0 0 0 0 0 0 0 0 0 0 0 0 0 0 0 0 0 0 0 0 0 0 96 0 0 0 0 0 0 100 0 0 0 0 0 0 0 0 170 0 0 0 0 0 0 0 0 0 0 0 0 0 0 0 0 0 0 26 0 0 0 0 0 40 0 0 0 0 0 0 0 0 0 0 0 0 64 0 
1136 0 0 0 94 0 0 0 0 40 100 0 0 0 126 20 0 0 0 0 51 0 13 847 0 13 0 0 0 0 231 0 0 0 689 104 0 0 0 16 0 0 0 0 0 64 0 0 40 61 0 0 0 0 0 0 0 100 0 0 124 0 0 0 51 20 0 0 0 0 0 0 0 67 0 0 189 220 0 0 0 0 58 720 0 0 0 0 0 57 885 0 26 32 0 80 0 0 126 0 0 0 223 0 56 51 0 0 0 0 0 0 0 0 0 0 0 1165 16 356 251 240 0 0 47 115 80 0 213 40 156 0 0 0 0 0 0 0 0 0 64 0 0 0 0 0 0 0 210 0 0 0 116 51 94 3545 177 0 0 0 0 13 442 40 0 100 0 26 0 0 0 1848 0 0 0 0 0 0 0 0 51 93 0 0 0 0 0 0 72 0 0 0 13 0 0 0 0 0 0 0 0 0 0 0 0 0 40 0 0 96 0 
64 0 0 0 0 0 0 0 0 0 0 0 0 0 0 0 0 0 0 0 0 0 0 0 0 0 0 0 0 0 0 0 0 0 32 0 0 0 0 0 0 0 0 0 0 0 0 0 0 0 0 0 0 0 0 0 0 0 0 0 0 0 0 0 0 0 0 0 0 0 0 0 0 0 0 0 0 0 0 0 0 0 0 0 0 0 0 0 0 0 100 0 0 0 0 0 0 0 0 0 0 0 0 0 0 0 0 0 0 0 0 0 0 0 0 64 0 0 0 0 0 32 0 0 0 0 0 0 0 0 0 0 0 0 0 0 0 0 0 0 0 0 0 0 0 0 0 0 0 0 0 40 100 0 32 37 0 0 0 0 0 0 0 0 0 0 0 0 0 0 0 207 0 0 0 0 0 0 0 0 0 0 0 0 0 0 0 0 0 0 0 0 0 0 0 0 0 0 0 0 0 0 0 0 0 0 0 0 0 0 0 
700 0 0 0 0 0 0 0 0 0 0 0 0 0 132 0 0 0 0 0 72 0 92 366 32 0 0 0 0 0 205 0 0 0 53 0 0 0 0 51 0 0 0 0 0 0 0 100 0 32 80 0 0 0 0 0 0 144 0 0 77 0 16 0 0 0 120 100 0 100 0 0 0 0 0 0 222 58 0 0 0 0 0 215 0 0 0 0 0 32 100 0 0 26 0 61 0 0 26 0 176 0 92 32 0 0 0 0 51 0 0 77 0 0 0 0 0 672 0 99 64 100 0 0 80 0 0 16 42 0 32 0 0 0 0 0 0 0 0 0 0 0 0 0 0 0 32 40 0 0 0 0 113 20 96 1458 51 0 0 0 0 0 16 32 0 0 0 0 20 0 0 427 0 0 57 0 0 0 0 0 0 0 0 0 0 0 0 0 51 0 0 0 71 0 0 0 0 0 0 0 0 0 0 0 0 0 0 20 0 376 0 
0 0 0 0 0 0 0 0 0 0 0 0 0 0 0 0 0 0 0 0 0 0 0 13 0 0 0 0 0 0 0 0 0 0 64 0 0 0 0 0 0 0 0 0 0 0 0 0 0 0 0 0 0 0 0 0 0 0 0 0 0 0 0 0 0 0 0 0 0 0 0 0 0 0 0 0 0 0 0 0 0 0 0 0 0 0 0 0 0 0 0 0 0 0 0 0 0 0 0 0 0 0 0 0 0 0 0 0 0 0 0 0 0 0 0 0 0 58 0 0 0 32 0 0 0 0 0 0 0 0 0 0 0 0 0 0 0 0 0 0 0 0 0 0 0 0 0 0 0 0 0 0 0 0 0 151 0 0 0 0 0 0 0 0 0 0 0 0 0 0 0 0 0 0 0 0 0 0 0 0 0 0 0 0 0 0 0 0 0 0 0 0 0 0 0 0 0 0 0 0 0 0 0 0 0 0 0 0 0 0 0 
0 0 0 0 0 0 0 0 0 0 0 0 0 0 0 0 0 0 0 0 0 0 0 64 0 40 0 0 0 0 0 0 0 0 0 0 0 0 0 0 0 0 0 0 0 0 0 0 0 0 0 0 0 0 0 0 0 0 0 0 0 0 0 0 0 0 0 0 0 0 0 0 0 0 0 0 0 0 0 0 0 0 0 0 0 0 0 0 0 0 100 0 0 0 0 0 0 0 0 0 0 0 0 0 0 0 0 0 0 0 0 0 0 0 0 0 0 0 0 0 0 0 0 0 26 0 0 0 0 0 0 0 0 0 0 0 0 0 0 0 0 0 0 0 0 0 0 0 0 0 0 0 0 0 0 0 0 0 0 0 0 0 0 0 0 0 0 0 0 0 0 64 0 0 0 0 0 0 0 0 0 0 0 0 0 0 0 0 0 0 0 0 0 0 0 0 0 0 0 0 0 0 0 0 0 0 0 0 0 0 0 
40 0 0 0 0 0 0 0 0 0 0 0 0 0 0 0 0 0 0 0 0 0 0 0 0 100 0 0 0 0 0 0 0 0 20 0 0 0 0 0 0 0 64 0 0 0 0 0 0 0 0 0 0 0 0 0 0 80 0 0 0 0 0 0 0 0 0 0 0 0 0 0 0 0 0 0 0 0 0 0 0 0 0 54 0 0 0 0 0 64 32 0 0 0 0 0 0 0 0 0 0 0 0 0 0 0 0 0 0 0 0 0 0 0 0 100 0 26 0 0 0 0 0 0 166 0 0 0 26 0 0 0 0 0 0 0 0 0 0 0 0 0 0 0 0 40 0 0 0 0 0 0 26 0 0 368 0 0 0 0 0 0 0 0 0 0 0 0 0 0 0 125 0 0 0 0 0 0 0 0 0 0 0 0 0 0 0 0 0 0 0 0 0 0 0 0 0 0 0 0 0 0 0 0 0 0 0 0 0 64 0 
1445 16 0 0 0 78 32 0 0 57 228 83 0 0 631 0 0 0 0 0 71 32 234 1849 0 237 0 0 64 20 372 32 0 0 722 0 0 0 51 75 51 0 0 40 0 86 80 206 197 293 288 13 0 0 0 0 0 654 0 0 32 0 104 0 0 0 237 0 0 0 0 0 0 264 0 0 501 371 0 0 0 0 100 2011 0 0 0 0 64 269 646 443 144 64 64 77 0 0 232 16 168 0 324 213 92 26 0 80 0 0 32 258 0 0 0 64 0 1814 0 527 183 90 0 20 224 155 80 246 190 0 291 20 0 0 0 0 0 0 0 0 160 0 0 51 0 0 0 80 742 329 0 0 0 218 248 5289 211 84 316 0 0 147 995 287 0 161 0 64 64 0 0 3061 0 0 64 0 0 0 0 0 221 134 154 0 0 0 0 120 13 0 0 0 0 0 0 13 242 0 51 0 49 0 0 0 54 172 801 0 32 341 0 
0 0 0 0 0 0 0 0 0 0 0 0 0 0 0 0 0 0 0 0 0 0 0 0 0 0 0 0 0 0 0 0 0 0 0 0 0 0 0 0 0 0 0 0 0 0 0 0 0 0 0 0 0 0 0 0 0 0 0 0 0 0 0 0 0 0 0 0 0 0 0 0 0 0 0 0 0 0 0 0 0 0 0 0 0 0 0 0 0 0 0 0 0 0 0 0 0 0 0 0 0 0 0 0 0 0 0 0 0 0 0 0 0 0 0 0 0 0 0 0 0 0 0 0 0 0 0 0 0 0 0 0 0 0 0 0 0 0 0 0 0 0 0 0 0 0 0 0 0 0 0 0 0 0 0 0 0 0 0 0 0 0 0 0 0 0 0 0 0 0 0 0 0 0 0 0 0 0 0 0 0 0 0 0 0 0 0 0 0 0 0 0 0 0 0 0 0 0 0 0 0 0 0 0 0 0 0 0 0 0 0 
542 0 0 0 26 0 0 0 0 0 0 0 0 0 0 0 0 0 0 0 26 0 52 248 0 0 0 0 0 0 159 0 0 0 425 115 0 0 0 0 0 0 0 0 0 20 0 0 0 126 0 0 0 0 0 0 0 0 0 0 0 0 0 0 0 0 0 0 0 0 0 0 0 0 0 0 47 113 0 0 0 0 0 772 0 0 0 0 0 0 0 100 115 0 0 80 0 0 80 0 67 0 0 0 26 0 0 0 0 0 0 0 0 0 0 40 0 450 0 164 0 117 0 0 0 100 0 0 13 0 20 0 0 0 0 0 0 0 0 0 0 0 0 16 0 0 0 0 0 51 0 0 0 0 164 1637 16 0 0 0 0 0 100 98 0 0 0 0 0 0 0 597 0 0 0 0 0 0 0 0 16 81 0 0 0 0 0 0 0 0 0 0 64 0 0 0 13 0 0 0 34 0 0 0 0 0 123 0 0 0 0 
0 0 0 0 0 0 0 0 0 0 0 0 0 0 0 0 0 0 0 0 0 0 0 0 0 0 0 0 0 0 0 0 0 0 0 0 0 0 0 0 0 0 0 0 0 0 0 0 0 0 0 0 0 0 0 0 0 0 0 0 0 0 0 0 0 0 0 0 0 0 0 0 0 0 0 0 0 0 0 0 0 0 0 0 0 0 0 0 0 0 0 0 0 0 0 0 0 0 0 0 0 0 0 0 0 0 0 0 0 0 0 0 0 0 0 0 0 0 0 0 0 0 0 0 0 0 0 0 0 0 0 0 0 0 0 0 0 0 0 0 0 0 0 0 0 0 0 0 0 0 0 0 0 0 0 0 0 0 0 0 0 0 0 0 0 0 0 0 0 0 0 0 0 0 0 0 0 0 0 0 0 0 0 0 0 0 0 0 0 0 0 0 0 0 0 0 0 0 0 0 0 0 0 0 0 0 0 0 0 0 0 
1057 0 0 0 160 0 0 0 0 0 51 0 0 0 241 0 0 0 0 0 0 0 67 1415 0 73 0 0 0 0 219 0 0 0 390 0 0 0 0 0 0 0 0 0 0 0 0 0 40 187 13 0 0 0 0 0 0 654 0 0 64 0 0 0 0 20 0 0 0 0 0 0 0 13 0 0 614 356 0 0 0 0 0 931 0 0 0 0 0 193 164 30 0 67 0 73 0 0 20 20 0 0 318 32 201 0 0 0 0 0 0 208 0 0 0 32 0 1077 0 356 106 164 0 0 56 98 0 0 104 0 53 51 0 0 0 0 0 0 0 0 0 0 0 0 0 0 0 20 485 13 0 16 120 198 320 2946 476 176 0 0 0 0 0 240 0 0 40 100 0 0 0 2474 0 64 96 0 0 0 0 0 117 40 64 267 0 0 0 0 51 0 0 0 0 0 0 0 101 0 116 0 67 0 13 0 16 51 280 80 0 320 0 
0 0 0 0 0 0 0 0 0 0 0 0 0 0 0 0 0 0 0 0 0 0 0 0 0 0 0 0 0 0 0 0 0 0 0 0 0 0 0 0 0 0 0 0 0 0 0 0 0 0 0 0 0 0 0 0 0 0 0 0 0 0 0 0 0 0 0 0 0 0 0 0 0 0 0 0 0 0 0 0 0 0 0 16 0 0 0 0 0 0 0 0 0 0 0 0 0 0 0 0 0 0 0 0 0 0 0 0 0 0 0 0 0 0 0 0 0 0 0 40 0 0 0 0 0 0 0 0 0 0 0 0 0 0 0 0 0 0 0 0 0 0 0 0 0 0 0 0 0 0 0 0 0 0 0 46 0 0 0 0 0 0 0 80 0 0 0 0 0 0 0 100 0 0 0 0 0 0 0 0 0 0 0 0 0 0 0 0 0 0 0 0 0 0 0 0 0 0 0 0 0 0 0 0 0 0 0 0 0 0 0 
88 0 0 0 116 0 0 0 0 0 32 0 0 0 80 0 0 0 0 0 0 0 40 115 0 0 0 0 0 0 141 0 0 0 32 0 0 0 0 0 51 0 0 0 0 51 0 0 0 0 51 0 0 0 0 0 0 80 0 0 0 0 0 0 0 0 0 0 0 0 0 0 0 0 0 0 20 0 40 0 0 0 0 163 0 0 0 0 0 32 0 100 0 0 0 0 0 0 0 0 40 0 32 0 0 0 0 0 0 0 0 0 0 0 0 0 0 64 0 72 0 0 0 0 0 0 0 0 0 0 0 0 0 0 0 0 0 0 0 0 0 0 0 0 0 0 0 0 51 0 0 0 0 0 0 552 54 0 0 0 0 0 400 0 0 0 0 0 0 0 0 173 0 0 0 0 0 0 0 0 26 0 0 0 0 0 0 0 26 0 0 0 0 0 0 0 0 0 40 0 40 0 0 0 0 64 54 0 0 0 0 
0 0 0 0 0 0 0 0 0 0 0 0 0 0 0 0 0 0 0 0 0 0 0 0 0 0 0 0 0 0 0 0 0 0 0 0 0 0 0 0 0 0 0 0 0 0 0 0 0 0 0 0 0 0 0 0 0 0 0 0 0 0 0 0 0 0 0 0 0 0 0 0 0 0 0 0 0 0 0 0 0 0 0 0 0 0 0 0 0 0 0 0 0 0 0 0 0 0 0 0 0 0 0 0 0 0 0 0 0 0 0 0 0 0 0 0 0 0 0 0 0 0 0 0 0 0 0 0 0 0 0 0 0 0 0 0 0 0 0 0 0 0 0 0 0 0 0 0 0 0 0 0 0 0 0 0 0 0 0 0 0 0 0 0 0 0 0 0 0 0 0 0 0 0 0 0 0 0 0 0 0 0 0 0 0 0 0 0 0 0 0 0 0 0 0 0 0 0 0 0 0 0 0 0 0 0 0 0 0 0 0 
13 0 0 0 0 0 0 0 0 0 0 0 0 0 13 0 0 0 0 0 0 0 20 408 0 0 0 0 0 0 0 0 0 0 0 0 0 0 0 0 0 0 0 0 0 0 0 0 0 34 0 0 0 0 0 0 32 64 0 0 0 0 0 0 0 0 0 0 0 0 0 0 0 0 0 0 0 0 0 0 0 0 0 215 0 0 0 0 0 0 93 0 0 0 0 100 0 0 0 0 0 0 26 16 0 93 0 0 0 0 0 0 0 0 0 0 0 98 0 0 0 58 0 0 0 0 0 0 0 0 0 0 0 0 0 0 0 0 0 0 0 0 0 0 0 0 26 0 244 0 0 0 0 16 90 267 0 16 40 0 0 0 243 124 0 0 0 0 0 0 0 305 0 0 0 0 0 0 0 0 0 0 0 0 0 0 0 0 0 0 20 0 0 0 0 0 0 0 0 0 16 0 0 0 64 0 59 0 0 64 0 
284 40 0 0 0 0 0 0 0 0 0 51 0 0 106 0 0 0 0 0 0 0 0 386 0 0 0 0 0 0 115 0 0 0 190 0 0 0 0 0 0 0 0 0 0 0 0 0 64 125 0 64 0 0 0 0 0 26 0 0 0 0 0 0 0 0 0 51 0 0 26 0 0 0 0 0 112 0 80 0 0 0 54 247 0 0 0 0 0 20 0 0 0 0 0 0 0 0 0 0 0 0 47 0 0 0 0 0 0 0 0 80 0 0 0 0 0 336 0 0 0 131 0 0 78 0 0 16 80 0 32 0 0 0 0 0 0 0 0 0 0 0 0 0 0 0 0 0 94 0 0 0 112 0 156 748 0 0 40 0 0 26 40 0 0 32 40 0 0 0 0 625 0 0 0 0 0 0 0 0 80 13 0 0 0 0 0 0 0 0 67 0 0 0 0 0 83 0 40 0 0 0 0 0 0 46 47 0 0 0 0 
5878 93 80 0 187 20 0 0 0 0 90 26 0 0 1017 77 0 0 0 0 64 16 745 5283 160 217 0 0 26 13 699 0 0 0 599 26 0 0 104 73 26 26 0 0 0 0 0 40 279 157 0 80 0 0 0 0 0 185 0 0 184 100 176 64 0 0 92 0 0 0 0 0 0 275 0 0 1154 305 0 0 0 64 0 1439 0 0 0 0 0 247 1124 460 0 64 113 306 0 0 621 97 99 0 428 137 392 137 0 0 0 0 0 225 64 0 0 0 0 3933 16 579 211 606 0 0 621 335 0 100 85 0 0 120 0 0 0 0 0 0 0 0 0 16 0 73 0 0 0 0 792 430 0 32 549 139 1238 9316 955 16 121 0 0 510 42 713 0 278 77 0 0 0 51 2134 0 0 131 0 0 0 0 0 137 73 298 0 0 0 0 0 100 0 116 0 80 0 0 0 2013 0 160 0 180 0 298 0 100 520 597 0 13 73 0 
83 0 0 0 0 0 0 0 0 0 0 0 0 0 0 0 0 0 0 0 0 0 0 90 0 13 0 0 0 0 0 0 0 0 13 0 0 0 0 0 0 0 0 0 0 0 0 0 0 80 0 0 0 0 0 0 0 0 0 0 0 0 0 0 0 0 0 0 0 0 0 0 0 0 0 0 0 0 0 0 0 0 0 46 0 0 0 0 0 0 100 0 0 0 0 0 0 0 0 0 0 0 67 0 0 0 0 0 0 0 0 0 0 0 0 0 0 453 0 0 0 0 0 0 0 0 0 0 0 0 0 0 0 0 0 0 0 0 0 0 0 0 0 0 0 0 0 0 0 0 0 0 80 30 116 852 0 0 0 0 0 0 0 64 0 0 0 0 0 0 0 0 0 0 0 0 0 0 0 0 0 0 0 0 0 0 0 0 0 0 0 0 0 0 0 0 0 0 0 0 0 0 0 0 0 0 0 0 0 0 0 
625 0 0 0 0 0 0 0 80 80 0 0 0 0 13 0 0 0 0 0 0 0 232 152 0 300 0 0 0 0 0 0 0 0 128 20 0 0 0 0 0 0 0 0 0 0 0 0 0 32 51 0 0 0 0 0 100 0 0 0 0 100 0 0 0 0 51 0 0 0 0 0 0 26 0 0 135 20 0 0 0 0 0 90 0 0 0 0 0 80 160 0 0 0 0 0 0 0 0 0 51 0 26 0 160 26 0 0 0 0 0 112 0 0 0 0 0 374 0 26 0 0 0 0 217 0 0 0 39 64 0 0 0 0 0 0 0 0 0 0 0 0 0 0 0 20 0 0 0 0 0 0 32 0 147 522 116 0 0 0 0 0 26 0 0 0 0 0 0 0 0 108 0 0 64 0 0 0 0 0 0 64 0 0 0 0 0 0 0 64 13 0 0 0 0 0 132 0 0 0 0 0 0 0 0 0 13 0 0 20 0 
646 40 0 0 40 0 0 0 0 26 51 0 0 0 208 0 0 0 0 0 80 0 117 543 32 161 0 0 0 0 171 0 0 0 307 0 0 0 0 0 0 0 0 0 0 0 0 0 65 131 0 0 0 0 0 0 0 32 0 0 0 0 0 0 0 0 0 0 0 0 0 0 0 0 0 0 588 96 160 0 0 13 141 483 0 0 0 0 0 128 183 51 0 0 96 0 0 0 51 0 51 0 168 83 80 0 0 0 0 0 0 352 0 0 0 291 0 992 0 257 96 64 0 0 211 40 0 0 237 0 0 46 0 0 0 0 0 0 0 0 0 40 0 20 0 0 0 0 182 72 0 0 85 40 158 1615 80 0 140 0 0 0 26 100 0 0 0 104 0 0 0 1808 0 0 64 0 0 0 0 0 312 26 80 80 0 0 0 0 0 0 0 0 106 0 0 0 40 0 13 0 13 0 0 0 0 0 250 0 0 86 0 
0 0 0 0 0 0 0 0 0 0 0 0 0 0 0 0 0 0 0 0 0 0 0 0 0 0 0 0 0 0 0 0 0 0 0 0 0 0 0 0 0 0 0 0 0 0 0 0 0 0 0 0 0 0 0 0 0 0 0 0 0 0 0 0 0 0 0 0 0 0 0 0 0 0 0 0 0 0 0 0 0 0 0 0 0 0 0 0 0 0 0 0 0 0 0 0 0 0 0 0 0 0 0 0 0 0 0 0 0 0 0 0 0 0 0 0 0 0 0 0 0 0 0 0 0 0 0 0 0 0 0 0 0 0 0 0 0 0 0 0 0 0 0 0 0 0 0 0 0 0 0 0 0 0 0 0 0 0 0 0 0 0 0 0 0 0 0 0 0 0 0 0 0 0 0 0 0 0 0 0 0 0 0 0 0 0 0 0 0 0 0 0 0 0 0 0 0 0 0 0 0 0 0 0 0 0 0 0 0 0 0 
