3723 0 100 0 194 0 0 0 0 144 217 583 0 0 607 64 0 0 0 0 97 131 591 8523 57 111 0 0 0 0 1767 40 0 0 1697 0 0 0 0 213 32 0 0 0 0 449 32 92 553 1238 16 1061 0 20 0 0 0 332 20 0 131 0 72 129 0 0 32 0 0 0 40 0 0 3326 0 0 1577 2514 0 0 0 463 212 6116 0 125 0 0 80 477 900 807 81 208 349 1262 0 40 238 424 106 0 879 216 331 101 40 0 0 0 0 212 0 64 32 0 0 21219 67 1094 80 437 0 0 1902 158 0 480 246 0 208 467 32 0 0 0 0 0 0 0 154 20 0 13 0 122 400 77 426 382 0 0 289 894 1215 16578 296 26 108 0 0 84 504 353 0 158 256 141 0 0 158 4450 0 168 491 0 0 0 0 0 150 436 284 0 0 0 0 0 177 0 201 13 442 0 0 0 1976 0 576 0 515 20 32 0 372 198 1829 195 180 120 0 
0 0 0 0 0 0 0 0 0 0 0 0 0 0 0 0 0 0 0 0 0 0 0 0 0 0 0 0 0 0 0 0 0 0 0 0 0 0 0 0 0 0 0 0 0 0 0 0 0 0 0 0 0 0 0 0 0 0 0 0 0 0 0 0 0 0 0 0 0 0 0 0 0 0 0 0 0 0 0 0 0 0 0 0 0 0 0 0 0 0 0 0 0 0 0 0 0 0 0 0 0 0 0 0 0 0 0 0 0 0 0 0 0 0 0 0 0 0 0 0 0 0 0 0 0 0 0 0 0 0 0 0 0 0 0 0 0 0 0 0 0 0 0 0 0 0 0 0 0 0 0 0 0 0 0 0 0 0 0 0 0 0 0 0 0 0 0 0 0 0 0 0 0 0 0 0 0 0 0 0 0 0 0 0 0 0 0 0 0 0 0 0 0 0 0 0 0 0 0 0 0 0 0 0 0 0 0 0 0 0 0 
0 0 0 0 0 0 0 0 0 0 0 0 0 0 0 0 0 0 0 0 0 0 0 40 0 0 0 0 0 0 0 0 0 0 0 0 0 0 0 0 0 0 0 0 0 0 0 0 0 0 0 0 0 0 0 0 0 0 0 0 0 0 0 0 0 0 0 0 0 0 0 0 0 0 0 0 0 0 0 0 0 0 0 0 0 0 0 0 0 0 0 0 0 0 0 0 0 0 0 0 0 0 0 0 0 0 0 0 0 0 0 0 0 0 0 0 0 100 0 0 0 0 0 0 0 0 0 0 0 0 0 0 0 0 0 0 0 0 0 0 0 0 0 0 0 0 0 0 0 0 0 0 0 0 0 0 0 0 0 0 0 0 0 0 0 0 0 0 0 0 0 64 0 0 0 0 0 0 0 0 0 0 0 0 0 0 0 0 0 0 0 0 0 0 0 0 0 0 0 0 0 0 0 0 0 0 0 0 0 0 0 
0 0 0 0 0 0 0 0 0 0 0 0 0 0 0 0 0 0 0 0 0 0 0 0 0 0 0 0 0 0 0 0 0 0 0 0 0 0 0 0 0 0 0 0 0 0 0 0 0 0 0 0 0 0 0 0 0 0 0 0 0 0 0 0 0 0 0 0 0 0 0 0 0 0 0 0 0 0 0 0 0 0 0 0 0 0 0 0 0 0 0 0 0 0 0 0 0 0 0 0 0 0 0 0 0 0 0 0 0 0 0 0 0 0 0 0 0 0 0 0 0 0 0 0 0 0 0 0 0 0 0 0 0 0 0 0 0 0 0 0 0 0 0 0 0 0 0 0 0 0 0 0 0 0 0 0 0 0 0 0 0 0 0 0 0 0 0 0 0 0 0 0 0 0 0 0 0 0 0 0 0 0 0 0 0 0 0 0 0 0 0 0 0 0 0 0 0 0 0 0 0 0 0 0 0 0 0 0 0 0 0 
131 0 0 0 16 0 0 0 0 0 82 0 0 0 0 0 0 0 0 0 0 0 0 312 16 113 0 0 0 0 228 0 0 0 16 0 0 0 0 0 0 0 0 0 0 0 0 0 106 132 0 0 0 0 0 0 0 58 0 0 0 0 0 0 0 0 0 0 0 0 0 0 0 0 0 0 0 72 0 0 0 64 0 265 0 0 0 0 0 0 413 16 0 20 0 20 0 0 0 0 0 0 51 0 0 0 0 0 0 0 0 0 0 0 0 0 0 568 0 13 0 40 0 0 32 0 0 0 0 0 0 0 0 0 0 0 0 0 0 0 0 0 0 0 0 0 0 0 100 0 0 0 0 51 0 2265 100 0 0 0 0 26 40 0 0 0 0 0 0 0 0 182 0 0 0 0 0 0 0 0 0 0 0 0 0 0 0 40 0 0 0 0 32 0 0 0 137 0 0 0 0 0 13 0 0 0 164 0 0 0 0 
51 0 0 0 0 0 0 0 0 0 0 0 0 0 300 0 0 0 0 0 0 0 0 173 0 0 0 0 0 0 0 0 0 0 0 0 0 0 0 0 0 0 0 0 0 0 0 0 0 0 0 0 0 0 0 0 0 13 0 0 0 0 0 0 0 0 100 0 0 0 0 0 0 0 0 0 0 0 0 0 0 0 0 167 0 0 0 0 0 0 16 0 0 0 0 0 0 0 80 32 0 0 0 40 0 0 0 0 0 0 0 0 0 0 0 0 0 190 0 0 0 0 0 0 0 80 0 0 0 0 0 144 0 0 0 0 0 0 0 0 0 0 0 0 0 0 0 0 0 0 0 0 0 0 20 231 140 0 0 0 0 0 0 0 0 0 0 0 0 0 0 128 0 0 0 0 0 0 0 0 0 0 0 0 0 0 0 0 0 0 0 0 0 0 0 0 0 0 0 0 0 0 0 0 0 100 32 0 0 0 0 
0 0 0 0 0 0 0 0 0 0 0 0 0 0 0 0 0 0 0 0 0 0 0 0 0 0 0 0 0 0 0 0 0 0 0 0 0 0 0 0 0 0 0 0 0 0 0 0 0 0 0 0 0 0 0 0 0 0 0 0 0 0 0 0 0 0 0 0 0 0 0 0 0 0 0 0 0 0 0 0 0 0 0 0 0 0 0 0 0 0 0 0 0 0 0 0 0 0 0 0 0 0 0 0 0 0 0 0 0 0 0 0 0 0 0 0 0 0 0 0 0 0 0 0 0 0 0 0 0 0 0 0 0 0 0 0 0 0 0 0 0 0 0 0 0 0 0 0 0 0 0 0 0 0 0 0 0 0 0 0 0 0 0 0 0 0 0 0 0 0 0 0 0 0 0 0 0 0 0 0 0 0 0 0 0 0 0 0 0 0 0 0 0 0 0 0 0 0 0 0 0 0 0 0 0 0 0 0 0 0 0 
0 0 0 0 0 0 0 0 0 0 0 0 0 0 0 0 0 0 0 0 0 0 0 0 0 0 0 0 0 0 20 0 0 0 0 0 0 0 0 0 0 0 0 0 0 0 0 0 0 64 0 0 0 0 0 0 0 0 0 0 0 0 0 0 0 0 0 0 0 0 0 0 0 0 0 0 0 0 0 0 0 0 0 20 0 0 0 0 0 0 0 0 0 0 0 0 0 0 0 0 0 0 0 0 0 0 0 0 0 0 0 0 0 0 0 0 0 123 0 0 0 0 0 0 0 0 0 0 0 0 0 0 0 0 0 0 0 0 0 0 0 0 0 0 0 0 0 0 0 0 0 0 0 0 0 369 0 0 0 0 0 0 0 0 0 0 0 0 0 0 0 500 0 0 0 0 0 0 0 0 0 0 0 0 0 0 0 0 0 0 0 0 0 0 0 0 0 0 0 0 0 0 0 0 0 0 0 0 0 0 0 
0 0 0 0 0 0 0 0 0 0 0 0 0 0 0 0 0 0 0 0 0 0 0 20 0 0 0 0 0 0 16 0 0 0 51 0 0 0 0 0 0 0 0 0 0 0 0 0 0 0 0 0 0 0 0 0 0 0 0 0 64 0 0 100 0 0 0 0 0 0 0 0 0 0 0 0 0 0 0 0 0 0 0 26 0 0 0 0 0 32 0 0 0 0 0 0 0 0 0 0 0 0 0 0 0 0 0 0 0 0 0 0 0 0 0 0 0 64 0 13 40 0 0 0 0 0 0 0 0 0 0 0 0 0 0 0 0 0 0 0 0 0 0 0 0 0 0 0 0 0 0 0 0 0 0 20 0 0 0 0 0 100 100 0 0 0 0 0 0 0 0 0 0 0 0 0 0 0 0 0 0 0 0 0 0 0 0 0 0 40 0 0 0 0 0 0 0 0 0 0 0 0 0 0 0 0 0 0 0 0 0 
0 0 0 0 0 0 0 0 0 0 0 26 0 0 0 0 0 0 0 0 0 0 0 294 0 0 0 0 0 0 0 0 0 0 64 20 0 0 0 0 0 0 0 0 0 0 0 0 0 0 0 0 0 0 0 0 0 0 0 0 0 0 0 0 0 0 0 0 0 0 0 0 0 0 0 0 0 80 0 0 0 0 0 16 0 0 0 0 0 40 0 0 0 0 0 0 0 0 0 0 0 0 0 0 0 0 0 0 0 0 0 0 0 0 0 0 0 226 0 0 0 0 0 0 0 0 0 0 16 0 0 0 0 0 0 0 0 0 0 0 0 0 0 0 0 0 0 0 0 0 0 0 0 0 0 878 0 0 0 0 0 0 32 0 0 0 0 0 0 0 0 102 0 0 0 0 0 0 0 0 0 0 0 0 0 0 0 0 0 0 0 0 0 0 0 0 32 0 0 0 20 0 0 0 0 0 0 0 0 0 0 
1126 0 0 0 0 0 0 0 0 0 0 40 0 0 331 0 0 0 0 0 0 0 140 566 200 0 0 0 0 0 172 0 0 0 110 0 0 0 0 106 0 0 0 0 0 26 0 80 80 410 0 0 0 0 0 0 0 51 0 0 0 0 52 0 0 0 0 0 0 0 0 0 0 0 0 0 72 51 0 0 0 132 0 514 0 0 0 0 0 133 51 158 0 26 0 0 0 0 0 16 0 0 0 64 100 0 70 0 0 0 0 32 0 0 0 0 0 1986 0 160 13 80 0 0 92 0 0 98 52 0 26 20 0 0 0 0 0 0 0 0 0 0 0 20 0 0 0 0 13 80 0 20 51 100 447 6125 0 65 0 0 0 90 588 164 0 0 0 20 0 0 64 699 0 0 0 0 0 0 0 0 32 20 32 0 100 0 0 0 0 0 0 0 32 0 0 0 375 0 100 0 20 0 0 0 132 0 75 0 0 0 0 
398 0 0 0 0 0 0 0 0 0 26 140 0 0 100 26 0 0 0 0 0 0 106 1047 80 0 0 0 0 0 330 0 0 0 147 0 0 0 0 0 0 0 0 0 0 0 0 0 81 91 0 0 0 0 0 0 0 0 0 0 0 0 0 100 0 0 64 0 0 0 0 0 0 0 0 0 51 0 0 0 51 0 0 176 0 0 0 0 0 0 53 40 0 0 0 0 0 0 0 0 0 0 0 0 0 0 0 0 0 0 0 51 0 0 0 0 0 672 0 80 40 100 0 0 170 0 0 0 0 0 0 0 0 0 0 0 0 0 0 0 26 0 0 0 0 0 0 13 83 0 0 0 280 0 125 3372 882 16 0 0 0 200 129 100 0 0 0 0 0 0 0 204 0 0 0 0 0 0 0 0 0 0 0 0 0 0 0 0 0 0 40 0 51 0 0 0 80 0 0 0 111 0 0 0 0 0 244 0 0 115 0 
0 0 0 0 0 0 0 0 0 0 0 0 0 0 0 0 0 0 0 0 0 0 0 0 0 0 0 0 0 0 0 0 0 0 0 0 0 0 0 0 0 0 0 0 0 0 0 0 0 0 0 0 0 0 0 0 0 0 0 0 0 0 0 0 0 0 0 0 0 0 0 0 0 0 0 0 0 0 0 0 0 0 0 0 0 0 0 0 0 0 0 0 0 0 0 0 0 0 0 0 0 0 0 0 0 0 0 0 0 0 0 0 0 0 0 0 0 0 0 0 0 0 0 0 0 0 0 0 0 0 0 0 0 0 0 0 0 0 0 0 0 0 0 0 0 0 0 0 0 0 0 0 0 0 0 0 0 0 0 0 0 0 0 0 0 0 0 0 0 0 0 0 0 0 0 0 0 0 0 0 0 0 0 0 0 0 0 0 0 0 0 0 0 0 0 0 0 0 0 0 0 0 0 0 0 0 0 0 0 0 0 
0 0 0 0 0 0 0 0 0 0 0 0 0 0 0 0 0 0 0 0 0 0 0 0 0 0 0 0 0 0 0 0 0 0 0 0 0 0 0 0 0 0 0 0 0 0 0 0 0 0 0 0 0 0 0 0 0 0 0 0 0 0 0 0 0 0 0 0 0 0 0 0 0 0 0 0 0 0 0 0 0 0 0 0 0 0 0 0 0 0 0 0 0 0 0 0 0 0 0 0 0 0 0 0 0 0 0 0 0 0 0 0 0 0 0 0 0 0 0 0 0 0 0 0 0 0 0 0 0 0 0 0 0 0 0 0 0 0 0 0 0 0 0 0 0 0 0 0 0 0 0 0 0 0 0 0 0 0 0 0 0 0 0 0 0 0 0 0 0 0 0 0 0 0 0 0 0 0 0 0 0 0 0 0 0 0 0 0 0 0 0 0 0 0 0 0 0 0 0 0 0 0 0 0 0 0 0 0 0 0 0 
487 0 0 0 113 0 0 0 0 20 51 52 0 0 136 300 0 0 0 0 64 0 16 2706 16 0 0 0 0 0 639 0 0 0 322 0 80 0 0 32 0 0 0 0 0 100 80 0 303 488 180 0 0 0 0 0 0 16 0 0 153 0 0 72 42 0 13 0 0 0 190 0 0 106 0 0 604 425 0 0 0 40 32 1722 0 0 80 0 0 26 47 235 0 0 16 80 0 0 244 120 80 0 193 291 0 0 0 0 0 0 0 46 0 0 0 13 0 3111 0 283 0 72 0 0 227 280 0 232 151 0 161 40 0 0 0 0 0 0 0 0 20 80 0 0 0 99 0 0 122 0 0 0 47 139 1424 12018 141 0 151 0 0 1073 385 291 0 219 0 216 51 0 16 1685 0 0 47 0 0 0 0 0 32 100 96 0 40 0 0 0 0 0 80 32 0 0 0 40 467 0 53 0 325 0 77 0 0 51 586 0 0 100 0 
0 0 0 0 0 0 0 0 0 0 0 26 0 0 0 26 0 0 0 0 0 0 0 171 0 0 0 0 0 0 90 0 0 0 0 0 0 0 0 0 0 0 0 0 0 0 0 0 0 0 0 0 0 0 0 0 0 0 0 0 0 0 0 220 0 0 0 0 0 0 0 0 0 0 0 0 16 143 0 0 0 0 0 110 0 0 0 0 0 0 0 0 0 0 64 0 0 0 0 0 0 0 0 0 0 0 0 0 0 0 0 0 0 0 0 16 0 709 0 0 0 0 0 0 128 0 0 0 0 0 0 0 0 0 0 0 0 0 0 0 0 0 0 0 0 0 0 0 0 0 0 0 0 0 0 1886 0 0 0 0 0 182 51 100 0 0 0 0 0 0 0 117 0 0 0 0 0 0 0 0 51 0 0 0 0 0 0 0 0 0 0 0 40 0 0 0 0 0 0 0 0 0 0 0 0 0 116 0 0 0 0 
0 0 0 0 0 0 0 0 0 0 0 0 0 0 0 0 0 0 0 0 0 0 0 0 0 0 0 0 0 0 0 0 0 0 0 0 0 0 0 0 0 0 0 0 0 0 0 0 0 0 0 0 0 0 0 0 0 0 0 0 0 0 0 0 0 0 0 0 0 0 0 0 0 0 0 0 0 0 0 0 0 0 0 0 0 0 0 0 0 0 0 0 0 0 0 0 0 0 0 0 0 0 0 0 0 0 0 0 0 0 0 0 0 0 0 0 0 0 0 0 0 0 0 0 0 0 0 0 0 0 0 0 0 0 0 0 0 0 0 0 0 0 0 0 0 0 0 0 0 0 0 0 0 0 0 0 0 0 0 0 0 0 0 0 0 0 0 0 0 0 0 0 0 0 0 0 0 0 0 0 0 0 0 0 0 0 0 0 0 0 0 0 0 0 0 0 0 0 0 0 0 0 0 0 0 0 0 0 0 0 0 
0 0 0 0 0 0 0 0 0 0 0 0 0 0 0 0 0 0 0 0 0 0 0 0 0 0 0 0 0 0 0 0 0 0 0 0 0 0 0 0 0 0 0 0 0 0 0 0 0 0 0 0 0 0 0 0 0 0 0 0 0 0 0 0 0 0 0 0 0 0 0 0 0 0 0 0 0 0 0 0 0 0 0 0 0 0 0 0 0 0 0 0 0 0 0 0 0 0 0 0 0 0 0 0 0 0 0 0 0 0 0 0 0 0 0 0 0 0 0 0 0 0 0 0 0 0 0 0 0 0 0 0 0 0 0 0 0 0 0 0 0 0 0 0 0 0 0 0 0 0 0 0 0 0 0 0 0 0 0 0 0 0 0 0 0 0 0 0 0 0 0 0 0 0 0 0 0 0 0 0 0 0 0 0 0 0 0 0 0 0 0 0 0 0 0 0 0 0 0 0 0 0 0 0 0 0 0 0 0 0 0 
0 0 0 0 0 0 0 0 0 0 0 0 0 0 0 0 0 0 0 0 0 0 0 0 0 0 0 0 0 0 0 0 0 0 0 0 0 0 0 0 0 0 0 0 0 0 0 0 0 0 0 0 0 0 0 0 0 0 0 0 0 0 0 0 0 0 0 0 0 0 0 0 0 0 0 0 0 0 0 0 0 0 0 0 0 0 0 0 0 0 0 0 0 0 0 0 0 0 0 0 0 0 0 0 0 0 0 0 0 0 0 0 0 0 0 0 0 0 0 0 0 0 0 0 0 0 0 0 0 0 0 0 0 0 0 0 0 0 0 0 0 0 0 0 0 0 0 0 0 0 0 0 0 0 0 0 0 0 0 0 0 0 0 0 0 0 0 0 0 0 0 0 0 0 0 0 0 0 0 0 0 0 0 0 0 0 0 0 0 0 0 0 0 0 0 0 0 0 0 0 0 0 0 0 0 0 0 0 0 0 0 
0 0 0 0 0 0 0 0 0 0 0 0 0 0 0 0 0 0 0 0 0 0 0 0 0 0 0 0 0 0 0 0 0 0 0 0 0 0 0 0 0 0 0 0 0 0 0 0 0 0 0 0 0 0 0 0 0 0 0 0 0 0 0 0 0 0 0 0 0 0 0 0 0 0 0 0 0 0 0 0 0 0 0 0 0 0 0 0 0 0 0 0 0 0 0 0 0 0 0 0 0 0 0 0 0 0 0 0 0 0 0 0 0 0 0 0 0 0 0 0 0 0 0 0 0 0 0 0 0 0 0 0 0 0 0 0 0 0 0 0 0 0 0 0 0 0 0 0 0 0 0 0 0 0 0 0 0 0 0 0 0 0 0 0 0 0 0 0 0 0 0 0 0 0 0 0 0 0 0 0 0 0 0 0 0 0 0 0 0 0 0 0 0 0 0 0 0 0 0 0 0 0 0 0 0 0 0 0 0 0 0 
37 0 0 0 0 0 0 0 0 0 0 0 0 0 0 0 0 0 0 0 65 0 0 431 0 0 0 0 0 0 100 0 0 0 58 0 0 0 0 0 32 0 0 32 0 0 0 0 84 58 0 0 0 0 0 0 0 0 0 0 20 0 0 0 16 0 0 0 0 0 0 0 0 0 0 0 32 0 0 0 0 0 0 246 0 0 0 0 0 0 115 0 0 0 0 0 0 0 51 0 0 0 0 153 0 0 0 0 0 0 0 51 0 0 0 0 0 461 0 0 0 0 0 0 0 0 0 125 0 0 0 13 0 0 0 0 0 0 0 0 0 0 0 0 0 0 0 0 0 0 0 0 13 0 77 3550 200 200 0 0 0 100 51 0 0 0 0 0 0 0 40 54 0 0 0 0 0 0 64 0 0 0 100 0 0 0 0 0 0 0 0 0 0 0 0 0 141 0 0 0 0 0 64 0 0 0 26 0 0 0 0 
100 0 0 0 0 0 0 0 0 0 0 0 0 0 100 0 0 0 0 0 0 0 0 252 0 0 0 0 0 0 40 0 0 0 51 0 0 0 0 0 0 0 0 0 0 0 0 0 0 131 0 100 0 0 0 0 0 0 0 0 0 0 0 0 0 0 0 0 0 0 0 0 0 0 0 0 0 32 0 0 0 0 0 51 0 0 0 0 0 0 40 100 0 16 0 0 0 0 80 0 0 0 0 20 0 0 0 0 0 0 0 20 0 26 0 0 0 270 0 40 0 0 0 0 13 0 0 0 0 0 0 0 0 0 0 0 0 0 0 0 0 0 0 0 0 0 0 0 0 104 0 0 151 0 0 1567 300 228 0 0 0 0 0 0 0 0 0 0 0 0 0 57 0 0 0 0 0 0 0 0 0 0 0 0 0 0 0 0 0 0 0 0 0 0 0 0 0 0 0 0 0 0 100 0 13 0 26 0 0 0 0 
426 0 0 0 0 0 0 0 0 0 0 244 0 0 0 0 0 0 0 0 0 0 200 1582 16 0 0 0 0 0 345 0 0 0 414 0 0 0 0 0 0 0 0 0 0 30 0 0 80 197 0 26 0 0 0 0 0 64 0 0 20 0 0 0 0 0 13 0 0 0 0 0 0 0 0 0 348 356 0 0 0 0 0 888 0 0 0 0 0 16 32 40 41 0 51 0 0 0 0 144 0 0 108 0 0 0 26 0 0 0 0 0 0 0 0 0 0 2945 16 279 0 201 0 0 260 0 0 13 0 0 183 381 32 0 0 0 0 0 0 0 0 0 0 0 0 0 80 64 51 0 0 0 64 131 90 3139 41 81 73 0 0 64 51 124 0 0 0 16 81 0 13 832 0 0 40 0 0 0 0 0 162 0 0 0 0 0 0 0 0 0 80 0 57 0 0 52 152 0 0 0 93 0 0 0 0 0 136 0 0 16 0 
11137 0 51 0 637 200 0 0 100 90 1949 742 0 0 5642 788 0 0 0 0 718 326 966 17396 342 679 0 0 0 0 6402 0 0 0 5275 471 0 0 100 341 0 0 100 13 208 763 13 300 1393 5269 241 204 0 119 0 26 0 291 0 0 1005 58 419 910 147 16 856 0 0 0 26 0 0 627 0 80 5121 4588 143 0 100 99 259 17265 106 20 129 0 154 2243 5222 3254 246 413 348 783 0 0 2011 744 336 0 2453 1249 395 471 147 205 32 51 65 949 0 200 0 313 0 31843 568 4143 802 1234 0 64 3321 2450 13 737 1184 0 1289 489 128 0 0 0 0 0 0 0 345 0 0 281 58 331 51 399 3614 1977 0 64 989 771 5000 77111 2320 610 1872 464 380 1124 5615 1252 0 599 1124 1257 165 0 197 16215 0 131 447 0 0 100 0 112 1143 718 808 385 180 0 0 0 172 32 670 0 1222 0 51 40 3460 0 662 0 1952 100 217 0 575 206 8493 115 280 828 0 
40 0 0 0 0 0 0 0 0 0 0 0 0 0 80 0 0 0 0 0 0 0 0 512 0 0 0 0 0 0 0 0 0 0 26 0 0 0 0 0 0 0 0 0 0 26 0 0 0 132 0 0 0 0 0 0 0 0 0 0 13 0 0 13 0 0 0 0 0 0 0 0 0 32 0 0 435 0 0 0 0 0 0 468 0 0 0 0 0 0 64 20 0 0 0 0 0 0 0 0 0 0 0 0 0 0 13 0 0 0 0 0 0 0 0 0 0 339 0 0 0 0 0 0 218 0 0 0 0 0 0 0 0 0 0 0 0 0 0 0 0 0 0 0 0 0 0 0 40 13 0 0 0 100 84 1218 41 0 40 0 0 80 30 64 0 0 0 100 0 0 0 440 0 0 0 0 0 0 0 0 26 0 0 0 32 0 0 0 0 0 0 0 0 0 0 0 57 0 0 0 0 0 0 0 0 32 80 0 0 0 0 
211 0 0 0 0 0 0 40 0 0 32 32 0 0 77 0 0 0 0 0 0 40 0 332 0 77 0 0 0 0 108 0 0 0 240 0 0 0 0 0 0 0 0 0 0 16 13 16 300 80 51 51 0 0 0 0 0 80 0 0 0 0 0 0 0 0 0 0 0 0 51 0 0 0 0 0 64 54 0 0 0 80 0 674 0 0 0 0 0 46 100 166 0 0 0 0 0 0 0 40 0 0 46 40 0 20 0 0 0 0 0 40 0 40 0 0 0 1646 0 80 16 132 0 0 220 500 0 128 61 0 64 160 0 0 0 0 0 0 0 0 0 0 0 0 0 51 0 0 200 0 0 0 0 26 104 1896 51 0 80 0 0 0 80 64 0 72 0 0 0 0 0 442 0 26 106 0 0 0 80 0 72 64 13 0 0 0 0 0 0 0 0 0 40 0 0 26 100 0 0 0 0 0 0 0 0 0 0 0 0 20 0 
0 0 0 0 0 0 0 0 0 0 0 0 0 0 0 0 0 0 0 0 0 0 0 0 0 0 0 0 0 0 0 0 0 0 0 0 0 0 0 0 0 0 0 0 0 0 0 0 0 0 0 0 0 0 0 0 0 0 0 0 0 0 0 0 0 0 0 0 0 0 0 0 0 0 0 0 0 0 0 0 0 0 0 0 0 0 0 0 0 0 0 0 0 0 0 0 0 0 0 0 0 0 0 0 0 0 0 0 0 0 0 0 0 0 0 0 0 0 0 0 0 0 0 0 0 0 0 0 0 0 0 0 0 0 0 0 0 0 0 0 0 0 0 0 0 0 0 0 0 0 0 0 0 0 0 0 0 0 0 0 0 0 0 0 0 0 0 0 0 0 0 0 0 0 0 0 0 0 0 0 0 0 0 0 0 0 0 0 0 0 0 0 0 0 0 0 0 0 0 0 0 0 0 0 0 0 0 0 0 0 0 
0 0 0 0 0 0 0 0 0 0 0 0 0 0 0 0 0 0 0 0 0 0 0 0 0 0 0 0 0 0 0 0 0 0 0 0 0 0 0 0 0 0 0 0 0 0 0 0 0 0 0 0 0 0 0 0 0 0 0 0 0 0 0 0 0 0 0 0 0 0 0 0 0 0 0 0 0 0 0 0 0 0 0 0 0 0 0 0 0 0 0 0 0 0 0 0 0 0 0 0 0 0 0 0 0 0 0 0 0 0 0 0 0 0 0 0 0 0 0 0 0 0 0 0 0 0 0 0 0 0 0 0 0 0 0 0 0 0 0 0 0 0 0 0 0 0 0 0 0 0 0 0 0 0 0 0 0 0 0 0 0 0 0 0 0 0 0 0 0 0 0 0 0 0 0 0 0 0 0 0 0 0 0 0 0 0 0 0 0 0 0 0 0 0 0 0 0 0 0 0 0 0 0 0 0 0 0 0 0 0 0 
64 0 0 0 0 0 0 0 0 0 0 0 0 0 0 0 0 0 0 0 0 0 0 32 0 0 0 0 0 0 0 0 0 0 0 0 0 0 0 0 0 0 0 0 0 0 0 0 0 0 0 0 0 0 0 0 0 0 0 0 0 0 0 0 0 0 0 0 0 0 0 0 0 0 0 0 64 0 0 0 0 0 0 0 0 0 0 0 0 20 0 0 0 0 0 0 0 0 0 0 0 0 100 0 0 0 0 0 0 0 0 0 0 0 0 0 0 83 0 0 0 0 0 0 0 0 0 0 0 0 0 0 0 0 0 0 0 0 0 0 0 100 0 0 0 0 0 0 0 0 0 0 0 80 0 211 0 0 0 0 0 0 0 0 0 0 0 0 0 0 0 80 0 0 0 0 0 0 0 0 0 0 0 0 0 0 0 0 0 0 0 0 0 0 0 0 13 0 0 0 0 0 0 0 0 0 0 0 0 0 0 
0 0 0 0 0 0 0 0 0 0 0 0 0 0 0 0 0 0 0 0 0 0 0 170 0 0 0 0 0 0 0 0 0 0 0 0 0 0 0 0 0 0 0 13 0 0 0 0 0 0 0 0 0 0 0 0 0 0 0 0 0 0 0 0 0 0 0 0 0 0 0 0 0 0 0 0 0 16 0 0 0 0 0 64 0 0 0 0 0 0 0 0 0 0 0 0 0 0 0 0 0 0 0 0 0 0 0 0 0 0 0 0 0 0 0 0 0 90 0 40 0 0 0 0 67 0 0 0 0 0 0 0 0 0 0 0 0 0 0 0 0 0 0 0 0 0 0 0 0 32 0 0 0 0 0 502 0 0 0 0 0 0 0 0 0 0 0 0 0 0 0 0 0 0 0 0 0 0 0 0 0 0 100 0 0 0 0 0 0 0 0 0 0 0 0 0 0 0 0 0 0 0 0 0 0 0 13 0 0 0 0 
7044 0 0 0 0 0 0 0 0 0 216 141 0 0 566 42 0 0 0 0 214 128 1290 6061 32 173 0 0 0 26 4790 0 0 0 1387 0 0 0 16 75 0 0 0 0 0 164 20 0 110 1047 108 64 0 0 0 32 0 396 0 0 273 0 173 88 16 0 26 0 0 0 0 0 0 20 0 51 721 845 0 0 0 128 200 4784 0 20 0 0 0 207 2198 1168 211 26 32 202 0 0 295 403 260 0 299 290 53 148 0 51 32 0 0 260 0 0 121 26 0 7170 40 459 34 305 0 0 1220 147 0 335 90 0 100 16 0 0 0 0 0 0 0 0 20 80 0 53 131 64 64 53 174 188 0 0 163 131 1151 19536 348 197 80 0 0 253 1989 408 0 601 447 166 32 0 51 4977 0 164 232 0 0 0 0 0 32 75 186 0 0 0 0 0 164 0 80 0 172 0 0 80 795 0 20 0 276 0 0 0 0 40 1060 13 120 330 0 
0 0 0 0 0 0 0 0 0 0 0 0 0 0 0 0 0 0 0 0 0 0 0 20 0 0 0 0 0 0 0 0 0 0 0 0 0 0 0 0 0 0 0 0 0 0 0 0 0 0 0 0 0 0 0 0 0 0 0 0 0 0 0 0 0 0 0 0 0 0 0 0 0 0 0 0 0 40 0 0 0 0 0 100 0 0 0 0 0 0 0 0 0 0 0 0 0 0 0 0 0 0 0 0 0 0 0 0 0 0 0 0 0 0 0 0 0 20 0 0 0 0 0 0 0 0 0 0 0 0 0 0 0 0 0 0 0 0 0 0 0 0 0 0 0 0 0 0 0 0 0 0 0 0 0 132 0 0 0 0 0 0 0 0 0 0 0 0 0 0 0 0 0 0 0 0 0 0 0 0 0 0 0 0 0 0 0 0 0 0 0 0 0 0 0 0 0 0 0 0 0 0 0 0 0 0 0 0 0 0 0 
0 0 0 0 0 0 0 0 0 0 0 0 0 0 0 0 0 0 0 0 0 0 0 0 0 0 0 0 0 0 0 0 0 0 0 0 0 0 0 0 0 0 0 0 0 0 0 0 0 0 0 0 0 0 0 0 0 0 0 0 0 0 0 0 0 0 0 0 0 0 0 0 0 0 0 0 0 0 0 0 0 0 0 0 0 0 0 0 0 0 0 0 0 0 0 0 0 0 0 0 0 0 0 0 0 0 0 0 0 0 0 0 0 0 0 0 0 0 0 0 0 0 0 0 0 0 0 0 0 0 0 0 0 0 0 0 0 0 0 0 0 0 0 0 0 0 0 0 0 0 0 0 0 0 0 0 0 0 0 0 0 0 0 0 0 0 0 0 0 0 0 0 0 0 0 0 0 0 0 0 0 0 0 0 0 0 0 0 0 0 0 0 0 0 0 0 0 0 0 0 0 0 0 0 0 0 0 0 0 0 0 
0 0 0 0 0 0 0 0 0 0 0 0 0 0 0 0 0 0 0 0 0 0 0 0 0 0 0 0 0 0 0 0 0 0 0 0 0 0 0 0 0 0 0 0 0 0 0 0 0 0 0 0 0 0 0 0 0 0 0 0 0 0 0 0 0 0 0 0 0 0 0 0 0 0 0 0 0 0 0 0 0 0 0 0 0 0 0 0 0 0 0 0 0 0 0 0 0 0 0 0 0 0 0 0 0 0 0 0 0 0 0 0 0 0 0 0 0 0 0 0 0 0 0 0 0 0 0 0 0 0 0 0 0 0 0 0 0 0 0 0 0 0 0 0 0 0 0 0 0 0 0 0 0 0 0 0 0 0 0 0 0 0 0 0 0 0 0 0 0 0 0 0 0 0 0 0 0 0 0 0 0 0 0 0 0 0 0 0 0 0 0 0 0 0 0 0 0 0 0 0 0 0 0 0 0 0 0 0 0 0 0 
3250 0 0 0 236 0 0 0 0 0 105 157 0 0 1774 0 0 0 0 0 131 0 743 4070 98 600 0 0 0 0 776 0 0 0 701 20 0 0 0 73 0 0 0 0 0 120 0 54 182 584 172 40 0 13 0 0 0 40 0 0 20 0 84 20 84 0 77 0 0 0 113 0 0 0 0 0 366 444 0 0 0 112 51 3414 0 0 0 0 0 392 404 75 80 0 110 32 0 0 182 117 51 0 184 13 96 100 176 0 0 0 0 0 0 0 0 0 0 5368 69 533 2326 334 0 0 615 58 0 123 83 0 176 128 51 0 0 0 0 0 0 0 0 0 0 0 0 40 0 80 354 522 0 0 20 221 790 16251 295 80 77 0 0 200 351 642 0 154 131 64 0 0 16 2002 0 0 206 0 0 20 0 0 49 180 97 0 0 0 0 16 0 0 294 0 197 0 0 0 790 0 40 0 46 0 0 0 102 115 898 0 13 147 0 
112 0 0 0 0 0 0 0 0 0 0 0 0 0 26 0 0 0 0 0 0 0 0 438 0 0 0 0 0 0 80 0 0 0 0 0 0 0 0 0 0 0 0 0 0 0 0 0 0 0 0 0 0 0 0 0 0 0 0 0 13 0 100 0 0 0 80 0 0 0 0 0 0 0 0 0 51 364 0 0 0 0 0 32 0 0 0 0 0 40 20 0 0 0 0 49 0 0 0 0 0 0 0 0 0 0 0 0 0 0 0 0 0 0 0 0 0 118 0 0 0 0 0 0 214 0 0 0 0 0 0 0 0 0 0 0 0 0 0 0 0 0 0 0 0 0 0 0 20 0 0 0 0 0 0 788 0 0 0 0 0 0 126 0 0 0 0 0 0 0 0 349 0 0 0 0 0 0 0 0 0 0 0 0 0 0 0 0 0 0 0 0 0 0 0 39 40 0 0 0 0 0 0 0 0 0 100 0 0 0 0 
0 0 0 0 0 0 0 0 0 0 0 0 0 0 0 0 0 0 0 0 0 0 0 0 0 0 0 0 0 0 0 0 0 0 0 0 0 0 0 0 0 0 0 0 0 0 0 0 0 0 0 0 0 0 0 0 0 0 0 0 0 0 0 0 0 0 0 0 0 0 0 0 0 0 0 0 0 0 0 0 0 0 0 0 0 0 0 0 0 0 0 0 0 0 0 0 0 0 0 0 0 0 0 0 0 0 0 0 0 0 0 0 0 0 0 0 0 0 0 0 0 0 0 0 0 0 0 0 0 0 0 0 0 0 0 0 0 0 0 0 0 0 0 0 0 0 0 0 0 0 0 0 0 0 164 0 0 0 0 0 0 0 0 0 0 0 0 0 0 0 0 0 0 0 40 0 0 0 0 0 0 0 0 0 0 0 0 0 0 0 0 0 0 0 0 0 0 0 0 0 0 0 0 0 0 0 0 0 0 0 0 
0 0 0 0 0 0 0 0 0 0 0 0 0 0 0 0 0 0 0 0 0 0 0 0 0 0 0 0 0 0 0 0 0 0 0 0 0 0 0 0 0 0 0 0 0 0 0 0 0 0 0 0 0 0 0 0 0 0 0 0 0 0 0 0 0 0 0 0 0 0 0 0 0 0 0 0 0 0 0 0 0 0 0 0 0 0 0 0 0 0 0 0 0 0 0 0 0 0 0 0 0 0 0 0 0 0 0 0 0 0 0 0 0 0 0 0 0 0 0 0 0 0 0 0 0 0 0 0 0 0 0 0 0 0 0 0 0 0 0 0 0 0 0 0 0 0 0 0 0 0 0 0 0 0 0 0 0 0 0 0 0 0 0 0 0 0 0 0 0 0 0 0 0 0 0 0 0 0 0 0 0 0 0 0 0 0 0 0 0 0 0 0 0 0 0 0 0 0 0 0 0 0 0 0 0 0 0 0 0 0 0 
0 0 0 0 0 0 0 0 0 0 0 64 0 0 0 0 0 0 0 0 0 0 32 77 0 0 0 0 0 0 51 0 0 0 40 0 0 0 0 0 0 0 0 0 0 0 0 0 0 0 0 0 0 0 0 0 0 0 0 0 0 0 0 0 0 0 0 0 0 0 0 0 0 0 0 0 20 0 0 0 0 0 0 0 0 0 0 0 0 0 64 0 0 0 0 0 0 0 0 0 0 0 0 0 0 0 0 0 0 0 0 0 0 0 0 0 0 261 0 0 0 0 0 0 0 0 0 0 0 0 0 0 0 0 0 0 0 0 0 0 0 0 0 0 0 0 0 0 0 0 0 0 0 0 100 280 0 0 0 0 0 0 180 0 0 0 0 0 0 0 0 40 0 0 0 0 0 0 0 0 0 0 0 0 0 0 0 0 0 0 20 0 0 0 0 0 0 0 0 0 0 0 0 0 0 0 0 0 0 0 0 
147 0 0 0 0 0 0 0 0 0 110 0 0 0 267 0 0 0 0 0 13 0 26 393 0 80 0 0 0 0 46 0 0 0 30 0 0 0 100 16 0 0 0 0 0 0 0 0 64 46 0 0 0 0 0 0 0 0 0 0 0 0 0 51 0 0 0 0 0 0 0 0 0 0 0 0 40 51 0 0 0 51 0 248 0 0 0 0 0 0 135 196 0 0 0 0 0 0 0 0 0 0 26 13 0 32 0 0 0 0 0 20 0 0 0 0 0 1388 0 0 0 0 0 0 64 0 0 0 0 0 0 32 0 0 0 0 0 0 0 0 0 0 0 0 0 0 0 0 0 61 0 0 0 0 264 3899 100 0 0 0 0 0 126 0 0 0 0 0 0 0 40 374 0 0 40 0 0 0 0 0 0 13 0 0 0 0 0 0 0 0 0 0 0 0 0 0 41 0 0 0 0 0 32 0 0 0 96 0 20 0 0 
0 0 0 0 0 0 0 0 0 0 0 0 0 0 0 0 0 0 0 0 0 0 0 106 0 0 0 0 0 0 0 0 0 0 26 0 0 0 0 0 0 0 0 0 0 0 0 0 0 0 0 0 0 0 0 0 0 0 0 0 0 0 0 0 0 0 0 0 0 0 0 0 0 0 0 0 0 0 0 0 0 0 0 200 0 0 0 0 0 0 51 0 0 0 0 0 0 0 0 0 0 0 0 0 0 0 0 0 0 0 0 0 0 0 0 0 0 32 0 0 0 0 0 0 20 0 0 0 0 0 0 0 0 0 0 0 0 0 0 0 0 0 0 0 0 0 0 0 0 0 0 0 0 0 0 407 100 0 0 0 0 0 80 0 0 0 0 0 0 0 16 32 0 0 0 0 0 0 0 0 0 51 0 0 0 0 0 0 0 0 0 0 64 0 0 0 0 0 13 0 0 0 0 0 0 0 0 0 0 0 0 
0 0 0 0 0 0 0 0 0 0 0 0 0 0 0 0 0 0 0 0 0 0 0 0 0 0 0 0 0 0 0 0 0 0 0 0 0 0 0 0 0 0 0 0 0 0 0 0 0 0 0 0 0 0 0 0 0 0 0 0 0 0 0 0 0 0 0 0 0 0 0 0 0 0 0 0 0 0 0 0 0 0 0 26 0 0 0 0 0 0 0 0 0 0 0 0 0 0 0 0 0 0 0 0 0 0 0 0 0 0 0 0 0 0 0 0 0 51 0 0 0 0 0 0 0 0 0 0 0 0 0 0 0 0 0 0 0 0 0 0 0 0 0 0 0 0 0 0 0 0 0 0 0 0 0 100 0 0 0 0 0 0 0 0 0 0 0 0 0 0 0 0 0 0 0 0 0 0 0 0 0 0 0 0 0 0 0 0 0 0 0 0 0 0 0 0 0 0 0 0 0 0 0 0 0 0 0 0 0 0 0 
0 0 0 0 0 0 0 0 0 0 0 13 0 0 0 0 0 0 0 0 0 0 0 30 0 0 0 0 0 0 26 0 0 0 0 0 0 0 0 0 0 0 0 0 0 0 0 0 0 0 0 0 0 0 0 0 0 0 0 0 0 0 0 0 0 0 0 0 0 0 0 0 0 0 0 0 0 0 0 0 0 0 0 32 0 0 0 0 0 0 0 0 64 0 0 0 0 0 0 0 0 0 0 0 0 0 0 0 0 0 0 0 0 0 0 0 0 91 0 13 0 0 0 0 0 0 0 0 0 0 0 0 0 0 0 0 0 0 0 0 0 0 0 0 0 0 0 0 0 0 0 0 0 0 100 752 0 0 0 0 0 0 0 0 0 0 0 0 0 0 0 0 0 0 13 0 0 0 0 0 0 0 0 0 0 0 0 0 0 0 0 0 0 0 0 0 0 0 0 0 0 0 0 0 0 0 51 0 0 0 0 
32 0 0 0 0 0 0 0 0 0 0 0 0 0 0 0 0 0 0 0 0 0 0 0 0 0 0 0 0 0 0 0 0 0 0 0 0 0 0 0 0 0 0 0 0 0 0 0 0 0 0 0 0 0 0 0 0 0 0 0 0 0 0 0 0 0 0 0 0 0 0 0 0 0 0 0 0 0 0 0 0 0 0 0 0 0 0 0 0 13 0 0 0 0 0 0 0 0 0 0 0 0 0 0 0 0 0 0 0 0 0 0 0 0 0 0 0 177 0 0 0 0 0 0 0 0 0 0 0 0 0 0 0 0 0 0 0 0 0 0 0 0 0 0 0 0 0 0 0 132 0 0 0 0 0 378 0 0 0 0 0 0 0 0 0 0 0 0 0 0 0 0 0 0 0 0 0 0 0 0 0 0 0 0 0 0 0 0 0 0 0 0 0 0 0 0 32 0 0 0 0 0 0 0 0 0 0 0 0 0 0 
106 0 0 0 0 0 0 0 0 0 0 0 0 0 0 0 0 0 0 0 0 0 100 41 0 0 0 0 0 0 0 0 0 0 13 0 0 0 0 0 0 0 0 0 0 32 0 0 0 0 0 0 0 0 0 0 0 0 0 0 0 0 0 0 0 0 0 0 0 0 0 0 0 0 0 0 0 40 0 0 0 0 0 20 0 0 0 0 0 0 0 0 0 0 0 0 0 0 100 0 0 0 16 0 0 0 0 0 0 0 0 0 0 0 0 0 0 195 0 0 0 0 0 0 46 0 0 0 0 0 100 0 0 0 0 0 0 0 0 0 0 0 0 0 0 0 0 0 0 0 0 0 0 0 0 100 0 0 0 0 0 100 0 0 0 0 0 0 0 0 0 0 0 0 0 0 0 0 0 0 0 0 0 0 0 0 0 0 0 0 0 0 0 0 0 0 0 0 0 0 0 0 0 0 0 0 0 0 0 0 0 
226 0 0 0 0 0 0 0 0 0 0 0 0 0 0 0 0 0 0 0 0 0 0 3239 0 0 0 0 0 0 223 0 0 0 53 0 0 0 0 0 0 0 0 0 32 106 0 0 0 83 0 0 0 0 0 0 0 0 0 0 0 0 0 100 40 0 0 0 0 0 0 0 0 0 0 0 26 67 0 0 0 0 0 118 0 0 0 0 0 0 49 51 120 0 0 0 0 0 26 0 0 0 0 0 0 0 0 0 0 0 0 16 0 0 0 0 0 786 0 182 0 141 0 0 256 53 0 0 0 0 77 0 0 0 0 0 0 0 0 0 0 0 0 0 0 26 0 51 32 0 0 0 0 0 26 4178 520 40 0 0 0 140 80 0 0 0 0 0 0 0 0 70 0 0 0 0 0 0 0 0 0 0 0 0 0 0 0 0 0 0 0 0 0 0 0 0 75 0 0 0 0 0 0 0 0 0 32 0 0 0 0 
67 0 0 0 0 0 0 0 0 0 0 0 0 0 0 0 0 0 0 0 0 0 0 275 0 0 0 0 0 0 32 0 0 0 0 0 0 0 0 0 0 0 0 0 0 16 0 0 0 51 0 0 0 0 0 0 0 0 0 0 0 0 0 40 0 0 0 0 0 0 0 0 0 0 0 0 0 0 0 0 0 0 0 16 0 0 0 0 0 0 100 0 0 0 0 40 0 0 0 0 0 0 0 0 0 0 0 0 0 0 0 0 0 0 0 0 0 186 0 51 0 0 0 0 16 0 0 0 0 0 20 0 0 0 0 0 0 0 0 0 0 0 0 0 0 0 0 0 0 0 0 0 0 0 0 1339 0 0 0 0 0 0 0 64 0 0 0 0 0 0 0 33 0 0 0 0 0 0 0 0 0 0 0 0 0 0 0 0 100 0 0 0 16 0 0 0 32 0 0 0 0 0 0 0 0 0 0 0 0 0 0 
138 0 0 0 0 0 0 0 0 0 64 0 0 0 0 0 0 0 0 0 16 0 51 785 0 0 0 0 0 0 100 0 0 0 0 0 0 0 0 100 0 0 0 0 0 0 0 0 0 202 0 0 0 0 0 0 0 0 0 0 0 0 51 0 0 0 0 0 0 0 0 0 0 0 0 0 0 0 0 0 0 0 0 342 0 0 0 0 0 0 20 51 0 0 0 0 0 0 0 0 0 0 32 32 13 0 0 0 0 0 0 0 0 0 0 0 0 518 0 42 0 0 0 0 0 0 0 26 0 0 0 16 0 0 0 0 0 0 0 0 0 0 0 0 0 0 0 0 0 0 0 0 0 0 0 797 64 51 0 0 0 80 0 0 0 100 0 0 0 0 0 180 0 0 0 0 0 0 0 0 0 0 0 0 0 0 0 0 0 0 0 0 0 0 0 0 144 0 0 0 0 0 0 0 0 0 183 0 0 0 0 
2359 0 0 0 32 64 0 0 0 0 687 158 0 0 626 16 0 0 0 0 172 116 161 2677 40 204 0 0 13 0 1736 0 0 0 722 51 0 0 16 0 0 0 0 0 100 232 0 26 20 817 0 16 0 0 0 0 0 147 0 0 178 0 61 100 54 0 272 0 0 0 100 0 0 143 0 0 401 801 0 0 0 100 100 4579 0 0 0 0 0 88 3274 503 47 184 13 335 0 0 257 252 32 0 843 152 0 398 0 51 100 0 0 690 0 200 26 228 0 4576 49 804 180 250 0 0 199 32 0 133 98 0 152 13 0 0 0 0 0 0 0 0 0 20 0 80 20 51 54 200 158 179 0 0 278 79 1319 14854 138 116 151 0 0 546 1210 252 0 13 264 102 0 0 16 1930 0 40 108 0 0 0 0 0 137 83 47 0 0 0 0 0 104 0 349 0 51 0 0 0 291 0 213 0 296 0 77 0 0 16 616 54 144 275 0 
3487 0 0 0 163 0 0 0 0 13 133 0 0 0 377 0 0 0 0 0 85 211 406 5241 100 267 0 0 0 0 739 0 0 0 606 0 0 0 0 82 0 0 0 0 0 20 0 16 348 929 0 51 0 0 0 0 100 16 0 0 135 0 39 103 167 96 213 0 0 0 0 0 0 221 0 0 488 968 26 0 0 0 0 2325 0 0 0 0 0 299 236 751 100 0 40 116 0 0 477 16 192 0 51 547 0 0 128 0 80 0 0 302 0 0 0 0 0 8037 20 401 0 392 0 0 1047 186 0 320 20 80 0 54 0 0 0 0 0 0 0 0 0 0 0 177 20 64 0 64 232 235 0 0 72 32 745 24047 362 156 179 0 0 256 168 216 0 299 90 65 0 0 64 1944 0 0 73 0 0 0 0 0 99 141 190 0 0 0 0 0 180 0 83 0 105 0 0 0 947 0 136 0 419 0 58 0 208 64 894 64 39 34 0 
162 0 0 0 13 0 0 0 0 0 0 0 0 0 0 0 0 0 0 0 0 0 0 13 0 153 0 0 0 0 174 0 0 0 100 0 0 0 0 0 0 0 0 0 0 0 0 0 0 40 0 0 0 0 0 0 0 0 0 0 0 0 0 0 0 0 0 0 0 0 0 0 0 0 0 0 144 20 51 0 0 0 0 229 0 0 0 0 0 0 102 40 0 0 0 224 0 0 80 13 0 0 32 16 40 0 0 0 0 0 0 80 0 0 0 0 0 246 0 51 0 32 0 0 13 0 26 0 0 0 0 0 0 0 0 0 0 0 0 0 0 0 0 0 0 0 0 0 0 0 0 0 114 67 238 545 51 0 0 0 0 0 20 0 0 16 0 0 0 0 0 383 0 0 16 0 0 0 0 0 0 0 0 0 0 0 0 0 0 0 0 0 0 0 0 16 54 0 0 0 0 0 0 0 0 0 0 0 51 0 0 
40 0 0 0 0 0 0 0 0 0 0 0 0 0 26 0 0 0 0 0 0 0 0 232 0 0 0 0 0 0 240 0 0 0 26 0 0 0 0 0 0 0 0 0 0 16 0 0 0 97 32 0 0 0 0 0 0 0 0 0 0 0 0 0 0 0 0 0 0 0 0 0 0 0 0 0 0 0 0 0 0 0 0 77 0 0 0 0 0 0 0 51 0 0 0 0 0 0 0 13 0 0 0 0 0 0 0 0 0 32 0 0 0 0 0 0 0 403 0 0 0 0 0 0 80 0 0 0 0 0 0 0 0 0 0 0 0 0 0 0 0 0 0 0 0 0 0 0 0 0 0 0 128 100 151 391 13 0 0 0 0 0 40 0 0 0 0 0 0 0 0 141 0 0 0 0 0 0 0 0 0 0 0 0 0 0 0 0 0 0 0 0 0 0 0 0 160 0 0 0 64 0 0 0 0 0 153 0 0 0 0 
0 0 0 0 0 0 0 0 0 0 0 0 0 0 0 0 0 0 0 0 0 0 0 0 0 0 0 0 0 0 0 0 0 0 0 0 0 0 0 0 0 0 0 0 0 0 0 0 0 0 0 0 0 0 0 0 0 0 0 0 0 0 0 0 0 0 0 0 0 0 0 0 0 0 0 0 0 0 0 0 0 0 0 0 0 0 0 0 0 0 0 0 0 0 0 0 0 0 0 0 0 0 0 0 0 0 0 0 0 0 0 0 0 0 0 0 0 0 0 0 0 0 0 0 0 0 0 0 0 0 0 0 0 0 0 0 0 0 0 0 0 0 0 0 0 0 0 0 0 0 0 0 0 0 0 0 0 0 0 0 0 0 0 0 0 0 0 0 0 0 0 0 0 0 0 0 0 0 0 0 0 0 0 0 0 0 0 0 0 0 0 0 0 0 0 0 0 0 0 0 0 0 0 0 0 0 0 0 0 0 0 
16 0 0 0 0 0 0 0 0 0 0 0 0 0 0 0 0 0 0 0 0 0 0 238 51 0 0 0 0 0 0 0 0 0 100 0 0 0 0 0 0 0 0 0 0 0 0 0 0 40 0 0 0 0 0 0 0 0 0 0 0 0 0 0 0 0 0 0 0 0 0 0 0 0 0 0 0 0 0 0 0 0 0 42 0 0 0 0 0 0 0 0 0 0 0 0 0 0 0 0 0 0 0 0 0 0 0 0 0 0 0 0 0 0 0 0 0 136 0 0 0 144 0 0 0 0 0 0 0 0 0 0 0 0 0 0 0 0 0 0 0 0 0 0 0 0 0 0 0 0 0 0 0 0 0 254 0 0 0 0 0 40 0 0 0 0 0 0 0 0 0 202 0 0 0 0 0 0 0 0 0 0 0 0 0 0 0 0 0 0 0 0 0 0 0 0 0 0 0 0 0 0 0 0 0 0 372 0 0 0 0 
0 0 0 0 0 0 0 0 0 0 0 0 0 0 0 0 0 0 0 0 0 0 0 0 0 0 0 0 0 0 0 0 0 0 0 0 0 0 0 0 0 0 0 0 0 0 0 0 0 0 0 0 0 0 0 0 0 0 0 0 0 0 0 0 0 0 0 0 0 0 0 0 0 0 0 0 0 0 0 0 0 0 0 0 0 0 0 0 0 0 0 0 0 0 0 0 0 0 0 0 0 0 0 0 0 0 0 0 0 0 0 0 0 0 0 0 0 0 0 0 0 0 0 0 0 0 0 0 0 0 0 0 0 0 0 0 0 0 0 0 0 0 0 0 0 0 0 0 0 0 0 0 0 0 0 0 0 0 0 0 0 0 0 0 0 0 0 0 0 0 0 0 0 0 0 0 0 0 0 0 0 0 0 0 0 0 0 0 0 0 0 0 0 0 0 0 0 0 0 0 0 0 0 0 0 0 0 0 0 0 0 
0 0 0 0 0 0 0 0 0 0 0 0 0 0 0 0 0 0 0 0 0 0 0 0 0 0 0 0 0 0 0 0 0 0 0 0 0 0 0 0 0 0 0 0 0 0 0 0 0 0 0 0 0 0 0 0 0 0 0 0 0 0 0 0 0 0 0 0 0 0 0 0 0 0 0 0 0 0 0 0 0 0 0 0 0 0 0 0 0 0 0 0 0 100 0 0 0 0 0 0 0 0 0 0 0 0 0 0 0 0 0 0 0 0 0 0 0 0 0 0 0 0 0 0 0 0 0 0 0 0 0 0 0 0 0 0 0 0 0 0 0 0 0 0 0 0 0 0 0 0 0 0 0 0 0 64 0 0 0 0 0 0 0 0 0 0 0 0 0 0 0 0 0 0 0 0 0 0 0 0 0 0 0 0 0 0 0 0 0 0 0 0 0 0 0 0 0 0 0 0 0 0 0 0 0 0 0 0 0 0 0 
26 0 0 0 0 0 0 0 0 0 0 0 0 0 0 0 0 0 0 0 0 0 0 80 0 0 0 0 0 0 0 0 0 0 0 0 0 0 0 0 0 0 0 0 0 0 0 0 0 32 32 0 0 0 0 0 0 0 0 0 0 0 0 0 0 0 0 0 0 0 0 0 0 0 0 0 20 40 0 0 0 0 0 16 0 0 0 0 0 0 0 0 0 0 0 0 0 0 0 0 0 0 0 0 0 64 0 0 0 0 0 0 0 0 0 0 0 137 0 0 0 0 0 0 0 0 0 78 0 0 0 0 0 0 0 0 0 0 0 0 0 0 0 0 0 0 0 0 0 0 0 0 0 0 100 388 100 0 0 0 0 0 0 0 0 0 0 0 0 0 0 0 0 0 0 0 0 0 0 0 0 0 0 0 0 0 0 0 0 0 0 0 0 0 0 0 0 0 0 0 0 0 0 0 0 0 0 0 0 0 0 
476 0 0 0 64 0 0 0 0 0 0 13 0 0 0 0 0 0 0 0 64 0 20 251 0 64 0 0 0 0 147 0 0 0 0 115 0 0 0 20 0 0 0 0 0 0 0 0 0 0 0 0 0 0 0 0 0 51 0 0 0 0 0 0 80 0 40 0 0 0 0 0 0 0 0 0 51 284 64 0 0 0 0 324 0 0 0 0 0 0 157 0 0 0 0 13 0 0 0 0 51 0 135 0 0 0 0 0 0 0 0 51 0 0 0 0 0 129 0 131 0 0 0 0 78 0 0 0 0 0 0 0 0 0 0 0 0 0 0 0 0 0 0 0 0 0 0 0 0 13 0 0 96 40 33 235 192 51 0 0 0 0 68 93 0 40 0 0 0 0 26 52 0 0 0 0 0 0 0 0 0 51 0 0 0 0 0 0 0 0 0 0 20 0 0 80 0 0 0 0 0 0 51 0 0 0 0 0 0 32 0 
0 0 0 0 0 0 0 0 0 0 0 0 0 0 0 0 0 0 0 0 0 0 0 0 0 0 0 0 0 0 0 0 0 0 0 0 0 0 0 0 0 0 0 0 0 0 0 0 0 0 0 0 0 0 0 0 0 0 0 0 0 0 0 0 0 0 0 0 0 0 0 0 0 0 0 0 0 0 0 0 0 0 0 100 0 0 0 0 0 0 0 0 0 0 0 0 0 0 0 0 0 0 0 0 0 0 0 0 0 0 0 0 0 0 0 0 0 0 0 0 0 0 0 0 64 0 0 0 0 0 0 0 0 0 0 0 0 0 0 0 0 0 0 0 0 0 0 0 0 0 0 0 0 0 0 0 0 0 0 0 0 0 0 0 0 0 0 0 0 0 0 0 0 0 0 0 0 0 0 0 0 0 0 0 0 0 0 0 0 0 0 0 0 0 0 0 0 0 0 0 0 0 0 0 0 0 0 0 0 0 0 
0 0 0 0 0 0 0 0 0 0 0 0 0 0 0 0 0 0 0 0 0 0 0 0 0 0 0 0 0 0 0 0 0 0 0 0 0 0 0 0 0 0 0 0 0 0 0 0 0 0 0 0 0 0 0 0 0 0 0 0 0 0 0 0 0 0 0 0 0 0 0 0 0 0 0 0 51 0 0 0 0 0 0 0 0 0 0 0 0 0 40 100 0 0 0 0 0 0 0 0 0 0 0 0 0 0 0 0 0 0 0 0 0 0 0 0 0 20 0 0 0 0 0 0 0 0 0 0 0 0 0 0 0 0 0 0 0 0 0 0 0 0 0 0 0 0 0 0 0 0 0 0 0 0 0 16 0 0 0 0 0 0 0 0 0 0 0 0 0 0 0 0 0 0 0 0 0 0 0 0 0 0 0 0 0 0 0 0 0 0 0 0 0 0 0 0 0 0 0 0 0 0 0 0 0 0 0 0 0 0 0 
689 0 0 0 0 0 0 0 0 0 0 0 0 0 40 100 0 0 0 0 0 0 40 606 0 0 0 0 0 0 424 0 0 0 451 0 0 0 0 0 0 0 0 0 0 0 0 0 0 339 0 0 0 0 0 0 0 0 0 0 20 0 100 0 0 51 100 0 0 0 0 0 0 0 0 0 164 316 0 0 0 0 0 428 0 0 0 0 0 464 0 20 0 0 0 0 0 0 0 0 0 0 20 0 40 0 0 0 0 0 0 0 0 0 0 13 0 903 0 167 320 16 0 0 120 0 0 80 51 0 0 0 0 0 0 0 0 0 0 0 0 0 0 0 0 0 0 0 100 93 0 0 13 13 0 2736 26 0 20 0 0 0 0 80 0 100 0 524 0 0 0 1382 0 0 0 0 0 0 80 0 0 100 500 0 0 0 0 0 0 0 0 0 0 0 0 0 92 0 0 0 0 0 0 0 0 0 67 0 0 0 0 
0 0 0 0 0 0 0 0 0 0 0 80 0 0 0 0 0 0 0 0 0 0 0 146 0 0 0 0 0 0 0 0 0 0 0 0 0 0 0 0 0 0 0 0 0 0 0 0 0 0 0 0 0 0 0 0 0 0 0 0 0 0 0 0 0 0 0 0 0 0 0 0 0 0 0 0 0 0 0 0 0 0 0 100 0 0 0 0 0 0 100 0 0 0 0 0 0 0 0 0 0 0 0 0 0 0 0 0 0 0 0 0 0 0 0 0 0 79 0 0 0 0 0 0 0 0 0 0 0 0 0 80 0 0 0 0 0 0 0 0 0 0 0 0 0 0 0 0 0 0 0 0 0 0 0 295 0 0 0 0 0 0 0 80 0 0 0 0 0 0 0 679 0 0 0 0 0 0 0 0 0 0 0 0 0 0 0 0 0 0 0 0 0 0 0 0 0 0 0 0 0 0 0 0 0 0 0 0 0 0 0 
138 0 0 0 0 0 0 0 0 0 93 0 0 0 49 0 0 0 0 0 0 0 26 423 0 0 0 0 0 0 0 0 0 0 0 0 0 0 0 80 0 0 0 0 0 64 0 0 16 118 0 0 0 0 0 0 0 0 0 0 0 0 0 0 0 0 0 0 0 0 0 0 0 80 0 0 110 0 0 0 0 0 0 193 0 0 0 0 0 51 0 0 0 67 0 0 0 0 0 0 0 0 13 0 0 26 0 0 0 0 0 51 0 0 0 0 0 1140 0 13 16 83 0 0 100 0 0 0 0 0 20 164 0 0 0 0 0 0 0 0 0 0 0 0 0 0 0 0 0 0 0 0 0 32 61 4259 0 0 0 0 0 16 51 100 0 0 0 13 0 0 0 199 0 0 0 0 0 0 0 0 0 0 40 0 0 0 0 0 0 0 40 0 0 0 0 0 64 0 64 0 0 0 0 0 0 40 157 0 0 0 0 
857 0 0 0 0 0 0 0 0 0 0 26 0 0 0 58 0 0 0 0 0 0 0 495 16 0 0 0 0 0 208 0 0 0 0 0 0 0 0 0 0 0 0 0 40 0 0 0 0 286 0 51 0 0 0 0 0 0 0 0 0 0 0 58 0 0 0 0 0 0 0 0 0 0 0 0 211 122 0 0 0 0 0 201 0 0 0 0 0 64 16 187 32 0 0 202 0 0 32 0 0 0 26 0 80 80 0 0 0 0 26 0 0 0 0 0 0 1422 0 51 0 20 0 0 94 40 0 0 0 0 0 0 0 0 0 0 0 0 0 0 0 0 0 26 0 100 0 0 0 0 0 0 120 20 16 979 0 100 80 0 0 336 13 0 0 16 80 0 0 0 0 327 0 0 102 0 0 0 20 0 0 0 80 0 0 0 0 0 0 0 0 0 0 0 0 0 106 0 20 0 0 0 0 0 0 0 392 40 112 0 0 
26 0 0 0 0 0 0 0 0 0 0 157 0 0 0 0 0 0 0 0 0 0 102 245 0 0 0 0 0 0 180 0 0 0 0 0 0 0 0 0 0 0 0 0 0 0 0 0 0 100 0 0 0 0 0 0 0 0 0 0 64 0 0 0 0 0 0 0 0 0 0 0 0 0 0 0 51 39 0 0 0 0 0 349 0 0 0 0 0 0 0 0 0 0 64 0 0 0 0 0 0 0 0 0 0 0 0 0 0 0 0 93 0 0 0 0 0 231 26 0 0 0 0 0 582 0 0 0 0 0 0 65 0 0 0 0 0 0 0 0 0 0 0 0 0 80 0 0 0 0 0 0 138 0 0 520 0 0 0 0 0 0 0 0 0 0 0 40 0 0 0 317 0 0 0 0 0 0 0 0 0 0 0 0 0 0 0 0 0 0 0 0 0 0 0 0 40 0 0 0 16 0 0 0 0 0 0 0 0 0 0 
57 0 0 0 0 0 0 0 0 0 0 0 0 0 0 0 0 0 0 0 0 0 0 0 0 0 0 0 0 0 0 0 0 0 0 0 0 0 0 0 0 0 0 0 0 0 0 0 0 0 0 0 0 0 0 0 0 0 0 0 0 0 0 0 0 0 0 0 0 0 0 0 0 0 0 0 0 26 0 0 0 16 0 116 0 0 0 0 0 0 0 0 0 0 0 0 0 0 0 0 0 0 0 0 0 0 0 0 0 0 0 0 0 0 0 0 0 154 0 0 0 51 0 0 0 0 0 0 0 0 0 0 0 0 0 0 0 0 0 0 0 0 0 0 0 0 0 0 0 0 0 0 0 0 0 222 0 0 0 0 0 0 13 0 0 0 0 0 0 0 0 206 0 0 0 0 0 0 0 0 0 0 51 0 0 0 0 0 0 0 0 0 0 0 0 0 20 0 0 0 0 0 0 0 0 0 100 0 0 0 0 
456 0 0 0 0 0 0 0 0 0 0 13 0 0 51 40 0 0 0 0 0 0 0 912 0 51 0 0 0 0 49 0 0 0 93 0 0 0 0 0 0 0 0 0 0 0 0 0 0 40 0 0 0 0 0 0 0 0 0 0 0 0 0 32 0 0 128 0 0 0 0 0 0 0 0 0 143 81 0 0 0 0 0 262 0 0 51 0 0 53 64 238 110 0 0 0 0 0 26 0 0 0 0 0 0 80 0 0 0 0 0 0 0 0 0 0 0 1475 26 80 0 220 0 0 182 200 0 20 32 0 16 180 0 0 0 0 0 0 0 0 0 0 0 0 0 0 0 0 0 61 0 0 0 0 80 1068 160 51 0 0 0 101 84 0 0 0 0 0 0 0 80 347 0 0 0 0 0 0 0 0 0 40 82 0 0 0 0 0 0 0 0 0 0 0 0 0 96 0 0 0 112 0 0 0 0 0 176 80 0 0 0 
0 0 0 0 0 0 0 0 0 0 0 0 0 0 0 0 0 0 0 0 0 0 0 0 0 0 0 0 0 0 0 0 0 0 0 0 0 0 0 0 0 0 0 0 0 0 0 0 0 0 0 0 0 0 0 0 0 0 0 0 0 0 0 0 0 0 0 0 0 0 0 0 0 0 0 0 0 0 0 0 0 0 0 0 0 0 0 0 0 100 0 0 0 0 0 0 0 0 0 0 0 0 0 0 0 0 0 0 0 0 0 0 0 0 0 0 0 0 0 0 0 0 0 0 0 0 0 0 0 0 0 0 0 0 0 0 0 0 0 0 0 0 0 0 0 0 0 0 0 0 0 0 0 0 0 0 0 0 0 0 0 0 0 0 0 0 0 0 0 0 0 0 0 0 0 0 0 0 0 0 0 0 0 0 0 0 0 0 0 0 0 0 0 0 0 0 0 0 0 0 0 0 0 0 0 0 0 0 0 0 0 
0 0 0 0 0 0 0 0 0 0 0 0 0 0 0 0 0 0 0 0 0 0 0 0 0 0 0 0 0 0 0 0 0 0 0 0 0 0 0 0 0 0 0 0 0 0 0 0 0 0 0 0 0 0 0 0 0 0 0 0 0 0 0 0 0 0 0 0 0 0 0 0 0 0 0 0 0 0 0 0 0 0 0 0 0 0 0 0 0 0 0 0 0 0 0 0 0 0 0 0 0 0 0 0 0 0 0 0 0 0 0 0 0 0 0 0 0 0 0 0 0 0 0 0 0 0 0 0 0 0 0 0 0 0 0 0 0 0 0 0 0 0 0 0 0 0 0 0 0 0 0 0 0 0 0 0 0 0 0 0 0 0 0 0 0 0 0 0 0 0 0 0 0 0 0 0 0 0 0 0 0 0 0 0 0 0 0 0 0 0 0 0 0 0 0 0 0 0 0 0 0 0 0 0 0 0 0 0 0 0 0 
0 0 0 0 0 0 0 0 0 0 0 0 0 0 0 0 0 0 0 0 0 0 0 0 0 0 0 0 0 0 0 0 0 0 0 0 0 0 0 0 0 0 0 0 0 0 0 0 0 0 0 0 0 0 0 0 0 0 0 0 0 0 0 0 0 0 0 0 0 0 0 0 0 0 0 0 0 0 0 0 0 0 0 13 0 0 0 0 0 0 0 0 0 0 0 0 0 0 0 0 0 0 0 0 0 0 0 0 0 0 0 0 0 0 0 0 0 40 0 0 0 0 0 0 0 0 0 0 0 0 0 0 0 0 0 0 0 0 0 0 0 0 0 0 0 0 0 0 0 0 0 0 0 0 0 160 0 0 0 0 0 0 0 0 0 0 0 0 0 0 0 200 0 0 0 0 0 0 0 0 0 0 0 0 0 0 0 0 0 0 0 0 0 0 0 0 20 0 0 0 0 0 0 0 0 0 0 0 0 0 0 
173 0 0 0 0 0 0 0 0 0 0 0 0 0 0 0 0 0 0 0 80 0 0 30 0 0 0 0 0 0 0 0 0 0 0 0 0 0 0 0 0 0 0 0 0 0 0 0 0 0 0 0 0 0 0 0 0 0 0 0 0 0 0 0 0 0 0 0 0 0 0 0 0 128 0 0 0 0 0 0 0 0 0 346 0 0 0 0 0 0 0 26 40 0 0 0 0 0 0 0 0 0 0 20 0 0 0 0 0 0 0 0 0 0 0 0 0 176 0 106 0 100 0 0 0 0 0 0 0 0 0 0 0 0 0 0 0 0 0 0 0 0 0 0 0 0 0 0 0 0 0 0 0 0 100 548 0 0 0 0 0 0 0 0 0 0 0 0 0 0 0 0 0 0 40 0 0 0 0 0 0 0 0 0 0 0 0 0 0 0 0 0 0 0 0 0 0 0 0 0 0 0 0 0 0 0 32 0 0 0 0 
0 0 0 0 0 0 0 0 0 0 0 0 0 0 0 0 0 0 0 0 0 0 0 0 0 0 0 0 0 0 0 0 0 0 0 0 0 0 0 0 0 0 0 0 0 0 0 0 0 0 0 0 0 0 0 0 0 0 0 0 0 0 0 0 0 0 0 0 0 0 0 0 0 0 0 0 0 0 0 0 0 0 0 0 0 0 0 0 0 0 0 0 0 0 0 0 0 0 0 0 0 0 0 0 0 0 0 0 0 0 0 0 0 0 0 0 0 0 0 0 0 0 0 0 0 0 0 0 0 0 0 0 0 0 0 0 0 0 0 0 0 0 0 0 0 0 0 0 0 0 0 0 0 0 0 0 0 0 0 0 0 0 0 0 0 0 0 0 0 0 0 0 0 0 0 0 0 0 0 0 0 0 0 0 0 0 0 0 0 0 0 0 0 0 0 0 0 0 0 0 0 0 0 0 0 0 0 0 0 0 0 
0 0 0 0 0 0 0 0 0 0 0 0 0 0 0 0 0 0 0 0 0 0 0 0 0 0 0 0 0 0 0 0 0 0 0 0 0 0 0 0 0 0 0 0 0 0 0 0 0 0 0 0 0 0 0 0 0 0 0 0 0 0 0 0 0 0 0 0 0 0 0 0 0 0 0 0 0 0 0 0 0 0 0 0 0 0 0 0 0 0 0 0 0 0 0 0 0 0 0 0 0 0 0 0 0 0 0 0 0 0 0 0 0 0 0 0 0 0 0 0 0 0 0 0 0 0 0 0 0 0 0 0 0 0 0 0 0 0 0 0 0 0 0 0 0 0 0 0 0 0 0 0 0 0 0 0 0 0 0 0 0 0 0 0 0 0 0 0 0 0 0 0 0 0 0 0 0 0 0 0 0 0 0 0 0 0 0 0 0 0 0 0 0 0 0 0 0 0 0 0 0 0 0 0 0 0 0 0 0 0 0 
20 0 0 0 0 0 0 0 0 0 64 0 0 0 80 0 0 0 0 0 0 0 16 533 0 51 0 0 0 0 271 0 0 0 39 0 0 0 0 13 0 0 0 0 0 0 0 0 0 13 0 0 0 0 0 0 0 0 0 0 33 0 16 0 0 0 0 0 0 0 0 0 0 16 0 0 34 366 0 0 0 100 0 295 0 0 0 0 0 30 13 51 0 0 13 0 0 0 0 100 0 0 132 64 0 0 0 0 0 0 0 80 0 0 0 0 0 1230 0 248 0 0 0 0 345 203 0 0 0 0 64 0 0 0 0 0 0 0 0 0 0 0 0 0 0 0 0 0 64 65 0 0 141 20 93 1086 40 0 0 0 0 80 144 65 0 57 0 0 0 0 0 332 0 80 40 0 0 0 0 0 0 80 57 0 0 0 0 0 0 0 0 0 0 0 0 0 260 0 0 0 0 0 0 0 0 34 72 0 0 0 0 
0 0 0 0 0 0 0 0 0 0 0 0 0 0 0 0 0 0 0 0 0 0 0 0 0 0 0 0 0 0 0 0 0 0 0 0 0 0 0 0 0 0 0 0 0 0 0 0 0 0 0 0 0 0 0 0 0 0 0 0 0 0 0 0 0 0 0 0 0 0 0 0 0 0 0 0 0 0 0 0 0 0 0 0 0 0 0 0 0 0 0 0 0 0 0 0 0 0 0 0 0 0 0 0 0 0 0 0 0 0 0 0 0 0 0 0 0 0 0 0 0 0 0 0 0 0 0 0 0 0 0 0 0 0 0 0 0 0 0 0 0 0 0 0 0 0 0 0 0 0 0 0 0 0 0 0 0 0 0 0 0 0 0 0 0 0 0 0 0 0 0 0 0 0 0 0 0 0 0 0 0 0 0 0 0 0 0 0 0 0 0 0 0 0 0 0 0 0 0 0 0 0 0 0 0 0 0 0 0 0 0 
186 0 0 0 0 0 0 0 0 0 0 0 0 0 0 0 0 0 0 0 0 0 0 0 0 0 0 0 0 0 40 0 0 0 16 0 0 0 0 0 0 0 0 0 0 0 0 0 0 0 0 0 0 0 0 0 0 0 0 0 0 0 0 0 0 0 0 0 0 0 0 0 0 0 0 0 33 352 0 0 0 0 0 74 0 0 0 0 0 0 0 26 0 0 0 0 0 0 0 80 0 0 0 0 0 0 0 0 0 0 0 0 0 0 0 0 0 410 0 32 0 0 0 0 0 0 0 0 0 0 0 0 0 0 0 0 0 0 0 0 0 0 0 0 0 0 0 0 0 0 0 0 83 0 0 395 0 0 0 0 0 13 0 0 0 0 0 0 0 0 0 20 0 0 0 0 0 0 0 0 0 0 0 0 0 0 0 0 0 0 0 0 0 0 0 0 40 0 0 0 0 0 0 0 0 100 0 0 0 0 0 
3156 0 0 0 16 16 0 0 0 0 227 144 0 0 635 0 0 0 0 0 51 16 624 3278 115 508 0 0 0 26 488 0 0 0 719 26 0 0 64 51 13 0 0 0 0 13 0 0 421 624 64 0 0 0 0 0 100 42 0 0 115 0 51 160 0 0 0 0 0 0 0 0 0 224 0 0 561 339 20 0 0 0 92 1877 0 0 0 0 0 77 738 516 290 32 53 180 0 0 577 20 16 0 262 762 200 0 0 164 0 0 13 358 0 0 0 0 0 5722 77 427 51 536 0 0 724 20 0 546 117 0 116 512 40 0 0 0 0 0 0 0 0 20 0 0 0 40 0 0 67 300 0 0 381 173 1102 13824 339 300 40 0 64 192 474 413 0 328 151 16 0 0 20 1750 0 0 40 0 0 0 0 0 58 202 1200 0 26 0 0 0 83 0 39 26 131 0 0 0 626 0 304 0 200 0 26 0 156 51 537 47 0 80 0 
2560 0 0 0 100 115 0 0 0 13 100 131 0 0 796 113 0 0 0 0 47 64 269 4642 200 33 0 0 0 0 503 0 0 0 917 34 0 0 0 26 0 0 0 0 0 32 40 32 161 717 40 26 0 0 0 0 0 51 0 0 78 16 170 13 100 0 51 0 0 0 0 0 0 0 0 0 473 624 13 0 100 144 0 1342 0 73 0 0 0 297 696 875 0 49 0 233 0 0 147 77 0 0 413 64 156 0 0 16 0 0 61 0 0 0 0 51 0 5760 85 484 141 552 0 0 1119 490 0 894 39 0 0 0 0 0 0 0 0 0 0 0 0 0 0 100 0 41 0 32 147 247 0 0 200 63 1011 20779 385 58 98 40 0 380 518 533 0 228 0 221 0 0 92 5591 0 0 90 0 0 0 0 0 33 102 129 0 47 0 0 0 64 0 40 0 0 0 0 58 1054 0 156 0 110 0 157 0 46 77 604 100 16 182 0 
80 0 0 0 32 200 0 0 0 0 0 0 0 0 72 0 0 0 0 0 0 0 0 52 0 0 0 0 0 0 0 0 0 0 0 0 0 0 0 0 0 0 0 0 0 0 13 0 0 80 0 0 0 0 0 0 0 0 0 0 0 0 0 0 0 0 0 0 0 0 0 0 0 0 0 0 64 0 0 0 0 0 0 294 0 0 0 0 0 0 0 0 0 0 0 0 0 0 0 0 0 0 64 132 0 0 0 0 0 0 0 0 0 0 0 0 0 369 0 0 0 0 0 0 40 0 0 0 0 0 200 64 0 0 0 0 0 0 0 0 0 0 0 0 0 0 0 0 0 0 0 0 0 100 0 529 0 0 0 0 0 0 0 0 0 0 0 0 0 0 0 223 0 0 0 0 0 0 0 0 0 0 0 0 0 0 0 0 0 0 0 0 0 0 0 0 0 0 13 0 0 0 0 0 0 180 0 0 0 0 0 
0 0 0 0 0 0 0 0 0 0 0 0 0 0 0 0 0 0 0 0 0 0 0 0 0 0 0 0 0 0 0 0 0 0 0 0 0 0 0 0 0 0 0 0 0 0 0 0 0 0 0 0 0 0 0 0 0 0 0 0 0 0 0 0 0 0 0 0 0 0 0 0 0 0 0 0 0 0 0 0 0 0 0 0 0 0 0 0 0 0 0 0 0 0 0 0 0 0 0 0 0 0 0 0 0 0 0 0 0 0 0 0 0 0 0 0 0 0 0 0 0 0 0 0 0 0 0 0 0 0 0 0 0 0 0 0 0 0 0 0 0 0 0 0 0 0 0 0 0 0 0 0 0 0 0 0 0 0 0 0 0 0 0 0 0 0 0 0 0 0 0 0 0 0 0 0 0 0 0 0 0 0 0 0 0 0 0 0 0 0 0 0 0 0 0 0 0 0 0 0 0 0 0 0 0 0 0 0 0 0 0 
52 0 0 0 0 0 0 0 0 0 0 0 0 0 0 0 0 0 0 0 0 0 0 199 0 13 0 0 0 0 114 0 0 0 0 0 0 0 0 0 0 0 0 0 0 0 0 0 0 0 0 0 0 0 0 0 0 0 0 0 0 0 20 0 0 0 32 0 0 0 0 0 0 0 0 0 0 0 0 0 0 0 0 58 0 0 0 0 0 0 213 0 0 0 0 0 0 0 0 160 0 0 32 0 0 80 0 0 0 0 0 0 0 0 0 0 0 306 0 100 0 0 0 0 16 0 0 240 0 0 0 0 0 0 0 0 0 0 0 0 0 0 0 0 0 0 0 0 0 0 0 0 102 16 156 901 0 0 0 0 0 0 0 0 0 51 0 26 0 0 0 87 0 0 0 0 0 0 0 0 0 0 0 0 0 0 0 0 0 0 0 0 0 0 0 0 16 0 0 0 0 0 0 0 0 0 102 0 0 0 0 
312 0 0 0 0 16 0 0 0 0 0 0 0 0 198 0 0 0 0 0 0 0 181 580 80 26 0 0 32 0 436 0 0 0 93 0 0 0 0 0 0 0 0 0 0 0 0 100 0 205 0 0 0 0 0 0 0 13 0 0 0 0 100 64 0 0 46 0 0 0 0 0 0 0 0 0 224 34 0 0 0 0 0 180 0 0 0 0 0 77 130 26 13 32 100 0 0 0 180 80 0 0 0 40 0 100 0 0 0 0 0 64 0 0 0 100 0 1530 0 53 0 184 0 0 0 0 0 32 47 0 16 194 0 0 0 0 0 0 0 0 0 0 0 80 0 64 26 0 0 141 0 0 190 100 975 2503 0 0 16 0 0 78 340 80 0 80 0 0 0 0 0 774 0 0 26 0 0 0 0 0 32 0 20 0 0 0 0 0 0 0 0 0 0 0 0 0 230 0 0 0 0 0 0 0 0 13 128 0 32 260 0 
265 0 0 0 64 0 0 0 0 0 0 32 0 0 157 0 0 0 0 0 0 0 0 105 0 200 0 0 0 0 40 0 0 0 234 52 0 0 0 0 0 0 0 0 0 0 0 0 0 40 54 51 0 0 0 0 0 115 0 0 0 0 0 0 0 0 0 0 0 0 0 0 0 0 0 0 96 34 0 0 0 0 20 20 0 0 0 0 0 96 454 0 0 0 0 0 0 0 0 160 16 0 0 0 0 0 0 51 0 0 0 0 0 0 0 0 0 382 0 100 0 54 0 0 90 64 0 0 51 0 13 0 0 0 0 0 0 0 0 0 0 0 0 0 0 80 0 0 96 0 0 0 0 0 26 1268 16 26 100 0 0 0 416 100 0 0 0 0 0 0 0 566 0 0 100 0 0 0 0 0 0 51 0 0 51 0 0 0 0 0 0 0 0 0 0 0 20 0 40 0 0 0 0 0 0 0 0 0 0 93 0 
8654 0 0 0 182 46 0 112 0 64 870 298 0 0 3207 166 0 0 0 0 390 225 855 19565 625 660 0 0 0 40 3215 26 0 0 2026 0 0 0 51 179 0 0 0 49 32 422 13 513 1179 2137 26 240 0 316 0 0 132 42 0 80 149 81 282 851 152 0 921 0 0 57 40 0 0 741 0 80 1630 1900 57 0 0 661 147 8492 400 0 0 0 64 552 1837 3689 676 191 271 314 0 32 1542 166 77 0 593 922 142 315 83 16 80 0 121 278 0 140 0 32 0 20016 162 1208 175 995 0 20 2746 1249 0 1894 435 0 300 1116 0 0 0 0 0 0 0 0 125 157 0 80 90 144 13 125 490 1023 0 0 581 380 1741 69809 440 67 261 57 0 556 2005 3426 0 173 330 126 0 0 282 6413 0 54 737 0 0 0 0 0 322 666 251 37 377 0 0 0 292 0 306 0 607 0 0 0 3112 0 272 0 399 16 37 0 245 319 3375 113 169 140 0 
0 0 0 0 0 0 0 0 0 0 0 0 0 0 0 0 0 0 0 0 0 0 0 72 0 0 0 0 0 0 0 0 0 0 0 0 0 0 0 0 0 0 0 0 0 0 0 26 0 0 0 0 0 0 0 0 0 0 0 0 0 0 0 0 0 0 0 0 0 0 0 0 0 0 0 0 0 32 0 0 0 32 0 0 0 0 0 0 0 0 13 0 0 0 0 0 0 0 0 0 0 0 0 0 0 0 0 0 0 0 0 0 0 0 0 0 0 494 0 0 0 0 0 0 0 0 0 0 0 0 0 0 0 0 0 0 0 0 0 0 0 0 0 0 0 0 0 0 0 0 0 0 0 0 0 245 0 0 0 0 0 80 0 0 0 0 0 0 0 0 0 0 0 0 0 0 0 0 0 0 0 0 0 0 0 0 0 0 0 0 0 0 0 0 0 0 16 0 0 0 0 0 0 0 0 0 0 0 0 0 0 
64 0 0 0 0 0 0 0 0 0 0 0 0 0 0 0 0 0 0 0 0 0 0 40 0 0 0 0 0 0 40 0 0 0 0 0 0 0 0 0 0 0 0 0 0 100 0 0 0 0 0 0 0 0 0 0 0 0 0 0 0 0 0 0 0 0 0 0 0 0 0 0 0 0 0 0 0 0 0 0 0 0 0 40 0 0 0 0 0 0 0 0 0 0 0 0 0 0 0 0 0 0 0 0 0 0 0 0 0 0 0 0 0 0 0 0 0 100 0 0 0 0 0 0 0 0 0 0 0 0 0 0 0 0 0 0 0 0 0 0 0 0 0 0 0 0 0 0 0 0 0 0 0 0 0 152 0 0 0 0 0 0 0 0 0 0 0 0 0 0 0 100 0 0 0 0 0 0 0 0 0 0 0 0 0 0 0 0 0 0 0 0 0 0 0 0 0 0 0 0 0 0 0 0 0 0 13 0 0 0 0 
20 0 0 0 0 0 0 0 0 0 0 0 0 0 0 0 0 0 0 0 0 0 100 42 0 0 0 0 0 0 0 0 0 0 0 0 0 0 0 0 0 0 0 0 0 0 0 0 0 0 0 0 0 0 0 0 0 0 0 0 0 0 0 0 0 0 0 0 0 0 0 0 0 0 0 0 0 0 0 0 0 0 0 0 0 0 0 0 0 0 0 0 0 0 0 0 0 0 0 0 0 0 0 0 0 0 0 0 0 0 0 0 0 0 0 0 0 133 0 0 0 0 0 0 0 0 0 0 0 0 0 0 0 0 0 0 0 0 0 0 0 0 0 0 0 0 0 0 0 0 0 0 0 0 0 260 0 0 0 0 0 0 0 0 0 0 0 0 0 0 0 0 0 0 0 0 0 0 0 0 0 0 0 0 0 0 0 0 0 0 0 0 0 0 0 0 0 0 0 0 0 0 0 0 0 0 0 0 0 0 0 
0 0 0 0 0 0 0 0 0 0 0 0 0 0 0 0 0 0 0 0 0 0 0 0 0 0 0 0 0 0 0 0 0 0 0 0 0 0 0 0 0 0 0 0 0 0 0 0 0 0 0 0 0 0 0 0 0 0 0 0 0 0 0 0 0 0 0 0 0 0 0 0 0 0 0 0 0 0 0 0 0 0 0 0 0 0 0 0 0 0 0 0 0 0 0 0 0 0 0 0 0 0 0 0 0 0 0 0 0 0 0 0 0 0 0 0 0 0 0 0 0 0 0 0 0 0 0 0 0 0 0 0 0 0 0 0 0 0 0 0 0 0 0 0 0 0 0 0 0 0 0 0 0 0 0 0 0 0 0 0 0 0 0 0 0 0 0 0 0 0 0 0 0 0 0 0 0 0 0 0 0 0 0 0 0 0 0 0 0 0 0 0 0 0 0 0 0 0 0 0 0 0 0 0 0 0 0 0 0 0 0 
132 0 0 0 0 0 0 0 0 0 0 0 0 0 0 0 0 0 0 0 0 0 0 0 0 0 0 0 0 0 0 0 0 0 0 0 0 0 0 0 0 0 0 0 0 0 0 0 0 0 0 0 0 0 0 0 0 0 0 0 0 0 0 0 0 0 0 0 0 0 0 0 0 0 0 0 0 0 0 0 0 0 0 0 0 0 0 0 0 0 0 0 0 0 0 0 0 0 0 0 0 0 0 0 0 0 0 0 0 0 0 0 0 0 0 0 0 658 0 13 0 0 0 0 0 0 0 0 0 0 0 0 0 0 0 0 0 0 0 0 0 0 0 0 0 0 0 0 0 0 0 0 0 0 0 51 0 0 0 0 0 0 0 0 0 0 0 0 0 0 0 129 0 0 0 0 0 0 0 0 0 0 0 0 0 0 0 0 0 0 0 0 0 0 0 0 0 0 0 0 0 0 0 0 0 0 0 0 0 0 0 
2888 0 0 0 40 0 0 0 0 0 51 0 0 0 116 0 0 0 0 0 0 32 172 2238 73 26 0 0 0 0 287 0 0 0 204 0 0 0 0 0 0 0 0 0 0 0 13 80 115 365 0 0 0 0 0 0 0 80 0 0 0 0 0 0 0 0 200 0 0 0 0 0 0 16 0 0 345 78 0 0 0 0 0 410 0 0 0 0 0 142 291 325 0 0 0 16 0 0 113 64 0 0 132 32 0 0 0 0 0 0 0 0 0 0 0 0 0 2791 51 136 40 477 0 0 367 0 0 41 0 0 64 106 0 0 0 0 0 0 0 0 40 0 0 100 0 80 0 0 170 0 0 0 0 16 218 6725 129 0 0 0 0 26 73 0 0 0 26 58 0 0 0 373 0 0 51 0 0 0 0 0 51 0 0 0 0 0 0 0 0 0 0 0 26 0 0 0 621 0 0 0 0 0 0 0 58 0 901 0 0 120 0 
2840 0 0 0 126 0 0 0 0 0 331 26 0 0 479 96 0 0 0 0 64 0 475 3199 26 173 0 0 37 0 1166 0 0 0 660 260 0 0 16 172 0 0 40 0 80 40 0 13 322 1000 67 80 0 0 0 0 0 264 0 0 182 73 167 77 0 0 223 0 0 0 16 0 0 192 0 0 808 929 0 0 0 227 64 2780 0 0 0 0 0 699 681 810 127 142 224 366 0 0 269 1053 181 0 387 165 104 680 0 0 100 0 0 110 0 160 51 110 0 4234 232 468 100 239 0 0 367 118 0 244 464 0 341 34 0 0 0 0 0 0 0 0 0 16 0 0 16 296 0 83 192 238 0 0 26 158 3785 9410 116 80 16 0 131 116 294 374 0 83 144 128 126 0 140 4271 80 0 80 0 0 32 26 0 94 123 211 0 0 0 0 51 52 40 26 0 132 0 0 20 575 0 108 0 90 0 0 0 13 400 1608 179 51 816 0 
595 0 0 0 0 0 0 0 0 0 220 16 0 0 164 100 0 0 0 0 0 0 228 2599 0 0 0 0 0 20 549 0 0 0 365 0 0 0 0 80 0 0 0 0 80 20 0 52 113 361 72 0 0 113 0 0 0 0 0 0 52 0 80 67 64 0 64 0 0 0 0 0 0 0 0 51 222 470 0 0 0 80 26 1310 0 0 0 0 0 40 293 741 64 16 0 26 0 0 259 244 32 0 100 136 32 0 80 0 0 0 0 51 0 0 0 0 0 2093 0 199 0 228 0 0 587 32 0 64 51 0 160 120 0 0 0 0 0 0 0 0 26 0 0 0 0 0 0 0 0 42 0 0 0 144 32 3032 32 0 20 0 0 40 58 0 0 0 80 0 64 0 0 994 0 84 167 0 0 0 0 0 0 144 26 64 0 0 0 0 0 0 0 0 51 0 0 0 342 0 0 0 47 0 0 0 0 0 310 0 0 0 0 
301 0 0 0 0 0 0 0 0 0 51 126 0 0 0 0 0 0 0 0 0 0 80 382 0 0 0 0 0 0 102 0 0 0 100 0 0 0 0 0 0 0 0 0 0 0 0 0 0 152 0 0 0 0 0 0 0 0 0 0 100 0 0 20 0 0 0 0 0 0 0 0 0 0 0 0 104 236 0 0 0 0 0 587 0 0 0 0 0 100 20 243 0 26 0 0 0 0 32 0 0 0 16 0 0 32 0 0 0 0 0 0 0 0 0 0 0 443 0 58 0 16 0 16 26 20 0 0 0 0 0 0 0 0 0 0 0 0 0 0 0 100 0 0 0 100 0 64 64 0 0 0 160 32 51 1235 0 0 0 0 0 0 0 0 0 0 80 0 0 0 0 233 0 0 40 0 0 0 0 0 0 0 0 0 0 0 0 0 0 0 0 0 0 0 0 0 0 0 0 0 0 0 0 0 0 0 200 80 0 0 0 
51 0 0 0 115 0 0 0 0 0 0 0 0 0 32 0 0 0 0 0 0 0 0 291 0 0 0 0 0 0 32 0 0 0 120 0 0 0 0 0 0 0 0 0 0 0 0 0 80 13 0 0 0 100 0 0 0 0 0 0 0 0 0 0 0 0 0 0 0 0 0 0 0 0 0 0 0 0 0 0 0 0 0 164 0 0 0 0 0 0 0 64 0 64 0 0 0 0 16 0 0 0 26 0 0 0 0 0 0 0 0 0 0 0 0 0 0 382 0 16 0 0 0 0 160 0 0 96 0 0 0 0 0 0 0 0 0 0 0 0 0 0 0 51 0 0 0 0 51 0 0 0 0 647 240 703 0 0 0 0 0 0 84 0 0 0 0 0 0 0 0 176 0 0 0 0 0 0 0 0 0 26 0 0 0 0 0 0 0 0 0 0 0 0 0 0 40 0 0 0 0 0 0 0 0 0 80 0 0 0 0 
444 0 0 0 26 0 0 0 0 0 0 0 0 0 0 0 0 0 0 0 0 51 264 782 0 0 0 0 0 0 0 0 0 0 90 0 0 0 0 0 0 0 0 0 0 0 0 0 0 0 0 0 0 0 0 0 0 26 0 0 0 0 0 0 0 0 0 0 0 0 0 0 0 0 0 0 64 0 0 0 0 0 0 370 0 51 0 0 0 81 0 0 0 0 87 200 0 0 0 0 0 0 0 100 0 0 0 0 0 0 0 0 0 0 0 0 0 761 0 0 0 0 0 0 199 80 0 116 0 0 0 16 0 0 0 0 0 0 0 0 0 0 0 32 0 0 0 0 0 112 0 0 0 0 300 1344 0 0 0 0 0 0 0 0 0 200 0 0 0 0 0 104 0 0 0 0 0 40 0 0 0 0 0 0 0 0 0 0 0 0 0 0 32 0 0 0 80 0 128 0 0 0 0 0 0 0 51 0 0 0 0 
94 0 0 0 163 0 0 0 0 0 0 0 0 0 0 64 0 0 0 0 16 0 0 665 0 92 0 0 0 0 450 0 0 0 147 51 0 0 0 0 0 0 0 0 0 80 100 0 32 179 80 0 0 0 0 0 0 20 40 0 0 0 0 73 0 0 0 0 0 0 51 0 0 0 0 0 198 164 0 0 0 51 0 567 0 0 0 0 0 0 160 104 16 0 0 40 0 0 0 0 0 0 351 77 0 0 0 100 0 0 0 0 0 0 0 0 0 2089 0 196 0 40 0 0 131 0 51 0 16 0 0 0 0 0 0 0 0 0 0 0 0 0 0 0 0 0 0 0 0 0 0 0 0 192 380 1928 0 0 0 0 0 64 331 20 0 0 0 0 0 0 0 754 0 0 0 0 0 0 0 0 26 0 104 0 0 0 0 0 211 0 0 0 0 0 0 200 227 0 0 0 39 0 0 0 0 0 64 13 0 0 0 
0 0 0 0 0 0 0 0 0 0 0 0 0 0 0 0 0 0 0 0 0 0 0 0 0 0 0 0 0 0 0 0 0 0 0 0 0 0 0 0 0 0 0 0 0 0 0 0 0 0 0 0 0 0 0 0 0 0 0 0 0 0 0 0 0 0 0 0 0 0 0 0 0 0 0 0 0 0 0 0 0 0 0 0 0 0 0 0 0 0 0 0 0 0 0 0 0 0 0 0 0 0 0 0 0 0 0 0 0 0 0 0 0 0 0 0 0 0 0 0 0 0 0 0 0 0 0 0 0 0 0 0 0 0 0 0 0 0 0 0 0 0 0 0 0 0 0 0 0 0 0 0 0 0 0 0 0 0 0 0 0 0 0 0 0 0 0 0 0 0 0 0 0 0 0 0 0 0 0 0 0 0 0 0 0 0 0 0 0 0 0 0 0 0 0 0 0 0 0 0 0 0 0 0 0 0 0 0 0 0 0 
0 0 0 0 0 0 0 0 0 0 0 0 0 0 0 0 0 0 0 0 0 0 0 80 0 0 0 0 0 0 0 0 0 0 0 0 0 0 0 0 0 0 0 0 0 0 0 0 0 0 0 0 0 0 0 0 0 0 0 0 0 0 0 0 0 0 0 0 0 0 0 0 0 0 0 0 0 0 0 0 0 0 0 0 0 0 0 0 0 0 0 0 0 0 0 0 0 0 0 0 0 0 0 0 0 0 0 0 0 0 0 0 0 0 0 0 0 0 0 0 0 0 0 0 0 0 0 0 0 0 0 0 0 0 0 0 0 0 0 0 0 0 0 0 0 0 0 0 0 0 0 0 0 0 0 40 0 0 0 0 0 0 0 0 0 0 0 0 0 0 0 0 0 0 0 0 0 0 0 0 0 0 0 0 0 0 0 0 0 0 0 0 0 0 0 0 0 0 0 0 0 64 0 0 0 0 0 0 0 0 0 
408 0 0 0 0 0 0 0 0 0 277 0 0 0 64 0 0 0 0 0 141 0 32 804 0 20 0 0 0 0 720 0 0 0 104 0 0 0 0 0 0 0 0 0 0 40 0 106 51 349 0 0 0 0 0 0 0 0 16 0 0 0 0 16 0 0 77 0 0 0 0 0 0 0 0 0 33 399 0 0 0 0 100 742 0 0 0 0 0 200 102 20 0 0 0 51 0 0 0 64 0 0 16 0 0 16 0 0 40 0 0 0 0 0 0 16 0 2526 0 144 0 51 0 0 165 400 0 138 0 0 77 0 0 0 0 0 0 0 0 0 0 0 0 0 0 20 0 0 0 51 0 0 289 0 110 1524 426 0 0 0 0 160 200 46 0 0 0 0 0 0 0 844 0 0 0 0 0 0 0 0 0 64 13 0 40 0 0 0 32 0 0 0 0 0 0 0 280 0 0 0 73 0 0 0 0 0 240 0 80 123 0 
795 0 0 0 0 20 0 0 0 0 0 26 0 0 32 0 0 0 0 0 0 0 156 209 0 40 0 0 0 0 567 0 0 0 295 0 0 0 0 0 0 0 64 0 0 13 0 0 0 207 16 0 0 0 0 0 0 51 0 0 64 104 83 0 0 0 0 0 0 0 0 0 0 0 0 64 128 415 0 0 0 0 0 596 0 0 0 0 0 83 206 75 40 0 42 0 0 0 40 0 16 0 78 229 147 13 0 0 0 0 0 0 0 0 0 0 0 740 32 20 0 0 0 0 65 0 0 184 104 0 0 0 0 0 0 0 0 0 0 0 0 0 0 0 0 0 0 0 40 73 0 0 0 30 747 2411 40 0 80 0 164 16 51 151 0 20 0 0 0 0 0 797 0 0 156 0 0 0 0 0 0 147 80 0 13 0 0 0 32 0 80 0 16 0 0 0 78 0 64 0 0 0 0 0 0 0 227 64 51 0 0 
78 0 0 0 106 0 0 0 0 0 0 0 0 0 40 0 0 0 0 0 0 0 81 523 0 64 0 0 0 0 72 0 0 0 0 16 0 0 0 0 0 0 0 0 0 0 0 0 0 0 0 0 0 0 0 0 0 0 0 0 0 0 0 0 0 0 0 0 0 0 0 0 0 0 0 0 106 233 0 0 0 0 51 135 0 0 0 0 0 0 20 51 0 0 0 0 0 0 20 0 0 0 0 0 0 0 0 0 0 0 0 0 0 0 0 0 0 481 0 64 0 0 0 0 120 40 0 0 0 0 0 0 0 0 0 0 0 0 0 0 0 0 0 0 0 0 0 0 0 0 0 0 0 26 154 525 64 0 0 0 0 0 13 0 0 0 0 0 0 0 0 141 0 0 0 0 0 0 0 0 0 0 0 0 0 0 0 0 0 0 0 0 0 0 0 0 64 0 0 0 100 0 0 0 0 0 72 0 0 0 0 
0 0 0 0 0 0 0 0 0 0 0 0 0 0 0 0 0 0 0 0 0 0 0 0 0 0 0 0 0 0 0 0 0 0 0 0 0 0 0 0 0 0 0 0 0 0 0 0 0 0 0 0 0 0 0 0 0 0 0 0 0 0 0 0 0 0 0 0 0 0 0 0 0 0 0 0 0 0 0 0 0 0 0 0 0 0 0 0 0 0 0 0 0 0 0 0 0 0 0 0 0 0 0 0 0 0 0 0 0 0 0 0 0 0 0 0 0 0 0 0 0 0 0 0 0 0 0 0 0 0 0 0 0 0 0 0 0 0 0 0 0 0 0 0 0 0 0 0 0 0 0 0 0 0 0 0 0 0 0 0 0 0 0 0 0 0 0 0 0 0 0 0 0 0 0 0 0 0 0 0 0 0 0 0 0 0 0 0 0 0 0 0 0 0 0 0 0 0 0 0 0 0 0 0 0 0 0 0 0 0 0 
592 0 0 0 140 0 0 0 0 0 160 0 0 0 131 0 0 0 0 0 40 13 185 1240 40 121 0 0 0 0 316 0 0 0 224 0 0 0 0 77 0 0 0 0 0 40 0 20 131 26 0 164 0 0 0 0 0 52 0 0 0 160 0 0 102 0 0 0 0 32 0 0 0 0 0 0 80 437 0 0 0 80 0 688 0 0 0 0 32 133 398 46 40 160 26 0 0 0 0 0 64 0 80 0 92 0 0 0 0 0 0 0 0 0 0 0 0 2047 80 37 0 102 0 0 450 168 0 128 53 0 39 59 0 0 0 0 0 0 0 0 0 0 0 0 0 0 0 32 96 32 0 0 64 2542 268 4000 80 0 0 0 0 0 315 237 0 294 64 26 0 0 0 1027 0 0 0 0 0 0 0 0 13 51 0 13 0 0 0 0 64 0 0 0 0 0 0 0 78 0 0 0 26 0 20 0 0 0 565 16 0 0 0 
106 0 0 0 0 0 0 0 0 0 20 0 0 0 160 0 0 0 0 0 0 0 0 496 0 0 0 0 0 0 194 0 0 0 244 0 0 0 0 0 0 0 0 0 0 20 0 0 0 67 0 0 0 0 0 0 0 0 0 0 0 0 0 0 0 0 0 0 0 0 0 0 0 0 0 0 128 124 0 0 0 0 0 530 0 0 0 0 0 81 26 0 0 20 0 0 0 0 64 16 0 0 58 0 0 0 0 0 0 0 0 0 0 0 0 0 0 3064 0 51 0 0 0 0 126 230 0 0 0 0 0 1011 0 0 0 0 0 0 0 0 20 0 0 40 0 0 0 0 52 13 0 0 0 47 80 2452 180 32 0 0 0 224 144 53 0 192 0 40 0 0 0 519 0 0 40 0 0 0 0 0 0 0 0 0 0 0 0 0 0 0 0 0 80 0 0 0 122 0 0 0 32 0 0 0 13 0 174 0 0 0 0 
66 0 0 0 0 0 0 0 0 0 0 0 0 0 77 0 0 0 0 0 0 26 0 203 0 0 0 0 0 0 513 0 0 0 97 0 0 0 0 0 0 0 0 0 0 40 0 0 0 40 0 0 0 0 0 0 0 0 0 0 32 0 0 0 0 0 0 0 0 0 0 0 0 0 0 0 90 182 0 0 0 0 0 512 0 0 0 0 0 0 174 57 0 100 0 64 0 0 13 20 0 0 300 0 0 0 0 0 0 0 0 0 0 0 0 0 0 965 0 47 0 0 0 0 13 0 0 16 0 0 40 0 0 0 0 0 0 0 0 0 0 0 0 0 0 0 0 0 0 0 0 0 0 100 32 1733 0 0 0 13 0 64 0 0 0 80 0 0 0 0 0 827 0 0 0 0 0 0 0 0 0 0 0 0 0 0 0 0 0 0 0 0 0 0 0 0 129 0 32 0 0 0 0 0 0 0 51 0 0 13 0 
170 0 0 0 0 0 0 0 0 0 0 64 0 0 167 0 0 0 0 0 40 51 40 265 0 0 0 0 0 0 124 80 0 0 249 0 0 0 0 13 0 0 0 0 0 64 0 0 46 131 0 0 0 0 0 0 0 0 0 0 0 0 0 40 0 0 0 0 0 0 0 0 0 0 0 0 131 232 0 0 0 172 26 433 0 0 0 0 0 0 164 32 0 0 0 0 0 0 80 40 0 0 64 0 0 16 0 0 0 0 0 0 0 0 0 0 0 350 0 0 0 20 0 0 26 0 0 135 0 0 115 0 0 0 0 0 0 0 0 0 0 0 0 0 0 0 0 0 0 16 0 0 128 0 831 1001 199 26 0 0 0 26 37 51 0 20 0 13 0 0 0 563 0 0 0 0 0 0 0 0 0 0 80 0 26 0 0 0 0 51 0 0 0 0 0 0 47 0 0 0 13 0 0 0 0 40 70 0 0 0 0 
0 0 0 0 0 0 0 0 0 0 0 0 0 0 0 0 0 0 0 0 0 0 0 0 0 0 0 0 0 0 0 0 0 0 0 0 0 0 0 0 0 0 0 0 0 0 0 0 0 51 0 0 0 0 0 0 0 0 0 0 32 0 0 0 0 0 0 0 0 0 0 0 0 0 0 0 0 0 0 0 0 0 0 80 0 0 0 0 0 0 0 0 0 0 0 0 0 0 0 0 0 0 0 0 0 0 0 0 0 0 0 0 0 0 0 0 0 88 0 0 0 0 0 0 51 0 0 0 0 0 0 0 0 0 0 0 0 0 0 0 0 0 0 0 0 0 0 0 0 100 0 0 0 0 0 337 0 0 0 0 0 0 80 0 0 0 0 0 0 0 0 90 0 0 0 0 0 0 0 0 0 51 0 0 0 0 0 0 0 0 0 0 160 0 0 0 0 0 0 0 0 0 0 0 0 0 0 0 0 0 0 
20 0 0 0 0 0 0 0 0 0 0 0 0 0 0 0 0 0 0 0 0 0 0 0 0 0 0 0 0 0 26 0 0 0 0 0 0 0 0 0 0 0 0 0 0 0 0 0 0 0 0 0 0 0 0 0 20 0 0 0 32 0 0 0 0 0 0 0 0 0 0 0 0 0 0 0 0 0 0 0 0 0 0 0 0 0 0 0 0 0 0 0 0 0 0 0 0 0 0 0 0 0 80 0 0 0 0 0 0 0 0 100 0 0 0 0 0 64 0 0 0 0 0 0 0 0 0 0 0 0 0 0 0 0 0 0 0 0 0 0 0 0 0 0 0 0 0 0 0 0 0 0 0 40 37 46 92 0 0 0 0 0 16 0 0 0 0 0 0 0 0 115 0 0 0 0 0 0 0 0 0 0 0 0 0 0 0 0 0 0 0 0 0 0 0 0 0 0 0 0 0 0 0 0 0 0 0 0 0 0 0 
40 0 0 0 0 0 0 0 0 0 0 0 0 0 0 0 0 0 0 0 0 0 0 0 0 0 0 0 26 0 0 0 0 0 0 0 0 0 0 0 0 0 0 0 0 0 0 0 80 0 0 0 0 0 0 0 0 0 0 0 0 0 0 0 0 0 0 0 0 0 0 0 0 0 0 0 13 20 0 0 0 0 0 0 0 0 0 0 0 0 0 0 0 0 0 0 0 0 0 0 0 0 0 0 0 0 0 0 0 0 0 0 0 0 144 0 0 100 0 20 0 0 0 0 0 0 0 0 0 0 0 0 0 0 0 0 0 0 0 0 0 20 0 0 0 0 0 0 0 0 0 0 0 0 16 32 80 0 0 0 0 0 0 0 0 0 0 0 0 0 0 13 0 0 0 0 0 0 0 0 0 0 0 0 0 0 0 0 0 0 0 0 0 0 0 0 0 0 0 0 0 0 0 0 0 0 40 0 0 64 0 
251 0 0 0 0 0 0 0 0 0 0 0 0 0 0 0 0 0 0 0 0 0 0 16 0 0 0 0 0 0 0 0 0 0 0 0 0 0 0 0 0 0 0 0 0 0 0 0 0 0 0 0 0 0 0 0 0 0 0 0 0 0 0 0 0 0 0 0 0 0 0 0 0 0 0 0 0 67 0 0 0 0 0 83 0 0 0 0 0 0 0 100 0 0 0 80 0 0 0 51 0 0 0 0 0 0 0 0 0 0 0 100 0 0 0 0 0 142 0 0 0 0 0 0 80 0 0 0 13 0 0 0 0 0 0 0 0 0 0 0 0 0 0 0 0 0 0 0 64 0 0 0 51 0 30 179 0 0 0 0 0 0 0 0 0 0 13 0 0 0 0 108 0 32 0 0 0 0 0 0 0 0 110 0 0 0 0 0 100 0 0 0 0 0 0 0 64 0 0 0 0 0 0 0 0 0 0 0 0 0 0 
0 0 0 0 0 0 0 0 0 0 0 0 0 0 82 0 0 0 0 0 0 0 0 98 0 0 0 0 0 0 0 0 0 0 64 0 0 0 0 0 0 0 0 0 0 39 0 0 0 32 0 0 0 0 0 0 0 0 0 0 0 0 0 0 0 0 0 0 0 0 0 0 0 0 0 0 0 93 0 0 0 0 0 116 0 0 0 0 0 0 0 0 0 0 0 0 0 0 0 0 0 0 0 0 0 51 0 0 0 0 0 0 0 0 0 0 0 332 0 144 0 0 0 0 57 0 0 0 0 0 0 0 0 0 0 0 0 0 0 0 0 0 0 0 0 0 0 0 0 0 0 0 0 0 0 593 0 0 0 0 0 0 0 80 0 0 0 0 0 0 0 106 0 0 0 0 0 0 0 0 0 0 0 0 0 0 0 0 0 0 0 0 0 0 0 0 0 0 0 0 0 0 0 0 0 0 51 0 0 0 0 
318 0 0 0 0 0 0 0 0 0 16 20 0 0 170 0 0 0 0 0 0 0 26 567 0 115 0 0 0 0 97 0 0 0 180 0 0 0 0 0 0 0 0 0 0 177 0 0 128 32 0 0 0 0 0 0 0 260 0 0 73 0 0 0 40 0 51 0 0 0 16 0 0 0 0 0 328 158 0 0 0 51 0 253 0 0 0 0 0 64 323 0 0 400 0 100 0 0 0 13 20 0 467 0 26 0 0 64 0 0 0 776 0 0 121 0 0 1215 0 54 0 232 0 0 408 164 0 237 0 0 47 0 0 0 0 0 0 0 0 0 0 0 0 0 0 0 0 0 0 0 0 0 358 361 264 1182 88 0 0 0 0 40 32 95 0 32 26 0 0 0 0 755 0 0 13 0 0 0 0 0 0 51 90 0 0 0 0 0 0 0 0 0 0 0 0 32 147 0 0 0 122 0 0 0 0 0 119 0 0 0 0 
0 0 0 0 0 0 0 0 0 0 0 0 0 0 0 0 0 0 0 0 0 0 0 0 0 0 0 0 0 0 0 0 0 0 0 0 0 0 0 0 0 0 0 0 0 0 0 0 0 0 0 0 0 0 0 0 0 0 0 0 0 0 0 0 0 0 0 0 0 0 0 0 0 0 0 0 0 0 0 0 0 0 0 0 0 0 0 0 0 0 0 0 0 0 0 0 0 0 0 0 0 0 0 0 0 0 0 0 0 0 0 0 0 0 0 0 0 0 0 0 0 0 0 0 0 0 0 0 0 0 0 0 0 0 0 0 0 0 0 0 0 0 0 0 0 0 0 0 0 0 0 0 0 0 0 0 0 0 0 0 0 0 0 0 0 0 0 0 0 0 0 0 0 0 0 0 0 0 0 0 0 0 0 0 0 0 0 0 0 0 0 0 0 0 0 0 0 0 0 0 0 0 0 0 0 0 0 0 0 0 0 
0 0 0 0 0 0 0 0 0 0 0 0 0 0 0 0 0 0 0 0 0 0 0 0 0 0 0 0 0 0 0 0 0 0 0 0 0 0 0 0 0 0 0 0 0 0 0 0 0 0 0 0 0 0 0 0 0 0 0 0 0 0 0 0 0 0 0 0 0 0 0 0 0 0 0 0 0 0 0 0 0 0 0 100 0 0 0 0 0 0 0 0 0 240 0 0 0 0 0 0 0 0 80 0 0 0 0 0 0 0 0 0 0 0 0 0 0 100 0 0 0 0 0 0 0 0 0 40 0 0 0 0 0 0 0 0 0 0 0 0 0 0 0 0 0 0 0 0 0 0 0 0 0 0 102 534 0 0 0 0 0 0 0 0 0 0 0 0 0 0 0 0 0 0 0 0 0 0 0 0 0 16 0 0 0 0 0 0 0 0 0 0 0 0 0 0 26 0 0 0 0 0 0 0 0 0 0 0 0 0 0 
106 0 0 0 0 0 0 0 0 0 64 0 0 0 0 0 0 0 0 0 0 0 0 53 0 139 0 0 51 0 42 0 0 0 40 0 0 0 0 0 0 0 0 0 0 20 0 0 0 51 0 64 0 0 0 0 0 0 0 0 163 0 0 0 0 0 0 0 0 0 0 0 0 0 0 0 26 37 0 0 0 0 0 77 0 0 0 0 0 0 160 26 0 0 0 0 0 0 0 0 0 0 0 0 64 100 0 0 0 0 0 0 0 0 1051 0 0 541 0 90 0 40 0 0 104 0 0 0 0 0 0 0 0 0 0 0 0 0 0 0 0 40 0 0 0 26 0 0 0 0 0 0 0 0 135 475 0 0 0 0 0 0 80 40 0 0 0 0 0 0 0 51 0 0 0 0 0 0 40 0 0 0 13 0 0 0 0 0 0 0 0 0 0 0 0 0 40 0 0 0 0 0 0 0 0 0 16 0 100 0 0 
0 0 0 0 264 0 0 0 0 0 0 0 0 0 160 0 0 0 0 0 0 0 0 135 0 40 0 0 0 0 164 0 0 0 278 0 0 0 0 100 0 0 0 0 0 0 0 0 0 207 0 64 0 0 0 0 0 0 0 0 0 0 0 0 16 0 0 0 0 0 0 0 0 0 0 0 0 16 0 0 0 0 0 104 0 0 0 0 0 0 0 94 0 0 0 0 0 0 0 0 0 0 160 0 0 0 0 0 0 0 0 0 0 0 51 0 0 652 0 0 0 0 0 0 32 0 0 0 0 0 0 0 0 0 0 0 0 0 0 0 0 100 0 0 0 0 80 0 0 0 0 0 0 131 26 586 80 0 0 0 0 64 20 51 0 0 0 0 0 0 0 359 0 0 0 0 0 0 0 0 0 0 0 0 0 0 0 0 0 0 0 0 26 0 0 0 16 0 0 0 0 0 0 0 0 0 20 0 0 0 0 
0 0 0 0 0 0 0 0 0 0 0 0 0 0 0 0 0 0 0 0 0 0 0 0 0 0 0 0 0 0 0 0 0 0 0 0 0 0 0 0 0 0 0 0 0 0 0 0 0 0 0 0 0 0 0 0 0 0 0 0 0 0 0 0 0 0 0 0 0 0 0 0 0 0 0 0 0 0 0 0 0 0 0 0 0 0 0 0 0 0 0 0 0 0 0 0 0 0 0 0 0 0 0 0 0 0 0 0 0 0 0 0 0 0 0 0 0 0 0 0 0 0 0 0 0 0 0 0 0 0 0 0 0 0 0 0 0 0 0 0 0 0 0 0 0 0 0 0 0 0 0 0 0 0 0 0 0 0 0 0 0 0 0 0 0 0 0 0 0 0 0 0 0 0 0 0 0 0 0 0 0 0 0 0 0 0 0 0 0 0 0 0 0 0 0 0 0 0 0 0 0 0 0 0 0 0 0 0 0 0 0 
15158 0 0 0 578 226 0 96 51 145 837 587 0 0 4871 231 0 0 0 0 457 313 1956 39132 307 1145 0 0 0 182 6480 57 0 0 3360 26 0 0 0 478 84 26 51 160 13 1461 184 347 1453 6281 233 208 0 181 0 64 52 309 0 0 457 80 454 1250 433 0 746 0 0 0 144 0 0 391 0 37 3502 5145 208 0 26 818 163 16801 0 300 120 0 26 2427 2789 4234 483 215 600 476 0 0 1227 1388 407 0 1068 704 378 849 332 0 0 40 200 684 0 102 347 67 0 24032 537 2389 156 1135 0 40 6261 865 0 3301 738 0 1069 494 0 0 0 0 0 0 0 0 160 231 0 411 170 231 388 180 720 1503 0 67 1846 819 4702 138380 2313 832 714 26 0 3316 2004 3389 0 1200 737 628 514 0 47 12389 13 176 765 0 0 20 0 0 848 807 713 81 620 0 0 26 341 116 768 144 915 0 0 246 8035 0 673 0 2565 0 710 0 885 546 4582 138 217 921 0 
157 0 0 0 0 0 0 0 0 0 0 0 0 0 160 0 0 0 0 0 0 0 47 692 64 16 0 0 0 0 26 0 0 0 93 0 0 0 0 0 0 0 0 0 0 0 0 16 0 322 0 0 0 0 0 0 0 0 0 0 0 0 0 0 0 0 0 0 0 0 0 0 0 0 0 0 100 1314 0 0 0 0 0 249 0 0 0 0 0 158 0 20 0 0 0 0 0 0 0 0 0 0 80 0 0 51 0 0 0 0 0 0 0 0 0 0 0 528 47 0 0 80 0 0 20 13 0 80 0 0 0 0 0 0 0 0 0 0 0 0 0 0 0 0 0 0 0 0 40 100 0 0 0 64 64 1331 0 0 0 0 0 0 0 164 0 0 0 0 0 0 64 154 100 0 0 0 0 0 0 0 0 0 32 0 0 0 0 0 32 0 0 0 0 0 0 0 84 0 32 0 0 0 0 0 0 0 333 0 0 0 0 
1882 0 0 0 0 16 0 0 0 39 153 362 0 0 224 83 0 0 0 0 200 0 392 2686 13 120 0 0 0 0 870 0 0 0 582 93 0 0 0 51 0 0 0 40 0 126 0 72 195 448 0 80 0 0 0 0 0 26 0 0 16 0 0 167 300 0 658 0 0 0 0 0 0 154 0 20 146 403 0 0 0 64 0 979 13 0 13 0 0 207 614 402 117 0 131 26 0 0 106 40 0 0 244 37 0 0 0 0 40 0 64 0 0 0 26 0 0 4046 16 1029 0 302 0 80 458 1491 0 0 46 0 53 400 0 0 0 0 0 0 0 0 40 0 0 37 0 64 0 0 0 406 0 80 90 73 554 15775 174 72 86 80 0 157 401 377 0 34 166 100 0 0 244 1488 0 0 0 0 0 0 0 0 13 0 13 0 0 0 0 0 0 0 20 0 258 0 0 40 690 0 16 0 13 0 32 0 40 58 717 0 100 84 0 
386 0 0 0 0 0 0 0 0 0 26 0 0 0 57 0 0 0 0 0 0 0 100 742 0 0 0 0 0 0 336 0 0 0 57 64 0 0 0 0 0 0 0 0 0 0 0 0 0 100 0 0 0 0 0 0 0 0 0 0 26 0 0 0 80 0 40 0 0 26 0 0 0 0 0 0 0 226 0 0 0 0 0 147 0 0 0 0 26 451 100 0 0 0 0 0 0 0 32 0 0 0 1700 0 0 0 0 0 0 0 0 0 0 0 0 0 0 632 64 157 0 26 0 0 16 0 0 0 0 0 80 64 0 0 0 0 0 0 0 0 0 0 0 0 0 0 0 0 32 13 0 0 0 13 0 1663 0 0 0 0 0 0 0 112 0 0 0 0 0 0 0 456 0 0 0 0 0 0 0 0 40 100 0 0 0 0 0 0 0 0 0 0 0 0 0 0 32 0 0 0 0 0 0 0 0 0 389 0 0 0 0 
395 0 0 0 0 0 0 0 0 0 280 79 0 0 131 26 0 0 0 0 100 13 40 1104 1509 32 0 0 0 0 348 0 0 0 398 0 0 0 0 65 0 0 0 0 0 73 0 64 97 112 0 0 0 0 0 0 0 0 0 0 0 32 0 0 13 0 26 0 0 0 0 0 0 26 0 0 192 80 0 0 0 104 0 879 0 0 64 0 0 67 58 26 42 0 0 0 0 0 64 100 26 0 333 192 0 20 0 0 0 0 0 51 0 0 0 0 0 5041 0 141 26 94 0 0 582 215 0 186 40 0 26 0 0 0 0 0 0 0 0 0 0 0 0 0 0 0 0 0 32 0 0 0 51 80 302 3685 266 0 0 0 0 342 30 32 0 16 0 112 0 0 40 843 0 0 96 0 0 0 0 0 51 80 0 32 26 0 0 0 0 0 0 0 180 0 0 0 464 0 80 0 137 0 0 0 47 0 343 0 0 126 0 
0 0 0 0 0 0 0 0 0 0 0 0 0 0 0 0 0 0 0 0 0 0 0 0 0 0 0 0 0 0 0 0 0 0 0 0 0 0 0 0 0 0 0 0 0 0 0 0 0 0 0 0 0 0 0 0 0 0 0 0 0 0 0 0 0 0 0 0 0 0 0 0 0 0 0 0 0 0 0 0 0 0 0 0 0 0 0 0 0 0 0 0 0 0 0 0 0 0 0 0 0 0 0 0 0 0 0 0 0 0 0 0 0 0 0 0 0 0 0 0 0 0 0 0 0 0 0 0 0 0 0 0 0 0 0 0 0 0 0 0 0 0 0 0 0 0 0 0 0 0 0 0 0 0 0 0 0 0 0 0 0 0 0 0 0 0 0 0 0 0 0 0 0 0 0 0 0 0 0 0 0 0 0 0 0 0 0 0 0 0 0 0 0 0 0 0 0 0 0 0 0 0 0 0 0 0 0 0 0 0 0 
0 0 0 0 0 0 0 0 0 0 0 0 0 0 0 0 0 0 0 0 0 0 0 0 0 0 0 0 0 0 0 0 0 0 0 0 0 0 0 0 0 0 0 0 0 0 0 0 0 0 0 0 0 0 0 0 0 0 0 0 0 0 0 0 0 0 0 0 0 0 0 0 0 0 0 0 0 0 0 0 0 0 0 0 0 0 0 0 0 0 0 0 0 0 0 0 0 0 0 0 0 0 0 0 0 0 0 0 0 0 0 0 0 0 0 0 0 80 0 0 0 0 0 0 0 0 0 0 0 0 0 0 0 0 0 0 0 0 0 0 0 0 0 0 0 0 0 0 0 0 0 0 0 0 0 0 0 0 0 0 0 0 0 0 0 0 0 0 0 0 0 0 0 0 0 0 0 0 0 0 0 0 0 0 0 0 0 0 0 0 0 0 0 0 0 0 0 0 0 0 0 0 0 0 0 0 0 0 0 0 0 
1243 0 0 0 240 0 0 0 0 0 164 376 0 0 185 128 0 0 0 0 0 51 447 2898 37 334 0 0 0 32 1190 0 0 0 619 51 0 0 0 158 0 0 0 232 0 484 40 49 200 955 0 77 0 0 0 0 0 0 0 0 111 0 0 32 0 0 97 0 0 0 26 0 0 13 0 0 338 549 0 0 0 0 80 3384 0 0 0 0 0 289 454 235 110 496 110 93 0 0 156 32 100 0 479 40 80 0 0 0 0 0 0 100 0 0 0 0 0 5315 228 700 0 229 0 0 1047 628 0 61 127 0 192 175 0 0 0 0 0 0 0 0 0 51 0 0 13 104 0 0 161 453 0 0 381 94 272 8850 141 34 40 64 0 105 320 221 0 20 0 118 0 0 0 1987 0 0 80 0 0 0 0 0 100 93 42 0 80 0 0 13 126 0 0 53 100 0 0 241 838 0 186 0 291 0 16 0 106 30 765 0 0 184 0 
332 0 0 0 16 0 0 0 0 0 0 80 0 0 134 0 0 0 0 0 0 0 0 667 0 96 0 0 0 16 73 0 0 0 151 0 0 0 0 64 0 0 0 0 0 0 0 0 80 58 0 0 0 0 0 0 0 0 0 0 16 0 16 0 64 0 0 0 0 0 32 0 0 16 0 32 138 107 0 0 0 0 0 503 0 0 0 0 0 103 160 20 0 13 0 40 0 0 13 64 0 0 26 0 51 0 0 0 64 0 0 0 0 0 40 20 0 1404 0 80 0 0 0 0 140 51 0 64 0 0 32 300 0 0 0 0 0 0 0 0 0 0 0 51 0 0 0 0 0 51 0 0 92 0 155 2293 13 0 39 0 0 144 144 20 0 58 80 0 0 0 51 493 0 0 0 0 0 0 0 0 84 0 26 0 64 0 0 0 0 0 0 0 80 0 0 0 85 0 26 0 61 0 0 0 16 0 82 0 0 0 0 
0 0 0 0 0 0 0 0 0 0 0 0 0 0 0 0 0 0 0 0 0 0 0 0 0 0 0 0 0 0 0 0 0 0 0 0 0 0 0 0 0 0 0 0 0 0 0 0 0 0 0 0 0 0 0 0 0 0 0 0 0 0 0 0 0 0 0 0 0 0 0 0 0 0 0 0 0 0 0 0 0 0 0 0 0 0 0 0 0 0 0 0 0 0 0 0 0 0 0 0 0 0 0 0 0 0 0 0 0 0 0 0 0 0 0 0 0 0 0 0 0 0 0 0 0 0 0 0 0 0 0 0 0 0 0 0 0 0 0 0 0 0 0 0 0 0 0 0 0 0 0 0 0 0 0 0 0 0 0 0 0 0 0 0 0 0 0 0 0 0 0 100 0 0 0 0 0 0 0 0 0 0 0 0 0 0 0 0 0 0 0 0 0 0 0 0 0 0 0 0 0 0 0 0 0 0 0 0 0 0 0 
165 0 0 0 16 0 0 0 0 0 0 32 0 0 243 80 0 0 0 0 32 0 92 1353 0 13 0 0 0 0 246 0 0 0 566 0 0 0 0 0 0 0 0 0 0 0 0 64 103 262 26 16 0 0 0 0 0 0 0 0 26 0 16 0 20 0 40 0 0 0 51 0 0 0 0 0 215 241 0 0 0 0 0 886 0 0 0 0 0 64 61 40 0 0 33 16 0 0 0 0 0 0 140 151 0 0 0 0 16 0 0 80 0 0 0 0 0 1123 0 115 0 64 0 0 138 32 0 930 72 0 0 64 0 0 0 0 0 0 0 0 0 0 0 0 0 80 0 0 115 0 0 0 192 40 99 1669 40 64 0 0 0 0 0 128 0 64 32 53 0 0 0 529 0 0 0 0 0 0 0 0 73 20 0 0 0 0 0 0 0 0 0 0 0 0 0 0 174 0 0 0 26 0 0 0 64 0 240 0 0 0 0 
541 0 0 0 0 0 0 0 0 0 26 320 0 0 198 13 0 0 0 0 100 0 0 1751 0 0 0 0 0 0 205 0 0 0 66 16 0 0 0 0 0 0 0 0 0 0 20 100 100 260 0 0 0 0 0 0 0 0 0 0 0 0 16 80 0 0 40 0 0 0 0 0 0 32 0 0 504 340 0 0 0 0 0 1204 0 0 0 0 0 100 80 64 0 26 80 32 0 0 100 40 0 0 80 84 0 0 0 16 0 0 0 32 0 0 0 0 0 1955 0 256 0 0 0 0 178 0 0 160 0 0 64 83 0 0 0 0 0 0 0 0 100 0 0 0 0 32 64 0 51 0 0 0 0 53 413 3817 16 0 0 0 0 0 32 0 0 80 100 100 40 0 51 757 0 32 120 0 0 0 0 64 0 0 80 0 20 0 0 0 0 0 0 0 51 0 0 0 83 0 51 0 172 0 0 0 0 0 569 0 0 0 0 
0 0 0 0 0 0 0 0 0 0 0 0 0 0 0 0 0 0 0 0 0 0 0 0 0 0 0 0 0 0 0 0 0 0 0 0 0 0 0 0 0 0 0 0 0 0 0 0 0 0 0 0 0 0 0 0 0 0 0 0 0 0 0 0 0 0 0 0 0 0 0 0 0 0 0 0 0 0 0 0 0 0 0 0 0 0 0 0 0 0 0 0 0 0 0 0 0 0 0 0 0 0 0 0 0 0 0 0 0 0 0 0 0 0 0 0 0 0 0 0 0 0 0 0 0 0 0 0 0 0 0 0 0 0 0 0 0 0 0 0 0 0 0 0 0 0 0 0 0 0 0 0 0 0 0 100 0 0 0 0 0 0 0 0 0 0 0 0 0 0 0 0 0 0 0 0 0 0 0 0 0 0 0 0 0 0 0 0 0 0 0 0 0 0 0 0 0 0 0 0 0 0 0 0 0 0 0 0 0 0 0 
416 0 0 0 0 0 0 0 0 0 91 100 0 0 640 34 0 0 0 0 0 0 134 955 0 0 0 0 0 0 103 0 0 0 242 0 64 0 0 0 0 0 0 0 0 128 64 0 0 364 0 0 0 0 0 0 0 0 0 0 13 0 0 100 0 0 0 0 0 0 0 0 0 0 0 0 194 518 0 0 0 0 51 626 0 0 64 0 0 20 26 173 0 0 0 0 0 0 100 64 0 0 51 26 0 0 0 0 0 0 0 0 0 0 0 0 0 1568 0 100 0 20 0 0 80 0 0 0 0 0 0 128 0 0 0 0 0 0 0 0 0 13 0 0 0 0 0 0 0 100 0 0 0 32 83 4523 220 51 0 0 0 0 0 16 0 0 0 0 40 0 0 1470 0 0 20 0 0 0 0 0 0 0 0 0 0 0 0 0 0 0 0 0 83 0 0 0 216 0 59 0 93 0 0 0 20 0 327 0 0 0 0 
138 0 0 0 0 0 0 0 0 0 51 0 0 0 20 16 0 0 0 0 0 0 161 306 13 0 0 0 0 0 20 0 0 0 118 0 0 0 0 0 0 0 0 0 0 46 0 0 0 304 0 0 0 0 0 0 0 0 0 0 0 0 0 0 0 0 0 0 0 0 0 0 0 0 0 0 0 64 64 0 0 0 0 523 0 0 0 0 0 0 96 100 64 0 100 40 0 0 0 0 0 0 32 0 0 0 0 0 0 0 0 0 0 0 0 0 0 4439 0 20 0 0 0 0 41 0 0 80 0 0 67 39 0 0 0 0 0 0 0 0 0 0 0 0 0 0 0 13 32 0 0 0 0 0 40 3234 0 0 0 20 0 0 0 57 0 100 0 0 0 0 0 691 0 0 20 0 0 0 0 0 0 100 0 0 0 0 0 0 0 0 0 0 0 0 0 81 120 0 51 0 26 0 0 0 0 0 100 0 0 0 0 
16 0 0 0 0 0 0 0 0 0 0 0 0 0 0 0 0 0 0 0 0 0 0 32 0 0 0 0 0 0 0 0 0 0 0 0 0 0 0 0 0 0 0 0 0 0 0 0 0 0 0 0 0 0 0 0 0 0 0 0 0 0 0 0 0 0 0 0 0 0 0 0 0 0 0 0 0 0 0 0 0 0 0 0 0 0 0 0 0 0 0 0 0 0 0 0 0 0 0 0 0 0 0 0 0 0 0 0 0 0 0 0 0 0 0 0 0 84 0 0 0 0 0 0 0 0 0 0 0 0 0 0 0 0 0 0 0 0 0 0 0 0 0 0 0 0 0 0 0 0 0 0 0 0 0 100 0 0 0 0 0 0 0 0 0 0 0 0 0 0 0 64 0 0 0 0 0 0 0 0 0 0 0 0 0 0 0 0 0 0 0 0 0 0 0 0 0 0 0 0 0 0 0 0 0 0 0 0 0 0 0 
0 0 0 0 0 0 0 0 0 0 0 0 0 0 0 0 0 0 0 0 0 0 0 0 0 0 0 0 0 0 0 0 0 0 0 0 0 0 0 0 0 0 0 0 0 0 0 0 0 0 0 0 0 0 0 0 0 0 0 0 0 0 0 0 0 0 0 0 0 0 0 0 0 0 0 0 0 0 0 0 0 0 0 0 0 0 0 0 0 0 0 0 0 0 0 0 0 0 0 0 0 0 0 0 0 0 0 0 0 0 0 0 0 0 0 0 0 0 0 0 0 0 0 0 0 0 0 0 0 0 0 0 0 0 0 0 0 0 0 0 0 0 0 0 0 0 0 0 0 0 0 0 0 0 0 0 0 0 0 0 0 0 0 0 0 0 0 0 0 0 0 0 0 0 0 0 0 0 0 0 0 0 0 0 0 0 0 0 0 0 0 0 0 0 0 0 0 0 0 0 0 0 0 0 0 0 0 0 0 0 0 
0 0 0 0 0 0 0 0 0 0 0 0 0 0 0 0 0 0 0 0 0 0 0 0 0 0 0 0 0 0 0 0 0 0 0 0 0 0 0 0 0 0 0 0 0 0 0 0 0 0 0 0 0 0 0 0 0 0 0 0 0 0 0 0 0 0 0 0 0 0 0 0 0 0 0 0 0 0 0 0 0 0 0 0 0 0 0 0 0 0 0 0 0 0 0 0 0 0 0 0 0 0 0 0 0 0 0 0 0 0 0 0 0 0 0 0 0 0 0 0 0 0 0 0 0 0 0 0 0 0 0 0 0 0 0 0 0 0 0 0 0 0 0 0 0 0 0 0 0 0 0 0 0 0 0 0 0 0 0 0 0 0 0 0 0 0 0 0 0 0 0 0 0 0 0 0 0 0 0 0 0 0 0 0 0 0 0 0 0 0 0 0 0 0 0 0 0 0 0 0 0 0 0 0 0 0 0 0 0 0 0 
0 0 0 0 0 0 0 0 0 0 0 0 0 0 0 0 0 0 0 0 0 0 0 0 0 0 0 0 0 0 0 0 0 0 0 0 0 0 0 0 0 0 0 0 0 0 0 0 0 0 0 0 0 0 0 0 0 0 0 0 0 0 0 0 0 0 0 0 0 0 0 0 0 0 0 0 0 0 0 0 0 0 0 0 0 0 0 0 0 0 0 0 0 0 0 0 0 0 0 0 0 0 0 0 0 0 0 0 0 0 0 0 0 0 0 0 0 0 0 0 0 0 0 0 0 0 0 0 0 0 0 0 0 0 0 0 0 0 0 0 0 0 0 0 0 0 0 0 0 0 0 0 0 0 0 0 0 0 0 0 0 0 0 0 0 0 0 0 0 0 0 0 0 0 0 0 0 0 0 0 0 0 0 0 0 0 0 0 0 0 0 0 0 0 0 0 0 0 0 0 0 0 0 0 0 0 0 0 0 0 0 
0 0 0 0 0 0 0 0 0 0 0 0 0 0 0 0 0 0 0 0 0 0 0 0 0 0 0 0 0 0 0 0 0 0 0 0 0 0 0 0 0 0 0 0 0 0 0 0 0 0 0 0 0 0 0 0 0 0 0 0 0 0 0 0 0 0 0 0 0 0 0 0 0 0 0 0 0 0 0 0 0 0 0 0 0 0 0 0 0 0 0 0 0 0 0 0 0 0 0 0 0 0 0 0 0 0 0 0 0 0 0 0 0 0 0 0 0 0 0 0 0 0 0 0 0 0 0 0 0 0 0 0 0 0 0 0 0 0 0 0 0 0 0 0 0 0 0 0 0 0 0 0 0 0 0 0 0 0 0 0 0 0 0 0 0 0 0 0 0 0 0 0 0 0 0 0 0 0 0 0 0 0 0 0 0 0 0 0 0 0 0 0 0 0 0 0 0 0 0 0 0 0 0 0 0 0 0 0 0 0 0 
0 0 0 0 0 0 0 0 0 0 0 0 0 0 0 0 0 0 0 0 0 0 0 0 0 0 0 0 0 0 0 0 0 0 0 0 0 0 0 0 0 0 0 0 0 0 0 0 0 0 0 0 0 0 0 0 0 0 0 0 0 0 0 0 0 0 0 0 0 0 0 0 0 0 0 0 0 0 0 0 0 0 0 0 0 0 0 0 0 0 0 0 0 0 0 0 0 0 0 0 0 0 0 0 0 0 0 0 0 0 0 0 0 0 0 0 0 0 0 0 0 0 0 0 0 0 0 0 0 0 0 0 0 0 0 0 0 0 0 0 0 0 0 0 0 0 0 0 0 0 0 0 0 0 0 0 0 0 0 0 0 0 0 0 0 0 0 0 0 0 0 0 0 0 0 0 0 0 0 0 0 0 0 0 0 0 0 0 0 0 0 0 0 0 0 0 0 0 0 0 0 0 0 0 0 0 0 0 0 0 0 
0 0 0 0 0 0 0 0 0 0 0 0 0 0 0 0 0 0 0 0 0 0 0 0 0 0 0 0 0 0 0 0 0 0 0 0 0 0 0 0 0 0 0 0 0 0 0 0 0 0 0 0 0 0 0 0 0 0 0 0 0 0 0 0 0 0 0 0 0 0 0 0 0 0 0 0 0 0 0 0 0 0 0 0 0 0 0 0 0 0 0 0 0 0 0 0 0 0 0 0 0 0 0 0 0 0 0 0 0 0 0 0 0 0 0 0 0 51 0 0 0 0 0 0 0 0 0 0 26 0 0 0 0 0 0 0 0 0 0 0 0 0 0 0 0 0 0 0 0 0 0 0 0 0 0 100 0 0 0 0 0 0 0 0 0 0 0 0 0 0 0 0 0 0 0 0 0 0 0 0 0 0 0 0 0 0 0 0 0 0 0 0 0 0 0 0 0 0 0 0 0 0 0 0 0 0 0 0 0 0 0 
0 0 0 0 0 0 0 0 0 0 0 0 0 0 0 0 0 0 0 0 0 0 0 0 0 0 0 0 0 0 0 0 0 0 0 0 0 0 0 0 0 0 0 0 0 0 0 0 0 0 0 0 0 0 0 0 0 0 0 0 0 0 0 0 0 0 0 0 0 0 0 0 0 0 0 0 0 0 0 0 0 0 0 0 0 0 0 0 0 0 0 0 0 0 0 0 0 0 0 0 0 0 0 0 0 0 0 0 0 0 0 0 0 0 0 0 0 0 0 0 0 0 0 0 0 0 0 0 0 0 0 0 0 0 0 0 0 0 0 0 0 0 0 0 0 0 0 0 0 0 0 0 0 0 0 0 0 0 0 0 0 0 0 0 0 0 0 0 0 0 0 0 0 0 0 0 0 0 0 0 0 0 0 0 0 0 0 0 0 0 0 0 0 0 0 0 0 0 0 0 0 0 0 0 0 0 0 0 0 0 0 
33 0 0 0 0 0 0 0 0 0 0 0 0 0 32 0 0 0 0 0 0 0 0 248 0 0 0 0 0 0 120 0 0 0 32 0 0 0 0 0 0 0 0 0 0 0 0 0 0 220 0 0 0 0 0 0 0 0 0 0 0 0 0 0 0 0 0 0 0 0 0 0 0 0 0 0 0 0 0 0 0 0 0 137 0 0 0 0 0 0 0 0 0 0 0 0 0 0 0 0 0 0 0 32 0 0 0 0 0 0 0 0 0 0 0 0 0 284 0 0 0 0 0 0 100 0 0 0 0 0 0 0 0 0 0 0 0 0 0 0 0 0 0 0 0 0 0 0 0 0 0 0 0 0 0 581 0 0 0 40 0 0 0 0 0 0 0 0 0 0 0 437 0 0 0 0 0 0 0 0 73 0 0 0 0 0 0 0 0 0 0 0 64 0 0 0 0 0 0 0 0 0 0 0 0 0 100 0 0 0 0 
13 0 0 0 0 0 0 0 0 0 0 0 0 0 16 0 0 0 0 0 0 0 0 431 0 0 0 0 0 0 0 0 0 0 0 0 0 0 0 0 0 0 0 0 0 0 0 0 80 132 0 0 0 0 0 0 0 0 0 0 0 0 0 0 0 0 0 0 0 0 0 0 0 0 0 0 80 20 0 0 0 0 0 244 0 0 0 0 0 16 0 0 0 0 0 0 0 0 0 0 0 0 0 0 0 0 0 0 0 0 0 0 0 0 0 0 0 201 26 0 0 0 0 0 40 0 0 0 0 0 0 0 0 0 0 0 0 0 0 0 0 0 0 0 0 0 0 0 0 0 0 0 0 0 0 245 0 0 0 0 0 0 0 0 0 0 0 0 0 0 0 0 0 0 0 0 0 0 0 0 0 0 0 0 0 0 0 0 0 0 0 0 0 0 0 0 0 0 0 0 0 0 0 0 0 0 0 0 0 0 0 
0 0 0 0 0 0 0 0 0 0 0 0 0 0 0 0 0 0 0 0 0 0 0 0 0 0 0 0 0 0 0 0 0 0 0 0 0 0 0 0 0 0 0 0 0 0 0 0 0 0 0 0 0 0 0 0 0 0 0 0 0 0 0 0 0 0 0 0 0 0 0 0 0 0 0 0 0 0 0 0 0 0 0 0 0 0 0 0 0 0 0 0 0 0 0 0 0 0 0 0 0 0 0 0 0 0 0 0 0 0 0 0 0 0 0 0 0 0 0 0 0 0 0 0 0 0 0 0 0 0 0 0 0 0 0 0 0 0 0 0 0 0 0 0 0 0 0 0 0 0 0 0 0 0 0 0 0 0 0 0 0 0 0 0 0 0 0 0 0 0 0 0 0 0 0 0 0 0 0 0 0 0 0 0 0 0 0 0 0 0 0 0 0 0 0 0 0 0 0 0 0 0 0 0 0 0 0 0 0 0 0 
13 0 0 0 0 0 0 0 0 0 0 0 0 0 0 0 0 0 0 0 0 0 0 427 0 0 0 0 0 0 20 0 0 0 64 0 0 0 0 0 0 0 0 0 0 0 0 0 0 13 0 0 0 0 0 0 0 0 0 0 0 0 0 0 0 0 0 0 0 0 0 0 0 0 0 0 0 51 0 0 0 51 0 144 0 0 0 0 0 0 0 0 0 0 0 0 0 0 0 0 0 0 0 0 0 0 0 0 0 0 0 0 0 0 0 0 0 583 0 0 0 77 0 0 40 100 0 26 0 0 0 0 0 0 0 0 0 0 0 0 0 0 0 0 0 0 0 0 0 0 0 0 0 0 0 161 0 0 0 0 0 80 0 0 0 0 0 0 0 0 0 190 0 0 0 0 0 0 0 0 0 0 54 0 0 0 0 0 0 0 0 0 0 0 0 0 64 0 0 0 0 0 0 0 40 0 32 0 0 0 0 
0 0 0 0 0 0 0 0 0 0 13 0 0 0 0 0 0 0 0 0 0 0 0 51 0 0 0 0 0 0 16 0 0 0 0 0 0 0 0 0 0 0 0 0 0 0 0 0 0 0 0 0 0 0 0 0 0 0 0 0 0 0 0 0 0 0 0 0 0 0 0 0 0 0 0 0 0 0 0 0 0 0 0 40 0 0 0 0 0 0 51 0 0 0 0 0 0 0 0 0 0 0 0 0 0 0 0 0 0 0 0 0 0 0 0 80 0 94 0 0 0 0 0 0 0 0 0 0 0 0 0 0 0 0 0 0 0 0 0 0 0 0 0 0 0 0 0 0 0 0 0 0 0 0 112 170 0 0 0 0 0 0 0 32 0 0 0 0 0 0 0 166 0 0 0 0 0 0 0 0 0 0 0 0 0 0 0 0 0 0 0 0 40 0 0 0 0 0 0 0 0 0 0 0 0 0 0 0 0 0 0 
209 0 0 0 0 0 0 0 0 0 0 106 0 0 37 0 0 0 0 0 0 0 0 189 0 64 0 0 64 0 64 0 0 0 0 0 0 0 0 0 0 0 0 0 0 0 0 0 0 51 0 0 0 0 0 0 0 0 0 0 0 0 0 0 0 0 73 0 0 0 0 0 0 0 0 0 64 49 0 0 0 0 40 154 0 0 0 0 0 32 47 0 0 0 0 0 0 0 0 16 13 0 16 0 0 0 0 0 0 0 0 20 0 0 0 0 0 384 64 92 0 84 0 0 83 0 0 0 0 0 20 0 0 0 0 0 0 0 0 0 0 0 0 0 0 26 0 0 140 80 0 0 51 13 104 379 115 0 80 0 0 0 120 73 0 0 0 0 0 0 0 238 0 0 0 0 0 0 0 0 51 64 0 0 0 0 0 0 0 0 0 0 40 0 0 0 0 0 0 0 0 0 0 0 0 0 0 0 0 0 0 
0 0 0 0 0 0 0 0 0 0 0 0 0 0 64 0 0 0 0 0 0 0 0 0 0 0 0 0 0 0 0 0 0 0 194 0 0 0 0 0 0 0 0 0 0 0 0 0 0 0 0 0 0 0 0 0 0 0 0 0 0 0 0 0 0 0 0 0 0 0 0 0 0 0 0 0 0 40 0 0 0 0 0 163 0 0 0 0 0 0 13 0 0 0 0 0 0 0 0 80 0 0 20 0 0 0 0 0 0 0 0 26 0 0 0 0 0 37 0 0 0 116 0 0 13 0 0 0 0 0 0 0 0 0 0 0 0 0 0 0 0 0 0 0 0 0 0 0 13 0 0 0 0 13 80 228 0 0 0 0 0 0 0 0 0 0 32 0 0 0 0 100 0 0 64 0 0 0 0 0 0 0 0 0 0 0 0 0 0 0 0 0 0 0 0 0 96 0 0 0 0 0 0 0 0 0 61 0 0 0 0 
297 0 0 0 0 0 0 0 0 0 80 13 0 0 113 0 0 0 0 0 0 0 0 102 0 0 0 0 0 0 16 0 0 0 0 0 0 0 0 0 0 0 0 0 0 0 0 0 0 166 0 51 0 0 0 0 0 0 0 0 0 0 0 0 0 0 0 0 0 0 0 0 0 13 0 0 16 100 16 0 0 0 0 77 0 0 0 0 0 0 232 0 0 0 0 0 0 0 96 0 0 0 13 0 0 0 0 0 0 0 0 80 0 0 0 0 0 594 0 51 0 13 0 0 67 0 0 13 0 0 34 0 0 0 0 0 0 0 0 0 0 16 0 0 0 0 0 0 100 0 0 0 0 0 65 1310 0 0 100 0 0 0 0 0 0 0 0 0 0 0 0 199 0 0 0 0 0 0 0 0 0 16 0 0 0 0 0 0 0 0 0 0 0 0 0 0 0 0 0 0 0 0 0 0 0 0 0 0 0 80 0 
882 0 0 0 0 0 0 80 0 0 112 0 0 0 116 0 0 0 0 0 80 0 100 580 0 0 0 0 0 0 1643 0 0 0 81 64 0 0 0 100 0 0 0 0 0 64 0 0 212 272 0 0 0 100 0 0 0 73 0 0 64 0 80 0 26 0 0 0 0 0 0 0 0 67 0 0 261 429 64 0 0 0 53 434 0 0 0 0 0 80 377 270 0 0 40 226 0 0 184 181 0 0 32 0 220 64 0 32 0 0 0 75 0 0 0 0 0 1531 0 254 0 0 0 0 118 0 0 108 0 0 64 0 0 0 0 0 0 0 0 0 0 0 0 0 0 80 0 112 184 64 0 0 26 0 1103 2984 144 0 26 0 0 96 113 0 0 13 0 0 0 0 80 1208 0 0 80 0 0 0 0 0 132 73 0 0 0 0 0 0 51 0 0 0 0 0 0 0 16 0 51 0 0 0 0 0 0 0 118 0 0 20 0 
286 0 0 0 0 0 0 0 0 40 0 0 0 0 16 0 0 0 0 0 0 0 0 470 0 0 0 0 0 0 123 0 0 0 437 0 0 0 0 32 0 0 0 102 0 0 80 0 0 315 0 0 0 0 0 0 0 0 0 0 20 0 0 0 0 0 20 0 0 0 0 0 0 100 0 0 190 224 0 0 0 32 0 651 0 0 0 0 0 142 32 116 0 0 222 100 0 0 0 0 20 0 39 131 0 90 0 0 0 0 0 0 0 0 0 0 0 3365 32 96 0 164 0 0 401 120 0 131 0 0 40 0 0 0 0 0 0 0 0 0 0 0 0 0 0 0 0 80 26 112 0 0 180 16 118 2549 160 157 0 0 0 160 116 13 0 39 0 20 0 0 0 598 0 0 0 0 0 0 0 0 64 0 40 0 0 0 0 0 0 0 0 0 77 0 0 0 340 0 58 0 84 0 80 0 0 0 259 0 0 13 0 
0 0 0 0 0 0 0 0 0 0 0 0 0 0 0 0 0 0 0 0 0 0 0 0 0 0 0 0 0 0 0 0 0 0 0 0 0 0 0 0 0 0 0 0 0 0 0 0 0 0 0 0 0 0 0 0 0 0 0 0 0 0 0 0 0 0 0 0 0 0 0 0 0 0 0 0 0 0 0 0 0 0 0 0 0 0 0 0 0 0 0 0 0 0 0 0 0 0 0 0 0 0 0 0 0 0 0 0 0 0 0 0 0 0 0 0 0 0 0 0 0 0 0 0 0 0 0 0 0 0 0 0 0 0 0 0 0 0 0 0 0 0 0 0 0 0 0 0 0 0 0 0 0 0 0 0 0 0 0 0 0 0 0 0 0 0 0 0 0 0 0 0 0 0 0 0 0 0 0 0 0 0 0 0 0 0 0 0 0 0 0 0 0 0 0 0 0 0 0 0 0 0 0 0 0 0 0 0 0 0 0 
112 0 0 0 0 0 0 0 0 0 0 0 0 0 0 0 0 0 0 0 0 0 0 16 0 0 0 0 0 0 0 0 0 0 0 0 0 0 0 0 0 0 0 0 0 0 0 0 0 0 0 0 0 0 0 0 0 0 0 0 0 0 0 0 0 0 0 0 0 0 0 0 0 0 0 0 0 40 0 0 0 0 0 0 0 40 0 0 0 0 0 0 0 0 200 0 0 0 0 0 0 0 0 0 0 0 0 0 0 0 0 0 0 0 0 0 0 151 0 0 0 0 0 0 0 0 0 0 0 0 0 0 0 0 0 0 0 0 0 0 0 0 0 0 0 0 0 0 0 0 0 0 0 0 0 80 0 0 0 0 0 0 0 0 0 0 0 0 0 0 0 0 0 0 0 0 0 0 0 0 0 0 0 0 0 0 0 0 0 0 0 0 0 0 0 0 0 0 0 0 0 0 0 0 0 0 40 0 0 0 0 
1714 0 0 0 67 20 0 0 0 0 61 64 0 0 16 0 0 0 0 0 0 0 626 1276 0 0 0 0 0 0 4140 0 0 0 162 0 0 0 0 26 0 0 0 0 0 20 0 0 20 232 0 0 0 0 0 0 0 16 0 0 40 0 0 26 51 0 0 0 0 0 0 0 0 0 0 0 221 235 26 0 0 80 0 340 0 0 0 0 0 67 298 32 0 0 39 0 0 0 0 81 64 0 115 0 0 51 0 0 0 0 0 106 0 0 0 0 0 1099 0 231 0 0 0 0 175 0 0 53 53 0 26 0 0 0 0 0 0 0 0 0 0 0 0 0 0 0 0 0 94 26 0 0 40 32 163 2011 51 0 0 0 0 51 80 73 0 192 0 0 0 0 0 729 0 0 64 0 0 0 0 0 32 0 47 0 0 0 0 0 0 0 0 0 32 0 0 0 227 0 0 0 26 0 0 0 0 16 61 0 0 176 0 
883 0 0 0 40 0 0 0 0 0 0 0 0 0 100 0 0 0 0 0 49 0 360 443 0 620 0 0 0 0 200 0 0 0 132 0 0 0 0 240 0 0 0 0 0 0 0 0 0 160 32 20 0 0 0 0 0 106 0 0 0 0 0 0 0 0 0 0 0 0 0 0 0 0 0 0 16 194 0 0 0 0 0 644 0 0 0 0 0 0 313 0 80 0 40 0 0 0 80 0 200 0 0 0 0 0 0 0 0 0 0 0 0 0 0 0 0 1717 0 0 0 64 0 0 0 432 0 120 0 0 47 128 0 0 0 0 0 0 0 0 100 0 0 0 0 0 0 92 0 0 0 0 100 0 556 3059 80 0 0 0 0 180 303 40 0 316 0 0 0 0 0 483 0 0 0 0 0 0 0 0 40 0 26 16 0 0 0 0 100 0 0 0 0 0 0 0 63 0 0 0 0 0 32 0 0 0 51 0 0 40 0 
2890 0 0 0 116 20 0 100 40 0 188 276 0 0 506 0 0 0 0 0 213 111 212 2732 0 476 0 0 40 0 446 0 0 0 1695 0 0 0 32 206 0 0 100 0 0 152 0 51 104 409 240 20 0 0 0 0 0 255 0 0 64 136 313 367 80 0 256 0 0 0 0 0 0 211 0 0 413 612 32 0 51 96 158 3332 0 0 0 0 0 264 1139 425 135 110 131 77 0 0 539 989 400 0 462 265 161 262 0 0 0 0 180 366 0 0 0 40 0 8644 73 905 26 431 0 0 721 39 0 587 62 0 79 138 0 0 0 0 0 0 0 0 26 0 0 40 0 930 112 146 242 591 0 0 324 146 657 15930 454 128 210 0 100 196 2029 903 0 40 0 0 0 0 93 1849 0 0 296 0 0 0 0 0 146 192 128 13 0 0 0 0 236 113 357 0 106 0 100 13 1180 0 429 0 60 0 0 0 64 0 414 172 40 336 0 
16518 0 0 0 934 323 0 34 80 261 1696 1734 0 0 4489 500 0 0 0 0 937 322 2413 68999 429 763 0 0 13 317 12778 34 0 0 9002 397 0 0 0 1031 138 32 103 119 16 2521 214 389 2720 10836 726 261 0 356 0 54 114 903 0 16 1791 133 858 1089 306 100 629 0 0 40 90 0 0 975 0 1252 6692 8751 279 0 110 1186 410 30311 57 51 37 0 54 4335 5806 3814 1108 986 989 1437 0 13 1835 1789 738 0 3091 4852 615 915 471 32 167 93 1041 921 0 96 280 318 0 142805 802 4079 776 1755 0 126 9531 4437 0 2372 1761 0 2118 3137 13 0 0 0 0 0 64 0 278 324 0 455 248 772 74 233 1697 1867 0 136 1753 1254 9079 120976 2272 2092 1451 26 0 1061 4820 2021 0 1018 1050 823 459 0 680 25198 0 213 1673 0 0 51 144 0 1578 1982 1304 191 1034 0 0 0 285 20 1651 161 1962 0 40 320 12180 0 1070 0 4292 0 1022 0 1106 1054 10260 356 505 1593 0 
1243 0 0 0 51 0 0 0 0 64 121 220 0 0 440 0 0 0 0 0 0 20 80 2067 0 0 0 0 0 20 912 0 0 0 194 0 0 0 64 0 0 0 0 0 0 0 40 200 277 527 0 80 0 0 0 0 0 0 0 0 220 0 0 80 0 0 80 0 0 0 0 0 0 0 0 0 71 1085 0 0 0 0 100 1478 0 0 100 0 0 100 98 40 0 80 51 64 0 0 0 100 0 0 16 26 32 120 0 0 0 0 16 64 0 0 0 51 0 1625 100 520 0 0 0 0 185 141 0 40 0 0 0 0 0 0 0 0 0 0 0 0 100 0 0 0 64 91 0 0 16 80 0 0 116 196 403 3624 336 20 108 0 0 26 650 112 0 80 0 64 0 0 64 2123 0 0 100 0 0 0 0 0 26 116 80 0 0 0 0 0 16 0 0 0 0 0 0 0 218 0 0 0 64 0 0 0 16 0 1277 100 51 260 0 
593 0 0 0 0 0 0 0 0 0 0 0 0 0 96 0 0 0 0 0 133 0 0 698 0 32 0 0 0 0 595 0 0 0 521 0 0 0 0 0 0 0 0 0 0 80 0 0 0 160 0 0 0 0 0 0 0 40 0 0 0 0 0 0 26 0 0 0 0 0 0 0 0 0 0 0 131 235 0 0 0 0 0 572 0 0 0 0 0 26 137 0 0 0 32 0 0 0 26 0 51 0 0 0 0 0 0 0 0 0 16 96 0 0 0 0 0 752 0 181 0 141 0 0 214 0 0 0 131 0 100 0 0 0 0 0 0 0 0 0 0 0 0 32 0 0 80 0 40 144 0 0 32 40 138 1276 80 64 0 0 0 0 154 80 0 0 0 0 0 0 26 462 0 0 32 0 0 0 0 0 232 0 51 0 0 0 0 0 0 0 0 0 13 0 0 0 78 0 0 0 51 0 0 0 20 0 75 0 0 0 0 
494 0 0 0 0 0 0 0 0 0 164 147 0 0 215 0 0 0 0 0 0 0 51 689 0 0 0 0 0 0 361 0 0 0 179 0 0 0 0 26 0 0 0 0 0 0 0 0 0 160 0 0 0 0 0 0 0 0 0 0 0 0 0 0 0 0 0 0 0 0 80 0 0 0 0 0 0 336 0 0 0 0 16 411 0 0 0 0 0 0 425 307 64 0 0 16 0 0 0 0 20 0 0 0 0 0 40 0 0 0 40 116 0 0 0 0 0 844 0 280 0 177 0 0 52 0 0 0 104 0 144 0 0 0 0 0 0 0 0 0 96 0 0 0 0 0 0 0 64 0 0 0 0 0 137 2236 75 0 20 0 0 0 160 64 0 0 51 0 0 0 0 657 0 0 0 0 0 0 0 0 131 40 0 0 40 0 0 0 0 0 0 0 67 0 0 0 42 0 40 0 20 0 0 0 0 0 149 0 13 26 0 
32 0 0 0 0 0 0 0 0 0 0 0 0 0 64 100 0 0 0 0 0 0 0 194 0 0 0 0 0 0 0 0 0 0 0 51 0 0 0 0 0 0 0 0 0 0 0 0 0 16 0 0 0 0 0 0 0 0 0 0 0 0 0 0 0 0 0 0 0 0 0 0 0 0 0 0 0 0 0 0 0 0 0 0 0 0 0 0 0 64 0 0 0 0 0 0 0 0 0 0 0 0 0 0 0 0 0 0 0 0 0 0 0 0 0 0 0 51 0 116 0 0 0 0 0 0 0 0 0 0 0 0 0 0 0 0 0 0 0 0 0 0 0 0 0 0 0 0 20 0 0 0 0 0 0 374 0 64 0 0 0 0 300 0 0 0 0 0 0 0 0 428 0 0 0 0 0 0 0 0 116 0 0 0 0 0 0 0 0 0 0 0 0 0 0 0 40 0 0 0 0 0 0 0 0 0 80 0 0 0 0 
0 0 0 0 0 0 0 0 0 0 0 16 0 0 180 0 0 0 0 0 0 0 32 0 0 0 0 0 0 0 0 0 0 0 67 0 0 0 0 0 0 0 0 0 0 0 0 0 0 126 0 0 0 0 0 0 0 0 0 0 0 0 0 0 0 0 0 0 0 0 0 0 0 0 0 0 0 0 0 0 0 0 0 0 0 0 0 0 0 0 0 0 0 0 0 0 0 0 0 0 0 0 0 0 0 80 0 0 0 0 0 0 0 0 0 0 0 172 0 0 0 0 0 0 0 0 0 0 0 0 16 0 0 0 0 0 0 0 0 0 0 0 0 0 0 0 0 0 0 0 0 0 0 0 0 573 13 0 0 0 0 0 0 0 0 0 0 0 0 0 0 167 0 0 0 0 0 0 0 0 0 40 0 0 0 0 0 0 64 0 0 0 0 0 0 0 32 0 0 0 0 0 0 0 0 0 0 0 0 0 0 
345 0 0 0 0 0 0 0 0 0 20 47 0 0 115 92 0 0 0 0 0 20 49 689 80 0 0 0 0 0 277 0 0 0 188 51 0 0 26 26 0 0 0 0 0 32 0 40 52 330 0 0 0 0 0 0 0 0 0 0 0 0 0 40 0 40 110 0 0 0 0 0 0 100 0 0 246 110 40 0 0 182 0 847 0 13 0 0 0 202 0 61 0 0 0 0 0 0 67 41 0 0 125 32 0 144 0 0 0 0 0 0 0 0 0 0 0 1431 0 32 80 51 0 0 159 0 0 92 32 0 40 0 16 0 0 0 0 0 0 0 0 0 0 40 0 32 13 0 16 34 0 0 0 0 343 2760 53 51 0 0 0 26 26 0 0 105 0 0 0 0 0 672 0 0 0 0 0 0 0 0 80 0 51 0 0 0 0 0 0 51 0 0 0 0 0 0 151 0 13 0 0 0 0 0 0 0 217 0 0 20 0 
1219 0 0 0 215 0 0 0 0 0 110 271 0 0 921 0 0 0 0 0 0 0 77 3476 61 206 0 0 0 0 1091 0 0 0 592 145 0 0 0 40 80 0 0 0 0 26 84 0 98 512 0 0 0 0 0 0 20 673 100 0 100 0 0 270 0 0 119 0 0 0 13 0 0 64 0 0 929 492 13 0 0 32 20 2574 0 0 0 0 0 643 535 88 0 80 144 384 0 0 113 351 432 0 195 238 51 353 0 64 0 0 0 240 0 16 0 64 0 3226 0 332 179 165 0 0 580 245 0 51 281 0 180 73 0 0 0 0 0 0 0 0 0 0 0 0 0 220 0 0 320 227 0 0 54 80 231 7510 436 504 172 0 0 57 679 215 0 94 13 96 0 0 80 2885 0 0 0 0 0 0 0 0 344 568 120 0 0 0 0 0 0 0 0 0 234 0 0 148 302 0 51 0 40 0 0 0 51 32 1393 0 51 342 0 
774 0 0 0 0 0 0 0 0 0 0 192 0 0 275 0 0 0 0 0 54 32 34 936 40 90 0 0 0 0 405 0 0 0 288 32 0 0 80 0 0 0 0 0 0 0 0 81 233 451 64 26 0 0 0 0 0 0 0 0 0 51 16 0 0 0 0 0 0 0 53 0 0 64 0 0 318 186 20 0 0 104 0 1003 0 0 0 0 0 67 452 60 116 16 51 261 0 0 64 305 0 0 165 73 0 115 0 0 0 0 0 117 0 0 0 20 0 2563 32 73 0 154 0 0 178 135 0 100 178 0 16 131 0 0 0 0 0 0 0 0 0 0 0 20 0 13 0 0 80 52 0 0 30 161 305 3886 131 0 64 0 0 0 250 83 0 42 53 0 0 0 0 685 0 26 0 0 0 0 0 0 39 0 67 0 0 0 0 0 0 0 16 0 20 0 0 0 80 0 0 0 0 0 0 0 117 184 467 0 0 100 0 
0 0 0 0 0 0 0 0 0 0 0 0 0 0 0 0 0 0 0 0 0 0 0 0 0 0 0 0 0 0 0 0 0 0 0 0 0 0 0 0 0 0 0 0 0 0 0 0 0 0 0 0 0 0 0 0 0 0 0 0 0 0 0 0 0 0 0 0 0 0 0 0 0 0 0 0 0 0 0 0 0 0 0 0 0 0 0 0 0 0 0 0 0 0 0 0 0 0 0 0 0 0 0 0 0 0 0 0 0 0 0 0 0 0 0 0 0 0 0 0 0 0 0 0 0 0 0 0 0 0 0 0 0 0 0 0 0 0 0 0 0 0 0 0 0 0 0 0 0 0 0 0 0 0 0 0 0 0 0 0 0 0 0 0 0 0 0 0 0 0 0 0 0 0 0 0 0 0 0 0 0 0 0 0 0 0 0 0 0 0 0 0 0 0 0 0 0 0 0 0 0 0 0 0 0 0 0 0 0 0 0 
32 0 0 0 0 0 0 0 0 0 0 0 0 0 0 0 0 0 0 0 100 13 32 388 0 0 0 0 0 0 13 0 0 0 20 0 0 0 0 0 26 0 0 0 0 0 0 0 0 239 0 0 0 0 0 0 0 0 0 0 0 0 13 0 0 0 0 0 0 0 0 0 0 0 0 0 0 100 80 0 0 0 0 569 0 0 0 0 0 0 32 0 0 0 0 0 0 0 0 0 0 0 0 176 0 0 0 0 0 0 0 0 0 0 0 0 0 2412 0 20 0 0 0 0 69 100 0 96 0 0 0 0 0 0 0 0 0 0 0 0 0 0 0 0 0 13 0 40 0 0 0 0 0 0 20 1889 0 16 0 0 0 0 40 0 0 0 0 64 0 0 0 155 0 0 0 0 0 0 0 0 81 0 0 0 0 0 0 0 26 0 0 0 40 0 0 0 504 0 0 0 573 0 51 0 0 0 26 0 0 0 0 
527 0 0 0 20 0 0 0 0 0 30 0 0 0 128 0 0 0 0 0 0 13 0 513 100 0 0 0 0 0 62 0 0 0 26 0 0 0 0 0 0 0 0 0 0 0 0 0 0 74 0 0 0 0 0 0 0 0 0 0 73 26 0 0 0 0 0 0 0 0 0 0 0 80 0 0 32 46 0 0 0 0 0 594 0 0 0 0 0 0 1015 167 0 40 0 0 0 0 226 272 0 0 172 0 73 0 0 0 0 0 0 100 0 0 0 13 0 1033 0 0 0 0 0 0 34 0 0 97 67 0 0 0 0 0 0 0 0 0 0 0 0 0 0 0 0 0 0 0 26 100 0 0 131 46 331 1831 0 26 0 0 0 151 402 151 0 0 0 0 0 0 0 465 0 0 0 0 0 0 0 0 16 64 13 0 0 0 0 0 0 0 0 0 0 0 0 0 64 0 0 0 0 0 0 0 0 0 421 0 0 0 0 
72 0 0 0 0 0 0 0 0 0 0 0 0 0 126 0 0 0 0 0 0 0 40 1466 0 0 0 0 0 0 199 0 0 0 13 0 0 0 0 0 0 0 0 0 0 0 0 0 0 124 0 0 0 0 0 0 0 0 0 0 73 0 0 0 0 0 100 0 0 0 0 0 0 0 0 0 96 209 0 0 0 0 0 16 0 0 0 0 0 126 164 100 0 0 0 0 0 0 0 0 80 0 32 0 0 0 0 0 0 0 0 0 0 0 0 0 0 860 0 0 0 0 0 0 64 0 0 0 0 0 0 0 0 0 0 0 0 0 0 0 0 0 0 0 0 0 0 0 64 0 0 0 20 0 0 3285 140 0 58 0 0 0 16 0 0 0 0 568 0 0 0 579 0 51 0 0 0 0 0 0 20 0 0 0 40 0 0 0 20 0 0 0 0 0 0 0 136 0 0 0 0 0 0 0 0 0 0 0 0 0 0 
96 0 0 0 0 0 0 0 0 0 0 0 0 0 361 0 0 0 0 0 0 0 0 157 0 0 0 0 0 0 100 0 0 0 0 0 0 0 0 20 0 0 0 0 0 0 0 0 0 0 0 0 0 0 0 0 0 0 0 0 0 32 0 0 0 0 0 0 0 0 0 0 0 0 0 0 0 0 0 0 0 26 0 100 0 0 0 0 0 0 0 0 0 0 0 0 0 0 0 0 0 0 40 0 0 0 0 0 0 0 0 0 0 0 0 0 0 454 0 0 0 0 0 0 26 0 0 40 0 0 0 64 0 0 0 0 0 0 0 0 0 0 0 0 0 0 0 0 0 0 0 0 0 0 26 1549 0 0 0 0 0 80 0 0 0 0 0 51 0 0 0 42 0 0 0 0 0 0 0 0 32 0 0 0 0 0 0 0 0 0 0 0 0 0 0 0 51 0 0 0 0 0 0 0 0 0 51 0 0 0 0 
0 0 0 0 0 0 0 0 0 0 0 0 0 0 0 0 0 0 0 0 0 0 0 0 0 0 0 0 0 0 0 0 0 0 0 0 0 0 0 0 0 0 0 0 0 0 0 0 0 0 0 0 0 0 0 0 0 0 0 0 0 0 0 0 0 0 0 0 0 0 0 0 0 0 0 0 0 0 0 0 0 0 0 0 0 0 0 0 0 0 0 0 0 0 0 0 0 0 0 0 0 0 0 0 0 0 0 0 0 0 0 0 0 0 0 0 0 0 0 0 0 0 0 0 0 0 0 0 0 0 0 0 0 0 0 0 0 0 0 0 0 0 0 0 0 0 0 0 0 0 0 0 0 0 0 0 0 0 0 0 0 0 0 0 0 0 0 0 0 0 0 0 0 0 0 0 0 0 0 0 0 0 0 0 0 0 0 0 0 0 0 0 0 0 0 0 0 0 0 0 0 0 0 0 0 0 0 0 0 0 0 
232 0 0 0 0 0 0 0 0 0 20 51 0 0 0 0 0 0 0 0 0 0 0 201 0 0 0 0 0 0 0 0 0 0 232 0 0 0 0 0 0 0 0 0 0 0 51 0 0 13 13 0 0 0 0 0 0 0 0 0 0 0 0 0 0 0 20 0 0 0 0 0 0 0 0 0 40 0 0 0 0 0 0 334 0 0 0 0 0 0 300 196 0 0 0 0 0 0 0 0 0 0 0 0 0 13 0 0 0 0 0 0 0 0 0 0 0 375 26 0 0 0 0 0 0 0 0 0 0 0 0 0 0 0 0 0 0 0 0 0 0 0 0 0 0 0 0 0 51 64 0 0 0 0 26 1288 0 0 100 0 0 0 300 0 0 0 0 0 0 0 0 131 0 0 0 0 0 0 0 0 64 0 0 0 0 0 0 0 0 0 0 0 0 0 0 0 0 0 0 0 0 0 0 0 0 0 40 0 0 0 0 
6776 0 0 0 272 151 0 0 13 20 409 717 0 0 1558 162 0 0 0 0 297 0 1370 13607 407 880 0 0 80 0 2656 144 0 0 1650 112 0 0 112 26 13 0 64 0 0 174 207 100 644 3039 97 267 0 26 0 0 51 32 0 0 502 64 218 139 147 0 272 0 0 0 67 0 0 132 0 0 1607 1653 144 0 0 211 66 6407 0 40 0 0 0 1316 1965 1279 180 37 273 266 0 0 529 367 218 0 598 334 408 132 46 84 0 26 80 212 0 26 0 90 0 16081 488 1492 26 857 0 0 2210 362 0 1102 946 0 586 243 0 0 0 0 0 0 0 0 80 13 0 140 46 119 0 188 676 923 0 0 222 713 3762 51672 1978 459 250 179 0 946 1111 1865 0 458 354 113 0 0 364 4788 51 13 457 0 0 40 32 0 415 154 1924 0 0 0 0 0 309 0 113 0 631 0 0 133 1622 0 294 0 606 0 219 0 151 92 2619 80 73 167 0 
0 0 0 0 0 0 0 0 0 0 0 0 0 0 0 0 0 0 0 0 0 0 0 0 0 0 0 0 0 0 0 0 0 0 0 0 0 0 0 0 0 0 0 0 0 0 0 0 0 0 0 0 0 0 0 0 0 0 0 0 0 0 0 0 0 0 0 0 0 0 0 0 0 0 0 0 0 0 0 0 0 0 0 0 0 0 0 0 0 0 0 0 0 0 0 0 0 0 0 0 0 0 0 0 0 0 0 0 0 0 0 0 0 0 0 0 0 0 0 0 0 0 0 0 0 0 0 0 0 0 0 0 0 0 0 0 0 0 0 0 0 0 0 0 0 0 0 0 0 0 0 0 0 0 0 100 0 0 0 0 0 0 0 0 0 0 0 0 0 0 0 0 0 0 0 0 0 0 0 0 0 0 0 0 0 0 0 0 0 0 0 0 0 0 0 0 0 0 0 0 0 0 0 0 0 0 0 0 0 0 0 
0 0 0 0 0 0 0 0 0 0 0 0 0 0 0 0 0 0 0 0 0 0 0 222 0 0 0 0 0 0 32 0 0 0 0 0 0 0 0 20 0 0 0 0 0 20 0 0 0 0 0 0 0 0 0 0 0 0 0 0 0 0 0 0 0 0 0 0 0 0 0 0 0 0 0 0 0 0 0 0 0 0 0 64 0 0 0 0 0 0 0 0 0 0 0 0 0 0 0 0 0 0 0 0 40 0 0 0 0 0 0 0 0 0 0 0 0 241 0 0 0 0 0 0 0 0 0 0 0 0 0 0 0 0 0 0 0 0 0 0 0 0 0 0 0 0 0 0 0 0 0 0 0 0 0 1147 0 0 0 0 0 0 0 0 0 0 0 0 0 0 0 0 0 0 0 0 0 0 0 0 0 0 0 0 0 0 0 0 0 0 0 0 0 0 0 0 0 0 0 0 0 0 0 0 0 0 0 0 0 0 0 
462 0 0 0 51 0 0 0 0 64 51 57 0 0 77 0 0 0 0 0 0 0 67 727 0 0 0 0 0 0 51 0 0 0 40 0 0 0 0 0 0 0 0 40 0 0 0 0 0 189 0 0 0 0 0 0 0 0 0 0 0 0 102 0 0 0 0 0 0 0 0 0 0 40 0 0 129 0 0 0 0 51 0 47 0 0 0 0 0 37 147 200 64 0 16 0 0 0 20 0 0 0 0 0 0 0 0 0 0 0 0 0 0 0 0 26 0 1327 0 0 32 0 0 0 135 0 0 113 26 0 26 0 0 0 0 0 0 0 0 0 0 37 0 100 0 0 0 0 0 132 0 0 0 0 40 3652 0 0 0 0 0 0 0 0 0 0 0 0 16 0 0 288 0 0 40 0 0 0 51 0 0 0 0 0 0 0 0 0 80 0 0 0 0 0 0 16 58 0 20 0 20 0 100 0 64 16 0 0 0 0 0 
0 0 0 0 0 0 0 0 0 0 0 0 0 0 0 0 0 0 0 0 0 0 0 0 0 0 0 0 0 0 0 0 0 0 0 0 0 0 0 0 0 0 0 0 0 0 0 0 0 0 0 0 0 0 0 0 0 0 0 0 0 0 0 0 0 0 0 0 0 0 0 0 0 0 0 0 0 0 0 0 0 0 0 0 0 0 0 0 0 0 0 0 0 0 0 0 0 0 0 0 0 0 0 0 0 0 0 0 0 0 0 0 0 0 0 0 0 0 0 0 0 0 0 0 0 0 0 0 0 0 0 0 0 0 0 0 0 0 0 0 0 0 0 0 0 0 0 0 0 0 0 0 0 0 0 0 0 0 0 0 0 0 0 0 0 0 0 0 0 0 0 0 0 0 0 0 0 0 0 0 0 0 0 0 0 0 0 0 0 0 0 0 0 0 0 0 0 0 0 0 0 0 0 0 0 0 0 0 0 0 0 
51 0 0 0 0 0 0 0 0 0 0 0 0 0 0 0 0 0 0 0 0 0 0 0 0 0 0 0 0 0 0 0 0 0 0 0 0 0 0 0 0 0 0 0 0 0 0 0 0 80 0 0 0 0 0 0 0 0 0 0 0 0 0 0 0 0 0 0 0 0 0 0 0 0 0 0 0 0 0 0 0 0 0 0 0 0 0 0 0 0 0 0 0 0 0 0 0 0 0 0 0 0 0 0 0 0 0 0 0 0 0 0 0 0 0 0 0 0 0 0 0 0 0 0 0 0 0 0 0 0 0 0 0 0 0 0 0 0 0 0 0 0 0 0 0 0 0 0 0 0 0 0 0 0 0 0 0 0 0 0 0 0 0 0 0 0 0 0 0 0 0 13 0 0 0 0 0 0 0 0 0 0 0 0 0 0 0 0 0 0 0 0 0 0 0 0 0 0 0 0 0 0 0 0 0 0 0 0 0 0 0 
16 0 0 0 0 0 0 0 0 0 0 0 0 0 0 0 0 0 0 0 0 0 0 32 0 0 0 0 0 0 20 0 0 0 0 0 0 0 0 0 0 0 0 0 0 0 0 0 0 0 0 0 0 0 0 0 0 0 0 0 0 0 0 32 0 0 0 0 0 0 0 0 0 0 0 0 0 0 0 0 0 0 0 0 0 0 0 0 0 0 0 0 0 0 0 0 0 0 0 0 0 0 0 0 0 0 0 0 0 0 0 0 0 0 0 0 0 51 0 0 0 0 0 0 0 0 0 100 0 0 0 0 0 0 0 0 0 0 0 0 0 0 0 0 0 0 0 0 0 0 0 0 0 0 0 200 0 0 0 0 0 0 40 0 0 0 0 0 0 0 0 0 0 0 0 0 0 0 0 0 0 0 0 0 0 0 0 0 0 0 0 0 0 0 0 0 0 0 0 0 0 0 0 0 0 0 0 0 0 0 0 
0 0 0 0 0 0 0 0 0 0 0 0 0 0 13 0 0 0 0 0 0 0 0 126 0 0 0 0 0 0 0 0 0 0 0 0 0 0 0 0 0 0 0 0 0 0 0 0 0 0 0 0 0 0 0 0 0 0 0 0 0 0 0 0 0 0 0 0 0 0 0 0 0 0 0 0 0 115 0 0 0 0 0 113 0 0 0 0 0 0 100 0 0 0 40 0 0 0 0 0 0 0 20 0 0 0 0 0 0 0 0 0 0 0 0 0 0 115 0 0 26 0 0 0 0 0 0 32 64 0 0 0 0 0 0 0 0 0 0 0 0 0 0 0 0 0 0 0 0 0 0 0 0 0 0 593 0 0 0 0 0 0 0 0 0 0 0 0 0 0 0 20 0 0 0 0 0 0 0 0 0 0 0 0 0 0 0 0 0 0 0 0 0 0 0 0 0 0 0 0 0 0 0 0 0 0 0 0 0 0 0 
0 0 0 0 0 0 0 0 0 0 0 0 0 0 0 0 0 0 0 0 0 0 0 51 0 0 0 0 0 0 141 0 0 0 0 0 0 0 0 0 0 0 0 0 0 0 0 0 0 20 0 0 0 0 0 0 0 0 0 0 0 0 0 0 0 0 0 0 0 0 0 0 0 0 0 0 0 0 0 0 0 0 0 0 0 0 0 0 0 0 61 0 0 0 0 0 0 0 0 0 0 0 0 0 0 0 0 0 0 0 0 0 0 0 0 0 0 0 0 0 0 0 0 0 0 0 0 0 0 0 0 0 0 0 0 0 0 0 0 0 0 0 0 0 0 0 0 0 0 0 0 0 0 0 0 16 0 0 0 0 0 0 0 0 0 0 113 0 0 0 0 0 0 0 0 0 0 0 0 160 0 0 0 0 0 0 0 0 0 0 0 0 0 0 0 0 0 0 0 0 0 0 0 0 0 0 0 0 0 0 0 
805 0 0 0 116 0 0 0 0 40 158 16 0 0 140 0 0 0 0 0 0 26 184 1396 0 0 0 0 0 100 318 0 0 0 651 0 0 0 0 26 0 0 0 0 0 0 0 0 40 420 0 0 0 0 0 0 13 32 0 0 240 0 0 0 0 0 0 0 0 0 20 0 0 0 0 0 345 199 0 0 0 0 0 1086 0 0 0 0 0 332 16 126 0 0 0 51 0 0 80 0 0 0 20 32 0 0 64 0 0 0 0 0 0 0 0 0 0 1210 0 273 77 100 0 0 54 100 0 80 100 0 51 0 0 0 0 0 0 0 0 0 0 0 0 112 0 0 80 64 40 220 0 0 26 39 165 3439 64 20 0 0 0 51 40 360 0 51 0 208 0 0 20 1358 0 0 100 0 0 0 0 0 13 0 0 0 0 0 0 0 80 0 0 0 40 0 0 0 157 0 0 0 0 0 0 0 0 26 683 0 0 0 0 
441 0 0 0 0 0 0 0 0 0 13 0 0 0 88 0 0 0 0 0 0 30 0 883 100 0 0 0 0 0 26 0 0 0 90 0 0 0 0 0 0 0 0 0 0 51 0 51 20 144 0 0 0 0 0 0 0 0 0 0 32 0 80 0 0 0 0 0 0 0 0 0 0 0 0 0 256 87 0 0 0 0 0 512 0 0 0 0 0 37 261 83 0 0 40 0 0 0 0 0 0 0 0 0 0 32 0 0 0 0 0 0 0 0 0 0 0 1381 0 13 0 216 0 0 192 13 0 267 26 0 0 0 0 0 0 0 0 0 0 0 0 0 0 0 0 0 0 0 0 16 0 0 0 0 32 5376 513 64 0 0 0 0 102 180 0 100 0 0 0 0 80 293 0 0 0 0 0 0 0 0 64 0 0 0 0 0 0 0 0 0 0 0 64 0 0 0 351 0 40 0 129 0 0 0 0 0 310 0 0 16 0 
859 0 0 0 332 0 0 0 0 0 0 0 0 0 77 0 0 0 0 0 64 0 46 535 0 80 0 0 0 0 317 0 0 0 250 0 0 0 0 90 33 0 0 0 0 20 0 0 84 542 0 0 0 0 0 0 0 0 0 0 42 0 0 0 32 0 0 0 0 0 0 0 0 0 0 0 200 181 0 0 0 100 0 1184 0 0 0 0 0 140 100 40 0 0 0 0 0 0 180 39 16 0 112 196 100 0 0 0 0 0 0 0 0 0 204 460 0 1495 0 67 0 40 0 0 148 80 0 0 64 0 0 0 0 0 0 0 0 0 0 0 0 0 0 0 16 0 0 0 0 84 0 0 100 20 1004 2793 104 0 0 0 0 16 26 51 0 80 0 80 0 0 0 684 0 0 102 0 0 0 0 0 0 0 0 0 0 0 0 0 0 0 0 0 20 0 0 0 196 0 13 0 0 0 32 0 0 80 200 0 0 0 0 
32 0 0 0 0 0 0 0 0 0 0 0 0 0 0 0 0 0 0 0 0 0 80 77 0 0 0 0 0 0 304 0 0 0 0 0 0 0 0 0 0 0 0 0 0 0 0 0 0 200 0 0 0 0 0 0 0 0 0 0 0 0 0 0 0 0 0 0 0 0 0 0 0 64 0 0 61 0 0 0 0 0 0 340 0 0 0 0 0 0 0 80 0 0 0 0 0 0 0 0 0 0 0 26 0 0 0 0 0 0 0 0 0 0 0 0 0 61 0 0 0 0 0 0 67 0 0 0 0 0 0 20 0 0 0 0 0 0 0 0 0 0 0 0 0 0 0 0 0 0 0 0 0 0 0 258 13 51 0 0 0 0 0 80 0 16 40 0 0 0 0 67 0 0 0 0 0 0 0 0 0 16 20 0 0 0 0 0 0 0 0 0 0 0 0 0 40 0 0 0 0 0 0 0 0 0 0 0 0 0 0 
32 0 0 0 0 0 0 0 0 0 0 0 0 0 0 0 0 0 0 0 0 0 0 96 0 0 0 0 0 0 40 0 0 0 40 0 0 0 0 64 0 0 0 0 0 0 0 0 0 0 0 0 0 0 0 0 0 0 0 0 0 0 0 58 0 0 0 0 0 0 0 0 0 0 0 0 51 0 0 0 0 0 0 86 0 0 0 0 0 0 0 0 0 0 0 0 0 0 0 0 0 0 0 0 0 16 0 0 0 0 0 0 0 0 0 0 0 144 0 80 0 32 0 0 0 100 0 0 0 0 0 0 0 0 0 0 0 0 0 0 0 0 0 0 0 0 0 0 0 0 0 0 0 0 0 184 0 0 0 0 0 0 51 0 0 0 0 0 0 0 0 147 0 0 0 0 0 0 0 0 0 0 40 0 0 0 0 0 0 0 0 0 0 0 0 0 64 0 0 0 0 0 0 0 0 0 0 0 0 0 0 
0 0 0 0 0 0 0 0 0 0 0 0 0 0 0 0 0 0 0 0 0 0 0 0 0 0 0 0 0 0 0 0 0 0 0 0 0 0 0 0 0 0 0 0 0 0 0 0 0 0 0 0 0 0 0 0 0 0 0 0 0 0 0 0 0 0 0 0 0 0 0 0 0 0 0 0 0 0 0 0 0 0 0 0 0 0 0 0 0 0 0 0 0 0 0 0 0 0 0 0 0 0 0 0 0 0 0 0 0 0 0 0 0 0 0 0 0 0 0 0 0 0 0 0 0 0 0 0 0 0 0 0 0 0 0 0 0 0 0 0 0 0 0 0 0 0 0 0 0 0 0 0 0 0 0 0 0 0 0 0 0 0 0 0 0 0 0 0 0 0 0 0 0 0 0 0 0 0 0 0 0 0 0 0 0 0 0 0 0 0 0 0 0 0 0 0 0 0 0 0 0 0 0 0 0 0 0 0 0 0 0 
0 0 0 0 0 0 0 0 0 0 0 0 0 0 0 0 0 0 0 0 0 0 0 0 0 0 0 0 0 0 0 0 0 0 0 0 0 0 0 0 0 0 0 0 0 0 0 0 0 0 0 0 0 0 0 0 0 0 0 0 0 0 0 0 0 0 0 0 0 0 0 0 0 0 0 0 0 0 0 0 0 0 0 0 0 0 0 0 0 0 0 0 0 0 0 0 0 0 0 0 0 0 0 0 0 0 0 0 0 0 0 0 0 0 0 0 0 0 0 0 0 0 0 0 0 0 0 0 0 0 0 0 0 0 0 0 0 0 0 0 0 0 0 0 0 0 0 0 0 0 0 0 0 0 0 0 0 0 0 0 0 0 0 0 0 0 0 0 0 0 0 0 0 0 0 0 0 0 0 0 0 0 0 0 0 0 0 0 0 0 0 0 0 0 0 0 0 0 0 0 0 0 0 0 0 0 0 0 0 0 0 
0 0 0 0 0 0 0 0 0 0 0 0 0 0 0 0 0 0 0 0 0 0 0 0 0 0 0 0 0 0 0 0 0 0 0 0 0 0 0 0 0 0 0 0 0 0 0 0 0 0 0 0 0 0 0 0 0 0 0 0 0 0 0 0 0 0 0 0 0 0 0 0 0 0 0 0 0 0 0 0 0 0 0 0 0 0 0 0 0 0 0 0 0 0 0 0 0 0 0 0 0 0 0 0 0 0 0 0 0 0 0 0 0 0 0 0 0 0 0 0 0 0 0 0 0 0 0 0 0 0 0 0 0 0 0 0 0 0 0 0 0 0 0 0 0 0 0 0 0 0 0 0 0 0 0 80 0 0 0 0 0 0 0 0 0 0 0 0 0 0 0 100 0 0 0 0 0 0 0 0 0 0 0 0 0 0 0 0 0 0 0 0 0 0 0 0 0 0 0 0 0 0 0 0 0 0 0 0 0 0 0 
221 0 0 0 0 0 0 0 0 0 64 0 0 0 51 0 0 0 0 0 0 0 0 26 0 0 0 0 0 0 128 0 0 0 40 0 0 0 0 0 0 0 0 0 0 0 0 0 0 13 0 32 0 0 0 0 0 0 64 0 0 0 0 64 0 0 0 0 0 0 0 0 0 0 0 0 104 0 0 0 0 0 0 72 0 0 0 0 0 0 16 0 0 0 0 200 0 0 0 80 0 0 26 32 0 0 0 0 0 0 0 100 0 0 0 0 0 206 20 104 0 64 0 0 74 0 0 0 0 0 46 0 0 0 0 0 0 0 0 0 0 0 0 0 0 37 0 0 0 0 0 0 0 16 0 560 26 0 0 0 0 0 280 16 0 0 0 0 0 0 0 270 0 0 64 0 0 0 0 0 0 0 32 0 0 0 0 0 13 0 51 0 20 0 0 0 26 0 0 0 0 0 0 0 0 0 0 0 0 0 0 
0 0 0 0 0 0 0 0 0 0 0 0 0 0 13 0 0 0 0 0 0 0 0 16 0 0 0 0 0 0 51 0 0 0 0 0 0 0 0 0 0 0 0 0 0 0 0 0 0 32 13 0 0 0 0 0 0 0 0 0 0 0 0 0 0 0 20 0 0 0 0 0 0 0 0 0 0 0 0 0 0 0 0 65 0 0 0 0 0 0 32 0 0 0 0 100 0 0 0 200 0 0 0 0 0 0 0 0 0 0 0 0 0 0 0 0 0 32 0 0 0 0 0 0 0 0 0 64 13 0 0 0 0 0 0 0 0 0 0 0 0 0 0 0 0 0 0 0 0 0 0 0 0 0 0 209 0 0 0 0 0 0 0 26 0 0 0 0 0 0 0 0 0 0 0 0 0 0 0 0 0 0 0 0 0 0 0 0 0 0 0 0 0 0 0 0 0 0 0 0 0 0 0 0 0 0 0 13 0 0 0 
496 0 0 0 0 0 0 0 0 0 32 0 0 0 100 0 0 0 0 0 0 0 0 577 16 47 0 0 0 0 58 0 0 0 0 20 0 0 0 0 0 0 0 0 0 51 0 0 26 241 80 0 0 13 0 0 0 0 0 0 0 0 0 20 0 0 13 0 0 0 0 0 0 0 0 0 59 40 0 0 0 0 0 501 0 0 0 0 0 83 46 49 0 0 0 0 0 0 0 0 64 0 13 20 0 20 0 0 0 0 0 0 0 0 0 0 0 440 115 133 57 20 0 0 13 26 0 0 0 0 0 16 0 0 0 0 0 0 0 0 0 0 0 0 0 0 0 0 13 0 0 0 0 0 26 2637 81 83 0 0 0 100 1342 140 0 0 0 0 0 0 0 288 0 0 100 0 0 0 0 0 0 40 13 0 0 0 0 0 0 0 0 0 16 0 0 0 0 0 0 0 0 0 0 0 0 0 134 0 0 0 0 
0 0 0 0 0 0 0 0 0 0 0 0 0 0 0 0 0 0 0 0 0 0 0 0 0 0 0 0 0 0 0 0 0 0 0 0 0 0 0 0 0 0 0 0 0 0 0 0 0 0 0 0 0 0 0 0 0 0 0 0 0 0 0 0 0 0 0 0 0 0 0 0 0 0 0 0 0 0 0 0 0 0 0 0 0 0 0 0 0 0 100 0 0 0 0 0 0 0 0 0 0 0 0 0 0 0 0 0 0 0 0 0 0 0 0 0 0 32 0 0 0 0 0 0 0 0 0 0 0 0 0 0 0 0 0 0 0 0 0 0 0 0 0 0 13 0 0 0 0 0 0 0 0 0 0 0 26 0 0 0 0 0 100 0 0 0 0 0 0 0 0 51 0 0 0 0 0 0 0 0 0 0 0 0 0 0 0 0 0 0 0 0 0 0 0 0 0 0 0 0 0 0 0 0 0 0 0 0 0 0 0 
455 0 0 0 0 0 0 0 0 0 64 0 0 0 94 0 0 0 0 0 0 0 215 746 0 0 0 0 0 0 179 0 0 0 119 0 0 0 0 100 0 0 0 0 0 0 0 0 0 57 0 13 0 0 0 0 0 115 0 0 72 0 0 0 0 0 16 0 0 0 0 0 0 13 0 0 40 32 0 0 0 0 0 202 0 0 0 0 0 0 334 70 0 0 0 0 0 0 0 0 300 0 0 0 0 0 0 0 0 0 0 0 0 0 0 0 0 1019 0 94 0 0 0 0 152 16 0 0 32 0 32 0 0 0 0 0 0 0 0 0 0 0 0 0 0 0 0 0 47 0 0 0 100 0 93 2605 64 0 20 0 0 0 720 0 0 0 0 51 0 0 32 253 0 0 0 0 0 0 0 0 26 16 20 0 51 0 0 0 0 0 0 0 0 0 0 0 53 0 0 0 64 0 80 0 0 0 0 0 0 64 0 
0 0 0 0 0 0 0 0 0 0 0 0 0 0 0 0 0 0 0 0 0 0 0 0 0 0 0 0 0 0 0 0 0 0 0 0 0 0 0 0 0 0 0 0 0 0 0 0 0 0 0 0 0 0 0 0 0 0 0 0 0 0 0 0 0 0 0 0 0 0 0 0 0 0 0 0 0 0 0 0 0 0 0 0 0 0 0 0 0 0 0 0 0 0 0 0 0 0 0 0 0 0 0 0 0 0 0 0 0 0 0 0 0 0 0 0 0 0 0 0 0 0 0 0 0 0 0 0 0 0 0 0 0 0 0 0 0 0 0 0 0 0 0 0 0 0 0 0 0 0 0 0 0 0 0 0 0 0 0 0 0 0 0 0 0 0 0 0 0 0 0 0 0 0 0 0 0 0 0 0 0 0 0 0 0 0 0 0 0 0 0 0 0 0 0 0 0 0 0 0 0 0 0 0 0 0 0 0 0 0 0 
139 0 0 0 0 0 0 0 0 0 0 0 0 0 0 0 0 0 0 0 0 0 0 49 0 0 0 0 0 0 0 0 0 0 16 0 0 0 0 0 0 0 0 0 0 0 0 0 0 0 0 0 0 0 0 0 0 0 0 0 0 0 0 0 0 0 0 0 0 0 0 0 0 0 0 0 0 0 0 0 0 0 0 80 0 0 0 0 0 0 200 0 0 0 0 0 0 0 0 0 0 0 0 0 0 0 0 0 0 0 0 0 0 0 0 0 0 40 0 0 0 0 0 0 61 0 0 0 46 0 0 0 0 0 0 0 0 0 0 0 0 0 0 0 0 0 0 0 0 0 0 0 0 0 0 429 0 0 0 0 0 0 0 0 0 0 0 0 0 0 0 20 0 0 0 0 0 0 0 0 0 20 0 0 0 0 0 0 0 0 0 0 0 0 0 0 0 0 0 0 0 0 0 0 0 0 0 0 0 0 0 
0 0 0 0 0 0 0 0 0 0 0 0 0 0 0 0 0 0 0 0 0 0 0 65 0 120 0 0 0 0 0 0 0 0 0 64 0 0 0 0 0 0 0 0 0 0 0 0 0 384 0 0 0 0 0 0 0 0 0 0 0 0 0 0 0 0 0 0 0 0 0 0 0 0 0 0 102 0 0 0 0 0 0 64 0 0 0 0 0 0 339 0 0 0 0 0 0 0 0 0 80 0 0 0 0 0 0 0 0 0 0 0 0 0 0 0 0 32 0 0 0 0 0 0 251 0 0 0 0 0 0 0 0 0 0 0 0 0 0 0 0 0 0 0 0 0 0 0 0 0 0 0 0 26 0 420 0 0 0 0 0 0 100 0 0 0 32 0 0 0 0 83 0 0 0 0 0 0 0 0 0 0 0 0 0 0 0 0 0 0 0 0 0 0 0 16 0 0 0 0 0 0 0 0 0 0 67 0 0 0 0 
2034 0 0 0 0 0 0 0 0 0 118 128 0 0 404 0 0 0 0 0 0 181 232 1822 61 58 0 0 0 144 1113 0 0 0 676 0 0 0 0 128 0 0 0 0 0 189 16 20 0 476 80 0 0 0 0 0 0 796 0 0 64 0 195 64 64 0 51 0 0 0 0 0 0 26 0 0 338 988 0 0 0 226 0 2684 0 0 0 0 0 496 1446 349 134 64 41 26 0 0 61 484 77 0 227 164 80 140 0 0 0 0 0 178 0 0 0 0 0 3282 104 475 116 250 0 0 236 96 80 498 72 0 273 178 0 0 0 0 0 0 0 0 0 0 0 0 0 0 0 40 321 20 0 0 114 88 294 9572 207 58 163 0 0 54 2373 250 0 212 100 112 0 0 104 2588 0 84 180 0 0 0 0 0 624 285 281 80 32 0 0 64 40 0 58 0 20 0 0 0 85 0 113 0 77 0 0 0 0 173 753 0 0 374 0 
0 0 0 0 0 0 0 0 0 0 0 0 0 0 0 0 0 0 0 0 0 0 0 0 0 0 0 0 0 0 0 0 0 0 0 0 0 0 0 0 0 0 0 0 0 0 0 0 0 0 0 0 0 0 0 0 0 0 0 0 0 0 0 0 0 0 0 0 0 0 0 0 0 0 0 0 0 0 0 0 0 0 0 0 0 0 0 0 0 0 0 0 0 0 0 0 0 0 0 0 0 0 0 0 0 0 0 0 0 0 0 0 0 0 0 0 0 0 0 0 0 0 0 0 0 0 0 0 0 0 0 0 0 0 0 0 0 0 0 0 0 0 0 0 0 0 0 0 0 0 0 0 0 0 0 0 0 0 0 0 0 0 0 0 0 0 0 0 0 0 0 0 0 0 0 0 0 0 0 0 0 0 0 0 0 0 0 0 0 0 0 0 0 0 0 0 0 0 0 0 0 0 0 0 0 0 0 0 0 0 0 
318 0 0 0 0 0 0 0 0 0 20 16 0 0 97 0 0 0 0 0 26 0 61 702 132 16 0 0 0 0 289 0 0 0 55 0 0 0 0 0 0 0 0 0 0 32 0 0 0 261 16 0 0 0 0 0 0 0 0 0 0 0 100 0 0 0 0 0 0 0 0 0 0 80 0 0 26 126 58 0 0 0 0 1337 0 0 0 0 0 0 313 377 80 0 131 83 0 0 40 20 0 0 92 0 16 0 0 0 0 0 0 20 0 0 0 0 0 1081 0 269 0 151 0 0 0 144 0 284 181 0 20 217 0 0 0 0 0 0 0 0 0 20 0 13 0 0 0 0 64 0 0 0 126 0 185 4777 20 0 0 0 0 0 326 0 0 16 16 80 0 0 32 560 0 0 16 0 0 0 0 0 20 118 0 0 0 0 0 0 0 0 0 0 0 0 0 0 13 0 0 0 64 0 0 0 0 0 234 0 0 0 0 
0 0 0 0 0 0 0 0 0 0 0 0 0 0 0 0 0 0 0 0 0 0 0 0 0 0 0 0 0 0 0 0 0 0 0 0 0 0 0 0 0 0 0 0 0 0 0 0 0 0 0 0 0 0 0 0 0 0 0 0 0 0 0 0 0 0 0 0 0 0 0 0 0 0 0 0 0 0 0 0 0 0 0 0 0 0 0 0 0 0 0 0 0 0 0 0 0 0 0 0 0 0 0 0 0 0 0 0 0 0 0 0 0 0 0 0 0 0 0 0 0 0 0 0 0 0 0 0 0 0 0 0 0 0 0 0 0 0 0 0 0 0 0 0 0 0 0 0 0 0 0 0 0 0 0 0 0 0 0 0 0 0 0 0 0 0 0 0 0 0 0 0 0 0 0 0 0 0 0 0 0 0 0 0 0 0 0 0 0 0 0 0 0 0 0 0 0 0 0 0 0 0 0 0 0 0 0 0 0 0 0 
699 0 0 0 80 0 0 0 0 64 144 0 0 0 216 0 0 0 0 0 141 0 51 901 0 173 0 0 0 0 222 0 0 0 470 0 0 0 0 49 0 0 0 20 0 46 0 0 80 236 100 26 0 0 0 0 0 180 0 0 0 0 124 0 0 0 0 0 0 0 0 0 0 0 0 0 147 32 64 0 0 64 0 1441 0 0 0 0 0 106 32 0 0 13 0 0 0 0 0 0 32 0 231 215 0 0 0 0 0 0 0 80 0 0 0 0 0 1851 0 0 160 0 0 0 109 51 0 110 51 0 103 177 0 0 0 0 0 0 0 0 0 0 0 104 0 20 0 0 0 64 0 0 0 146 106 3692 195 176 132 0 0 40 41 141 0 0 0 0 51 0 0 1088 0 16 0 0 0 0 0 0 115 144 0 0 64 0 0 0 0 0 13 0 0 0 0 51 32 0 26 0 75 0 0 0 0 0 358 0 0 340 0 
0 0 0 0 0 0 0 0 0 0 0 0 0 0 0 0 0 0 0 0 0 0 0 0 0 0 0 0 0 0 0 0 0 0 0 0 0 0 0 0 0 0 0 0 0 0 0 0 0 0 0 0 0 0 0 0 0 0 0 0 0 0 0 0 0 0 0 0 0 0 0 0 0 0 0 0 20 0 0 0 0 0 0 0 0 0 0 0 0 0 80 0 0 0 0 0 0 0 0 0 0 0 0 0 0 0 0 0 0 0 0 0 0 0 0 0 0 20 0 0 0 0 0 0 0 0 0 0 0 0 0 0 0 0 0 0 0 0 0 0 0 0 0 0 0 0 0 0 0 0 0 0 0 0 0 96 0 0 0 0 0 0 0 0 0 0 0 0 0 0 0 40 0 0 0 0 0 0 0 0 0 0 0 0 0 0 0 0 0 0 0 0 0 0 0 0 0 0 0 0 0 0 0 0 0 0 0 0 0 0 0 
20 0 0 0 0 0 0 0 0 0 0 26 0 0 20 0 0 0 0 0 0 0 0 135 0 0 0 0 0 0 99 0 0 0 0 0 0 0 0 0 64 0 0 0 0 0 0 0 57 64 0 0 0 0 0 0 0 0 0 0 0 0 0 0 0 0 0 0 0 0 0 0 0 0 0 0 32 51 0 0 0 0 0 229 0 0 0 0 0 26 0 0 0 0 0 0 0 0 26 0 0 0 0 0 0 0 0 0 0 0 0 0 0 0 0 0 0 52 0 0 0 0 0 0 20 0 0 0 0 0 64 0 0 0 0 0 0 0 0 0 0 0 0 0 0 0 0 0 0 0 0 0 0 0 0 389 0 0 0 0 0 0 200 0 0 0 0 0 0 0 0 136 0 0 0 0 0 0 0 0 0 64 0 0 0 0 0 0 0 0 13 0 0 0 0 0 0 0 0 0 46 0 0 0 0 0 51 0 0 0 0 
0 0 0 0 0 0 0 0 0 0 0 0 0 0 0 0 0 0 0 0 0 0 0 0 0 0 0 0 0 0 0 0 0 0 0 0 0 0 0 0 0 0 0 0 0 0 0 0 0 0 0 0 0 0 0 0 0 0 0 0 0 0 0 0 0 0 0 0 0 0 0 0 0 0 0 0 0 0 0 0 0 0 0 0 0 0 0 0 0 0 0 0 0 0 0 0 0 0 0 0 0 0 0 0 0 0 0 0 0 0 0 0 0 0 0 0 0 0 0 0 0 0 0 0 0 0 0 0 0 0 0 0 0 0 0 0 0 0 0 0 0 0 0 0 0 0 0 0 0 0 0 0 0 0 0 0 0 0 0 0 0 0 0 0 0 0 0 0 0 0 0 0 0 0 0 0 0 0 0 0 0 0 0 0 0 0 0 0 0 0 0 0 0 0 0 0 0 0 0 0 0 0 0 0 0 0 0 0 0 0 0 
0 0 0 0 0 92 0 0 0 0 0 0 0 0 0 0 0 0 0 0 0 0 20 259 0 0 0 0 0 32 0 0 0 0 80 0 0 0 0 0 0 0 0 0 0 0 0 0 0 99 0 0 0 0 0 0 0 0 0 0 0 0 51 0 0 0 0 0 0 0 0 0 0 13 0 0 40 96 51 0 0 0 0 258 0 0 0 0 0 0 93 20 0 0 0 0 0 0 0 0 0 0 16 0 0 0 0 80 0 0 0 64 0 0 0 0 0 459 0 0 0 0 0 0 0 0 0 0 32 0 64 26 0 0 0 0 0 0 0 0 0 0 0 0 64 0 0 0 0 0 0 0 0 0 16 558 0 0 0 0 0 26 0 0 0 0 0 0 0 0 0 207 0 0 0 0 0 0 0 0 64 0 58 26 16 0 0 0 0 0 0 0 0 0 0 0 16 0 40 0 0 0 0 0 0 64 26 0 0 0 0 
160 0 0 0 0 0 0 0 0 0 0 0 0 0 0 0 0 0 0 0 0 0 80 37 51 0 0 0 0 0 13 0 0 0 20 51 0 0 0 0 0 0 0 0 0 0 0 0 0 176 0 0 0 0 0 0 64 0 0 0 0 0 0 0 0 0 51 0 0 0 0 0 0 0 0 0 144 0 0 0 0 0 80 221 0 0 0 0 0 0 0 122 0 0 0 0 0 0 64 0 0 0 0 51 0 0 0 0 0 0 0 0 0 0 0 0 0 515 0 0 0 0 0 0 26 0 0 37 64 0 0 0 0 0 0 0 0 0 0 0 0 0 0 0 0 0 0 0 0 83 0 0 0 0 65 795 0 0 0 0 0 0 64 146 0 0 0 0 0 0 0 367 0 0 0 0 0 0 0 0 13 51 0 0 0 0 0 0 0 0 0 0 0 0 0 0 0 0 0 0 40 0 0 0 26 0 0 0 0 0 0 
2792 0 0 0 80 0 0 0 0 40 53 207 0 0 1914 20 0 0 0 0 147 20 373 8082 500 328 0 0 0 0 637 0 0 0 760 32 0 0 0 0 0 0 51 0 0 0 32 0 319 739 0 130 0 32 0 0 0 135 0 0 124 100 0 238 151 0 171 0 0 0 51 0 0 160 0 0 615 897 64 0 0 84 0 2352 0 32 0 0 0 134 678 1171 100 104 112 280 0 0 200 157 16 0 126 172 200 0 0 58 0 26 32 407 0 0 190 32 0 7105 0 344 0 822 0 0 951 623 0 85 0 0 16 126 0 0 0 0 0 0 0 0 0 0 0 177 51 0 0 80 80 342 0 100 216 64 583 20807 1020 46 67 0 0 634 532 80 0 540 0 131 0 0 104 2176 0 0 51 0 0 0 20 0 231 144 140 0 0 0 0 0 0 0 20 0 0 0 0 0 1539 0 42 0 485 0 187 0 20 0 1471 0 37 187 0 
161 0 0 0 20 0 0 0 0 0 0 0 0 0 0 0 0 0 0 0 0 0 0 106 0 0 0 0 40 0 108 0 0 0 0 0 0 0 0 0 0 0 0 0 0 16 0 0 0 0 0 0 0 0 0 0 0 0 0 0 0 0 0 100 0 0 0 0 0 0 0 0 0 80 0 0 100 0 0 0 0 0 0 16 0 0 0 0 0 51 0 40 0 51 100 260 0 0 0 0 0 0 112 0 64 0 0 0 0 0 0 64 0 0 0 0 0 283 0 0 0 0 0 0 0 0 0 0 0 0 0 0 0 0 0 0 0 0 0 0 0 0 0 0 0 40 0 0 0 0 0 0 0 131 32 1176 0 51 0 0 0 0 51 0 0 0 0 0 0 0 0 103 0 0 0 0 0 0 0 0 0 20 0 0 0 0 0 0 0 0 0 0 32 0 0 0 0 0 16 0 0 0 0 0 0 0 80 0 0 0 0 
400 0 0 0 0 0 0 0 0 0 0 40 0 0 0 0 0 0 0 0 0 0 0 338 0 180 0 0 0 0 144 0 0 0 0 0 0 0 0 0 0 0 0 0 0 0 0 0 0 0 0 80 0 0 0 0 0 32 0 0 0 0 0 0 0 0 0 0 0 0 0 0 0 0 0 0 16 240 0 0 0 0 0 39 0 0 0 0 0 0 0 179 0 0 32 26 0 0 0 0 0 0 0 0 100 0 0 0 0 0 0 0 0 0 0 0 0 483 0 40 0 80 0 0 213 64 0 0 0 0 80 0 0 0 0 0 0 0 0 0 0 0 0 0 0 0 0 0 0 164 0 0 0 0 13 608 0 0 0 0 0 0 0 0 0 32 0 0 0 0 0 128 0 0 0 0 0 0 0 0 0 104 13 0 0 0 0 0 0 0 0 0 0 0 0 0 40 0 0 0 16 0 0 0 0 0 0 40 0 0 0 
417 0 0 0 0 0 0 0 0 0 0 51 0 0 80 0 0 0 0 0 0 0 176 272 0 40 0 0 20 0 218 0 0 0 42 0 0 0 0 0 0 0 0 0 0 0 80 0 49 93 0 0 0 0 0 0 0 0 0 0 0 0 0 0 100 0 0 0 0 0 0 0 0 0 0 0 84 104 0 0 0 0 32 369 0 0 0 0 0 61 182 0 0 0 0 26 0 0 80 0 0 0 67 0 0 0 0 0 26 0 0 0 0 0 0 0 0 450 0 81 0 53 0 0 118 0 0 0 0 0 0 0 0 0 0 0 0 0 0 0 0 0 0 0 0 0 0 0 0 40 0 0 0 46 387 996 80 0 0 0 0 0 52 46 0 0 16 0 0 0 0 590 0 0 16 0 0 0 0 0 0 0 80 0 0 0 0 0 0 0 0 0 0 0 0 0 0 0 0 0 13 0 0 0 0 0 148 64 64 72 0 
0 0 0 0 0 0 0 0 0 0 0 0 0 0 0 0 0 0 0 0 0 0 0 0 0 0 0 0 0 0 0 0 0 0 0 0 0 0 0 0 0 0 0 0 0 0 0 0 0 0 0 0 0 0 0 0 0 0 0 0 0 0 0 0 0 0 0 0 0 0 0 0 0 0 0 0 0 0 0 0 0 0 0 0 0 0 0 0 0 0 0 0 0 0 0 0 0 0 0 0 0 0 0 0 0 0 0 0 0 0 0 0 0 0 0 0 0 0 0 0 0 0 0 0 0 0 0 0 0 0 0 0 0 0 0 0 0 0 0 0 0 0 0 0 0 0 0 0 0 0 0 0 0 0 0 0 0 0 0 0 0 0 0 0 0 0 0 0 0 0 0 0 0 0 0 0 0 0 0 0 0 0 0 0 0 0 0 0 0 0 0 0 0 0 0 0 0 0 0 0 0 0 0 0 0 0 0 0 0 0 0 
