6040 180 0 0 347 40 0 0 0 80 32 154 0 0 703 93 0 0 0 0 80 0 861 7512 83 30 26 0 26 0 1685 0 0 0 1279 0 0 0 64 372 251 227 40 51 0 128 131 0 756 447 215 320 0 80 0 0 0 203 0 0 297 0 13 67 16 102 132 51 0 16 0 0 0 558 0 0 1502 666 13 0 0 0 353 4166 0 102 0 80 26 311 2219 574 115 100 914 2406 0 0 199 26 256 0 442 379 243 0 40 0 0 0 220 460 0 0 51 104 0 9457 209 1027 69 1056 0 51 2238 113 0 26 513 0 115 151 160 0 0 0 0 0 0 0 415 0 0 13 0 64 100 0 504 297 0 234 210 400 2151 6197 374 32 163 0 0 137 283 324 0 13 232 297 0 0 0 4892 0 94 46 0 0 32 26 0 563 670 195 40 0 0 0 0 249 20 404 51 607 0 0 0 1188 0 202 0 545 0 96 0 186 52 1746 13 386 418 0 
90 0 0 0 0 0 0 0 0 0 0 0 0 0 0 0 0 0 0 0 0 0 0 0 0 0 0 0 0 0 32 0 0 0 0 0 0 0 0 0 0 0 0 0 0 0 0 0 0 0 0 0 0 0 0 0 0 0 0 0 0 0 0 0 0 0 0 0 0 0 0 0 0 0 0 0 0 0 0 0 0 0 0 64 0 0 0 0 0 0 0 26 0 0 0 0 0 0 0 0 0 0 0 0 0 0 0 0 0 0 0 0 0 0 0 0 0 257 0 0 0 0 0 0 0 0 0 0 64 0 0 0 0 0 0 0 0 0 0 0 0 0 0 0 0 0 0 0 0 0 0 0 0 0 0 51 0 0 0 0 0 0 0 0 0 0 0 0 0 0 0 0 0 0 0 0 0 0 0 0 0 0 0 0 0 0 0 0 0 0 0 0 0 0 0 0 0 0 0 0 0 0 0 0 0 0 0 0 0 0 0 
0 0 0 0 0 0 0 0 0 0 0 0 0 0 0 0 0 0 0 0 0 0 0 0 0 0 0 0 0 0 83 0 0 0 100 0 0 0 0 0 0 0 0 0 0 0 0 0 0 0 0 0 0 0 0 0 0 0 0 0 0 0 0 0 0 0 0 0 0 0 0 0 0 0 0 0 0 0 0 0 0 0 0 51 0 0 0 0 0 0 0 0 0 0 0 0 0 0 0 0 0 0 0 0 0 0 0 0 0 0 0 0 0 0 0 0 0 0 80 0 80 0 0 0 0 0 0 0 0 0 0 0 0 0 0 0 0 0 0 0 0 0 0 0 0 0 0 0 0 0 0 0 0 0 0 40 0 0 0 0 0 0 26 0 0 0 0 0 0 0 0 0 0 0 0 0 0 0 0 0 64 0 0 0 0 0 0 0 0 0 0 0 0 0 0 0 0 0 0 0 0 0 0 0 0 0 0 0 0 0 0 
0 0 0 0 0 0 0 0 0 0 0 0 0 0 0 0 0 0 0 0 0 0 0 0 0 0 0 0 0 0 0 0 0 0 0 0 0 0 0 0 0 0 0 0 0 0 0 0 0 0 0 0 0 0 0 0 0 0 0 0 0 0 0 0 0 0 0 0 0 0 0 0 0 0 0 0 0 0 0 0 0 0 0 0 0 0 0 0 0 0 0 0 0 0 0 0 0 0 0 0 0 0 0 0 0 0 0 0 0 0 0 0 0 0 0 0 0 0 0 0 0 0 0 0 0 0 0 0 0 0 0 0 0 0 0 0 0 0 0 0 0 0 0 0 0 0 0 0 0 0 0 0 0 0 0 0 0 0 0 0 0 0 0 0 0 0 0 0 0 0 0 0 0 0 0 0 0 0 0 0 0 0 0 0 0 0 0 0 0 0 0 0 0 0 0 0 0 0 0 0 0 0 0 0 0 0 0 0 0 0 0 
691 0 0 0 0 0 0 0 0 0 80 0 0 0 13 0 0 0 0 0 0 0 0 602 26 64 0 0 0 0 377 0 0 0 16 0 0 0 0 16 0 0 0 0 0 0 0 0 80 20 16 0 0 0 0 0 0 0 0 0 51 0 0 0 80 0 0 0 0 0 32 0 0 0 0 0 200 72 0 0 0 0 54 424 0 0 0 0 0 40 854 394 0 0 240 0 0 0 0 0 0 0 51 0 0 0 0 0 0 0 0 64 64 0 0 0 0 335 0 195 0 32 0 0 90 0 0 0 0 0 0 0 0 0 0 0 0 0 0 0 0 0 0 0 0 106 0 0 0 0 0 0 64 40 476 1413 151 0 0 0 0 32 120 0 0 0 96 0 0 0 0 452 0 0 0 0 0 0 0 0 51 0 100 0 0 0 0 0 0 80 120 0 0 0 0 0 40 0 0 0 0 0 0 0 0 0 392 0 0 0 0 
0 0 0 0 0 0 0 0 0 0 0 0 0 0 0 0 0 0 0 0 0 0 0 204 0 0 0 0 0 0 0 0 0 0 0 0 0 0 0 0 0 20 0 0 0 0 0 0 0 0 0 0 0 0 0 0 0 0 0 0 0 0 0 100 0 0 80 0 0 0 0 0 0 0 0 0 0 0 0 0 0 0 0 51 0 0 0 0 0 0 0 0 0 0 0 0 0 0 0 0 0 0 0 0 0 0 0 0 0 0 0 0 0 0 0 0 0 64 0 58 0 0 0 0 0 0 0 0 0 0 0 0 0 0 0 0 0 0 0 0 0 0 0 0 0 0 0 0 0 0 0 0 0 0 0 518 0 0 0 0 0 0 0 0 0 0 0 0 0 0 0 13 0 0 0 0 0 0 20 0 0 32 0 0 0 0 0 0 0 0 0 0 0 0 0 0 100 0 0 0 0 0 0 0 0 0 26 0 0 0 0 
0 0 0 0 0 0 0 0 0 0 0 0 0 0 0 0 0 0 0 0 0 0 0 0 0 0 0 0 0 0 0 0 0 0 0 0 0 0 0 0 0 0 0 0 0 0 0 0 0 0 0 0 0 0 0 0 0 0 0 0 0 0 0 0 0 0 0 0 0 0 0 0 0 0 0 0 0 0 0 0 0 0 0 0 0 0 0 0 0 0 0 0 0 0 0 0 0 0 0 0 0 0 0 0 0 0 0 0 0 0 0 0 0 0 0 0 0 0 0 0 0 0 0 0 0 0 0 0 0 0 0 0 0 0 0 0 0 0 0 0 0 0 0 0 0 0 0 0 0 0 0 0 0 0 0 0 0 0 0 0 0 0 0 0 0 0 0 0 0 0 0 0 0 0 0 0 0 0 0 0 0 0 0 0 0 0 0 0 0 0 0 0 0 0 0 0 0 0 0 0 0 0 0 0 0 0 0 0 0 0 0 
0 0 0 0 0 0 0 0 0 0 0 0 0 0 0 0 0 0 0 0 0 0 0 0 0 0 0 0 0 0 0 0 0 0 0 0 0 0 0 0 0 0 0 0 0 0 0 0 0 0 0 0 0 0 0 0 0 0 0 0 0 0 0 0 0 0 0 0 0 0 0 0 0 0 0 0 0 0 0 0 0 0 0 0 0 0 0 0 0 0 0 0 0 0 0 0 0 0 0 0 0 0 0 0 0 0 0 0 0 0 0 0 0 0 0 0 0 0 0 0 0 0 0 0 0 0 0 0 0 0 0 0 0 0 0 0 0 0 0 0 0 0 0 0 0 0 0 0 0 0 0 0 0 0 0 0 0 0 0 0 0 0 0 0 0 0 0 0 0 0 0 0 0 0 0 0 0 0 0 0 0 0 0 0 0 0 0 0 0 0 0 0 0 0 0 0 0 0 0 0 0 0 0 0 0 0 0 0 0 0 0 
0 0 0 0 0 0 0 0 0 0 0 0 0 0 0 0 0 0 0 0 0 0 0 0 0 0 0 0 0 0 0 0 0 0 0 0 0 0 0 0 0 0 0 0 0 0 0 0 0 0 0 0 0 0 0 0 0 0 0 0 0 0 0 0 0 0 0 0 0 0 0 0 0 0 0 0 0 0 0 0 0 0 0 0 0 0 0 0 0 0 0 0 0 0 0 0 0 0 0 0 0 0 0 0 0 0 0 0 0 0 0 0 0 0 0 0 0 0 0 0 0 0 0 0 0 0 0 0 0 0 0 0 0 0 0 0 0 0 0 0 0 0 0 0 0 0 0 0 0 0 0 0 0 0 0 0 0 0 0 0 0 0 0 0 0 0 0 0 0 0 0 0 0 0 0 0 0 0 0 0 0 0 0 0 0 0 0 0 0 0 0 0 0 0 0 0 0 0 0 0 0 0 0 0 0 0 0 0 0 0 0 
51 0 0 0 0 0 0 0 0 0 0 0 0 0 0 0 0 0 0 0 0 0 0 64 0 0 0 0 0 0 0 0 0 0 32 0 0 0 0 0 0 0 0 0 0 0 0 0 0 0 0 0 0 0 0 0 0 0 0 0 0 0 0 0 0 0 0 0 0 0 0 0 0 0 0 0 0 0 0 0 0 0 0 0 0 0 0 0 0 0 0 0 0 0 0 0 0 0 0 0 0 0 0 0 0 0 0 0 0 0 0 0 0 0 0 0 0 16 0 0 0 0 0 0 0 0 0 0 0 0 0 0 0 0 0 0 0 0 0 0 0 0 0 0 0 0 0 0 0 0 0 0 0 0 0 380 0 0 0 0 0 0 0 32 0 0 0 0 0 0 0 128 0 0 0 0 0 0 0 0 51 0 0 0 0 0 0 0 0 0 0 0 0 0 0 0 0 0 0 0 0 0 0 0 0 0 0 0 0 16 0 
605 0 0 0 0 0 0 0 0 0 0 0 0 0 153 0 0 0 0 0 0 0 16 144 100 0 0 0 0 0 0 0 0 0 40 51 0 0 0 0 0 0 0 0 0 0 0 0 0 0 0 0 0 0 0 0 0 0 0 0 40 0 0 0 0 0 0 0 0 0 0 0 0 0 0 0 126 0 0 0 0 0 0 190 0 0 0 0 20 0 151 0 0 0 0 0 0 0 0 0 0 0 0 0 0 0 0 0 0 0 0 0 0 0 0 0 0 215 0 0 0 0 0 0 0 0 0 0 0 0 0 0 0 0 0 0 0 0 0 0 80 0 0 100 0 0 0 0 0 51 0 0 0 13 164 378 0 0 0 0 0 0 184 64 0 0 0 0 0 0 0 20 0 0 0 0 0 0 0 0 0 0 0 0 0 0 0 0 0 0 120 0 0 0 0 0 20 0 80 0 0 0 0 0 0 0 83 0 0 0 0 
0 0 0 0 0 0 0 0 0 0 0 0 0 0 0 0 0 0 0 0 40 0 0 0 0 0 0 0 0 0 64 0 0 0 64 0 0 0 0 0 0 0 0 0 0 0 0 0 0 0 0 0 0 0 0 0 0 0 0 0 0 0 0 100 0 0 0 0 0 0 0 0 0 0 0 0 0 0 0 0 0 0 51 40 0 0 0 0 0 0 16 0 0 0 0 0 0 0 0 0 0 0 0 0 0 0 0 0 0 0 0 0 0 0 0 0 0 0 51 0 0 0 0 0 0 80 0 0 0 0 0 0 0 0 0 0 0 0 0 0 0 0 0 0 0 0 0 0 0 0 0 0 0 0 0 383 0 0 0 0 0 0 40 0 0 0 0 0 0 0 0 0 0 0 0 0 0 0 0 0 0 0 0 0 0 0 0 0 0 0 0 0 0 0 20 0 0 0 0 0 0 0 0 0 0 0 0 0 0 0 0 
0 0 0 0 0 0 0 0 0 0 0 0 0 0 0 0 0 0 0 0 0 0 0 0 0 0 0 0 0 0 0 0 0 0 0 0 0 0 0 0 0 0 0 0 0 0 0 0 0 0 0 0 0 0 0 0 0 0 0 0 0 0 0 0 0 0 0 0 0 0 0 0 0 0 0 0 0 0 0 0 0 0 0 0 0 0 0 0 0 0 0 0 0 0 0 0 0 0 0 0 0 0 0 0 0 0 0 0 0 0 0 0 0 0 0 0 0 0 0 0 0 0 0 0 0 0 0 0 0 0 0 0 0 0 0 0 0 0 0 0 0 0 0 0 0 0 0 0 0 0 0 0 0 0 0 0 0 0 0 0 0 0 0 0 0 0 0 0 0 0 0 0 0 0 0 0 0 0 0 0 0 0 0 0 0 0 0 0 0 0 0 0 0 0 0 0 0 0 0 0 0 0 0 0 0 0 0 0 0 0 0 
0 0 0 0 0 0 0 0 0 0 0 0 0 0 0 0 0 0 0 0 0 0 0 0 0 0 0 0 0 0 0 0 0 0 0 0 0 0 0 0 0 0 0 0 0 0 0 0 0 0 0 0 0 0 0 0 0 0 0 0 0 0 0 0 0 0 0 0 0 0 0 0 0 0 0 0 0 0 0 0 0 0 0 0 0 0 0 0 0 0 0 0 0 0 0 0 0 0 0 0 0 0 0 0 0 0 0 0 0 0 0 0 0 0 0 0 0 0 0 0 0 0 0 0 0 0 0 0 0 0 0 0 0 0 0 0 0 0 0 0 0 0 0 0 0 0 0 0 0 0 0 0 0 0 0 0 0 0 0 0 0 0 0 0 0 0 0 0 0 0 0 0 0 0 0 0 0 0 0 0 0 0 0 0 0 0 0 0 0 0 0 0 0 0 0 0 0 0 0 0 0 0 0 0 0 0 0 0 0 0 0 
525 0 64 0 190 0 0 0 0 0 64 0 0 0 241 100 0 0 0 0 0 0 51 1578 51 40 0 0 0 0 231 0 0 0 562 32 0 0 0 64 0 0 0 0 0 0 0 0 151 42 80 0 0 0 0 0 0 131 0 0 0 0 0 13 0 0 0 0 0 0 20 0 0 0 0 0 328 128 0 0 0 0 32 859 0 0 0 0 0 130 503 220 0 0 60 51 0 0 40 0 80 0 84 94 0 0 16 0 0 0 64 26 0 0 0 0 0 1160 32 140 285 197 0 0 83 240 0 164 253 0 132 0 20 0 0 0 0 0 0 0 357 0 0 0 160 177 0 0 264 20 0 0 69 80 392 4618 51 0 0 0 0 200 183 647 0 20 0 213 0 0 0 934 0 0 0 0 0 0 0 0 0 78 100 0 0 0 0 0 101 0 80 0 0 0 0 0 0 0 0 0 80 0 0 0 0 0 265 102 51 0 0 
0 0 0 0 0 0 0 0 0 0 0 0 0 0 26 0 0 0 0 0 0 0 0 94 0 0 0 0 0 0 0 0 0 0 0 0 0 0 0 0 0 0 0 0 0 0 0 0 16 0 0 0 0 0 0 0 0 0 0 0 0 0 0 0 0 0 40 0 0 0 0 0 0 0 0 0 0 0 0 0 0 0 0 42 0 0 0 0 0 0 32 0 0 0 0 0 0 0 0 0 0 0 0 0 0 0 0 0 0 0 0 0 0 0 0 0 0 92 0 0 0 0 0 0 0 0 0 0 0 0 0 0 0 0 0 0 0 0 0 0 0 0 0 0 0 0 0 0 0 0 0 0 0 0 0 617 0 0 0 0 0 0 0 0 0 0 0 0 0 0 0 97 0 64 0 0 0 0 0 0 0 0 0 0 0 0 0 0 0 0 0 0 0 0 0 0 0 0 0 0 0 0 0 0 0 0 200 0 0 0 0 
0 0 0 0 0 0 0 0 0 0 0 0 0 0 0 0 0 0 0 0 0 0 0 0 0 0 0 0 0 0 0 0 0 0 0 0 0 0 0 0 0 0 0 0 0 0 0 0 0 0 0 0 0 0 0 0 0 0 0 0 0 0 0 0 0 0 0 0 0 0 0 0 0 0 0 0 0 0 0 0 0 0 0 0 0 0 0 0 0 0 0 0 0 0 0 0 0 0 0 0 0 0 0 0 0 0 0 0 0 0 0 0 0 0 0 0 0 0 0 0 0 0 0 0 0 0 0 0 0 0 0 0 0 0 0 0 0 0 0 0 0 0 0 0 0 0 0 0 0 0 0 0 0 0 0 0 0 0 0 0 0 0 0 0 0 0 0 0 0 0 0 0 0 0 0 0 0 0 0 0 0 0 0 0 0 0 0 0 0 0 0 0 0 0 0 0 0 0 0 0 0 0 0 0 0 0 0 0 0 0 0 
64 0 0 0 0 0 0 0 0 0 0 0 0 0 0 0 0 0 0 0 0 0 0 40 0 0 0 0 0 0 0 0 0 0 0 0 0 0 0 0 16 0 0 0 0 0 0 0 64 32 0 0 0 0 0 0 0 0 0 0 0 0 0 0 0 0 0 0 0 0 0 0 0 0 0 0 0 0 0 0 0 0 0 0 0 0 0 0 0 0 0 96 0 0 0 92 0 0 0 0 0 0 0 0 0 0 0 0 0 0 0 0 0 0 0 0 0 51 0 0 0 0 0 16 0 0 0 0 0 0 0 0 0 0 0 0 0 0 0 0 0 0 0 0 0 0 0 0 0 0 0 0 0 0 51 193 13 0 0 0 0 0 100 26 0 0 0 0 0 0 0 64 0 0 0 0 0 0 0 0 0 0 0 80 0 0 0 0 0 0 0 0 0 0 0 0 0 0 0 0 0 0 0 0 0 0 0 0 0 0 0 
0 0 0 0 0 0 0 0 0 0 0 0 0 0 0 0 0 0 0 0 0 0 0 0 0 0 0 0 0 0 0 0 0 0 0 0 0 0 0 0 0 0 0 0 0 0 0 0 0 0 0 0 0 0 0 0 0 0 0 0 0 0 0 0 0 0 0 0 0 0 0 0 0 0 0 0 0 0 0 0 0 0 0 0 0 0 0 0 0 0 0 0 0 0 0 0 0 0 0 0 0 0 0 0 0 0 0 0 0 0 0 0 0 0 0 0 0 0 0 0 0 0 0 0 0 0 0 0 0 0 0 0 0 0 0 0 0 0 0 0 0 0 0 0 0 0 0 0 0 0 0 0 0 0 0 0 0 0 0 0 0 0 0 0 0 0 0 0 0 0 0 0 0 0 0 0 0 0 0 0 0 0 0 0 0 0 0 0 0 0 0 0 0 0 0 0 0 0 0 0 0 0 0 0 0 0 0 0 0 0 0 
0 0 0 0 0 0 0 0 0 0 0 0 0 0 0 0 0 0 0 0 0 0 0 0 0 0 0 0 0 0 0 0 0 0 0 0 0 0 0 0 0 0 0 0 0 0 0 0 0 0 0 0 0 0 0 0 0 0 0 0 0 0 0 0 0 0 0 0 0 0 0 0 0 0 0 0 0 0 0 0 0 0 0 0 0 0 0 0 0 0 0 0 0 0 0 0 0 0 0 0 0 0 0 0 0 0 0 0 0 0 0 0 0 0 0 0 0 0 0 0 0 0 0 0 0 0 0 0 0 0 0 0 0 0 0 0 0 0 0 0 0 0 0 0 0 0 0 0 0 0 0 0 0 0 0 0 0 0 0 0 0 0 0 0 0 0 0 0 0 0 0 0 0 0 0 0 0 0 0 0 0 0 0 0 0 0 0 0 0 0 0 0 0 0 0 0 0 0 0 0 0 0 0 0 0 0 0 0 0 0 0 
229 0 0 0 0 0 0 0 0 0 80 0 0 0 64 0 0 0 0 0 0 0 0 330 0 0 0 0 0 0 0 0 0 0 0 0 0 0 0 0 0 0 0 0 0 0 0 0 0 32 0 0 0 0 0 0 0 0 0 0 40 0 0 0 0 0 0 0 0 0 0 0 0 0 0 0 20 0 0 0 0 0 0 210 0 0 0 0 0 0 67 0 0 0 0 40 0 0 0 0 0 0 0 0 0 0 0 0 0 0 0 0 0 0 0 0 0 67 0 0 0 67 0 0 32 100 0 0 0 0 0 0 0 0 0 0 0 0 0 0 0 0 0 0 0 0 0 0 0 0 0 0 0 0 64 1024 100 0 0 0 0 100 0 0 0 0 26 53 0 0 0 46 0 0 0 0 0 0 0 0 0 0 100 0 0 0 0 0 0 0 0 0 0 0 64 0 0 0 0 0 0 0 0 0 0 0 0 0 0 0 0 
0 0 0 0 0 0 0 0 0 0 0 0 0 0 0 0 0 0 0 0 0 0 0 0 0 0 0 0 0 0 0 0 0 0 0 0 0 0 0 0 0 0 0 0 0 0 0 0 0 0 0 0 0 0 0 0 0 0 0 0 0 0 0 0 0 0 0 0 0 0 0 0 0 0 0 0 0 0 0 0 0 0 0 0 0 0 0 0 0 0 0 0 0 0 0 0 0 0 0 0 0 0 0 0 0 0 0 0 0 0 0 0 0 0 0 0 0 0 0 0 0 0 0 0 0 0 0 0 0 0 0 0 0 0 0 0 0 0 0 0 0 0 0 0 0 0 0 0 0 0 0 0 0 0 0 100 0 0 0 0 0 0 0 0 0 0 0 0 0 0 0 0 0 0 0 0 0 0 0 0 0 0 0 0 0 0 0 0 0 0 0 0 0 0 0 0 0 0 0 0 0 0 0 0 0 0 0 0 0 0 0 
687 80 0 0 16 0 0 0 0 0 0 0 0 0 0 0 0 0 0 0 0 0 0 646 0 0 0 0 0 0 226 0 0 0 0 0 0 0 0 32 20 40 0 0 0 0 20 0 64 136 0 0 0 0 0 0 0 64 0 0 0 0 0 20 26 0 0 0 0 0 0 0 0 0 0 0 64 115 26 0 0 0 113 648 0 0 0 0 0 40 259 245 0 0 112 0 0 0 0 0 64 0 20 0 13 80 0 0 0 0 40 51 0 0 0 40 64 900 13 233 0 240 0 0 141 16 0 0 40 0 26 80 0 0 0 0 0 0 0 0 0 0 0 0 0 0 0 0 26 81 0 0 16 26 375 841 0 0 0 0 0 0 0 40 0 0 0 51 0 0 0 222 0 0 0 0 0 0 0 0 0 160 0 0 0 0 0 0 0 0 0 0 32 0 0 0 157 0 0 0 0 0 80 0 64 0 225 0 32 117 0 
9401 26 0 0 1030 96 0 0 0 240 131 138 0 0 2208 225 0 53 0 0 273 0 866 8843 723 77 64 0 148 0 3466 0 0 0 1764 396 0 0 13 910 238 99 72 120 0 80 190 138 401 1656 203 80 0 128 0 100 100 1124 40 0 1684 0 80 256 13 163 666 0 0 277 0 0 0 80 0 100 1748 1181 0 0 0 0 898 7140 0 0 0 95 32 1400 7739 2161 94 180 995 1232 0 64 686 100 470 0 1145 158 367 240 13 20 0 0 90 738 51 0 0 750 0 7419 606 2108 114 1114 0 0 387 741 0 144 1040 94 752 172 72 0 0 0 140 0 0 0 1303 32 0 51 131 239 0 0 2744 288 0 74 659 429 4170 22489 1230 40 725 0 300 216 2811 724 0 241 651 648 0 0 80 9283 0 292 0 0 0 100 203 0 2152 1699 319 13 64 0 0 0 896 16 1455 180 606 0 0 0 967 0 277 0 762 0 40 0 0 572 5030 40 324 1376 0 
16 0 0 0 0 0 0 0 0 0 0 0 0 0 51 0 0 0 0 0 0 0 40 724 61 32 0 0 0 0 240 0 0 0 26 0 0 0 0 80 0 0 0 0 0 0 80 0 0 40 0 0 0 0 0 0 0 0 0 0 0 0 0 0 0 0 0 0 0 0 0 0 0 0 0 0 20 260 0 0 0 0 80 248 0 0 0 0 0 0 102 128 26 0 0 0 0 0 0 0 13 0 0 0 0 0 0 0 0 0 0 0 0 32 0 0 0 220 0 181 0 40 0 0 0 32 0 0 32 0 0 0 0 0 0 0 0 0 0 0 0 0 0 0 40 0 0 0 110 0 0 0 0 51 144 239 0 0 26 0 0 0 40 0 0 0 20 0 0 0 0 97 0 0 0 0 0 0 0 0 0 0 20 0 0 0 0 0 144 0 100 0 0 0 0 0 0 0 0 0 0 0 0 0 0 0 64 0 0 0 0 
197 0 0 0 0 0 0 0 0 0 26 0 0 0 64 0 0 0 0 0 0 0 16 20 0 16 0 0 64 0 0 0 0 0 47 0 0 0 0 0 0 0 0 0 0 0 0 0 133 16 26 0 0 0 0 0 0 119 0 0 0 0 0 0 0 0 0 0 0 0 0 0 0 0 0 0 77 0 180 0 0 0 40 453 0 0 20 0 0 0 153 117 0 0 0 126 0 0 0 0 0 0 26 0 20 0 0 0 0 0 16 0 0 0 0 51 0 524 0 182 0 200 0 0 112 200 0 0 32 0 0 0 0 0 0 0 0 0 0 0 40 0 0 0 0 0 0 0 26 0 0 0 20 0 186 421 72 0 64 0 0 0 80 54 0 0 80 80 0 0 0 298 0 0 0 0 0 0 0 0 0 0 0 0 0 0 0 0 64 16 0 0 16 0 0 0 80 0 0 0 40 0 106 0 0 0 211 0 0 131 0 
40 0 0 0 0 0 0 0 0 0 0 0 0 0 0 0 0 0 0 0 0 0 0 126 0 0 64 0 0 0 0 0 0 0 0 0 0 0 0 0 0 0 0 0 0 0 0 0 0 0 0 0 0 0 0 0 0 151 0 0 0 0 0 0 0 0 0 0 0 0 0 0 0 0 0 0 0 0 0 0 0 0 80 51 0 0 0 0 0 0 51 0 0 0 0 0 0 0 0 0 0 0 0 0 0 0 0 0 0 0 0 0 0 0 0 0 0 0 0 0 0 0 0 0 0 0 0 0 0 0 0 0 0 0 0 0 0 0 0 0 0 0 0 0 0 0 0 0 0 0 0 0 0 0 0 0 0 0 0 0 0 0 0 0 0 0 0 0 0 0 0 164 0 0 0 0 0 0 0 0 0 0 0 0 0 0 0 0 0 0 0 0 0 0 0 0 0 0 0 0 0 0 0 0 0 80 0 0 0 0 0 
0 0 0 0 0 0 0 0 0 0 0 0 0 0 0 0 0 0 0 0 0 0 0 0 0 0 0 0 0 0 0 0 0 0 0 0 0 0 0 0 0 0 0 0 0 0 0 0 0 0 0 0 0 0 0 0 0 0 0 0 0 0 0 0 0 0 0 0 0 0 0 0 0 0 0 0 0 0 0 0 0 0 0 0 0 0 0 0 0 0 0 0 0 0 0 0 0 0 0 0 0 0 0 0 0 0 0 0 0 0 0 0 0 0 0 0 0 0 0 0 0 0 0 0 0 0 0 0 0 0 0 0 0 0 0 0 0 0 0 0 0 0 0 0 0 0 0 0 0 0 0 0 0 0 0 0 0 0 0 0 0 0 0 0 0 0 0 0 0 0 0 0 0 0 0 0 0 0 0 0 0 0 0 0 0 0 0 0 0 0 0 0 0 0 0 0 0 0 0 0 0 0 0 0 0 0 0 0 0 0 0 
13 0 0 0 0 0 0 0 0 0 0 0 0 0 0 0 0 0 0 0 0 0 0 32 0 40 0 0 0 0 57 0 0 0 13 0 0 0 0 0 0 0 0 0 0 0 0 0 100 215 51 0 0 0 0 0 0 100 0 0 0 0 0 0 0 0 0 0 0 0 0 0 0 0 0 0 73 126 0 0 0 0 0 100 0 0 0 0 0 0 184 0 0 0 80 0 0 0 0 0 80 0 0 0 54 0 0 0 0 0 0 0 0 0 0 16 0 13 0 51 0 0 0 0 0 0 0 0 32 0 0 0 0 0 0 0 0 0 0 0 0 0 0 0 0 0 0 0 67 0 0 0 0 0 20 98 0 0 0 0 0 0 100 26 0 0 0 0 0 0 0 471 0 0 0 0 0 0 0 0 0 0 20 0 0 0 0 0 0 0 0 0 0 0 0 0 0 0 0 0 0 0 0 0 0 0 0 0 0 0 0 
0 0 0 0 0 0 0 0 0 0 0 0 0 0 0 0 0 0 0 0 0 0 0 0 0 0 0 0 0 0 0 0 0 0 0 0 0 0 0 0 0 0 0 0 0 0 0 0 0 0 0 0 0 0 0 0 0 0 0 0 0 0 0 0 0 0 0 0 0 0 0 0 0 0 0 0 0 0 0 0 0 0 0 0 0 0 0 0 0 0 0 0 0 0 0 0 0 0 0 0 0 0 0 0 0 0 0 0 0 0 0 0 0 0 0 0 0 0 0 0 0 0 0 0 0 0 0 0 0 0 0 0 0 0 0 0 0 0 0 0 0 0 0 0 0 0 0 0 0 0 0 0 0 0 0 0 0 0 0 0 0 0 0 0 0 0 0 0 0 0 0 0 0 0 0 0 0 0 0 0 0 0 0 0 0 0 0 0 0 0 0 0 0 0 0 0 0 0 0 0 0 0 0 0 0 0 0 0 0 0 0 
2215 0 0 0 162 0 0 0 0 0 0 0 0 0 173 96 0 0 0 0 26 0 703 1994 52 214 0 0 40 0 2486 0 0 0 419 32 0 0 0 428 0 0 0 26 0 0 0 0 72 498 0 0 0 132 0 0 0 396 0 0 139 0 0 0 0 0 47 0 0 0 0 0 0 0 0 0 211 297 0 0 0 0 3096 988 0 0 16 0 160 61 2039 827 0 40 177 192 0 0 164 0 183 0 113 0 0 0 100 0 0 0 0 219 0 0 0 0 0 1181 34 167 0 272 0 0 324 164 0 73 154 0 16 16 77 0 0 0 0 0 0 0 51 0 0 16 0 188 0 0 184 238 0 0 0 54 631 3427 192 0 20 0 0 153 2387 575 0 0 431 58 0 0 0 1957 0 51 0 0 0 0 26 0 121 112 137 200 0 0 0 0 144 0 51 0 0 0 0 0 148 0 0 0 0 0 0 0 0 40 301 0 0 566 0 
40 0 0 0 0 0 0 0 0 0 0 0 0 0 0 0 0 0 0 0 0 0 0 0 0 0 0 0 0 0 0 0 0 0 0 0 0 0 0 0 0 0 0 0 0 0 0 0 0 51 0 0 0 0 0 0 0 0 0 0 0 0 0 0 0 0 0 0 0 0 0 0 0 0 0 0 0 0 0 0 0 0 0 0 0 0 0 0 0 0 0 0 0 0 0 0 0 0 0 0 0 0 0 0 0 0 0 0 0 0 0 0 0 0 0 0 0 0 0 0 0 0 0 0 0 0 0 0 0 0 0 0 0 0 0 0 0 0 0 0 0 0 0 0 0 0 0 0 0 0 0 0 0 0 0 0 0 0 0 0 0 0 0 0 0 0 0 0 0 0 0 0 0 0 0 0 0 0 0 0 0 0 0 0 0 0 0 0 0 0 0 0 0 0 0 0 0 0 0 0 0 0 0 0 0 0 100 0 0 0 0 
0 0 0 0 0 0 0 0 0 0 0 0 0 0 0 0 0 0 0 0 0 0 0 0 0 0 0 0 0 0 0 0 0 0 0 0 0 0 0 0 0 0 0 0 0 0 0 0 0 0 0 0 0 0 0 0 0 0 0 0 0 0 0 0 0 0 0 0 0 0 0 0 0 0 0 0 0 0 0 0 0 0 0 0 0 0 0 0 0 0 0 0 0 0 0 0 0 0 0 0 0 0 0 0 0 0 0 0 0 0 0 0 0 0 0 0 0 0 0 0 0 0 0 0 0 0 0 0 0 0 0 0 0 0 0 0 0 0 0 0 0 0 0 0 0 0 0 0 0 0 0 0 0 0 0 0 0 0 0 0 0 0 0 0 0 0 0 0 0 0 0 0 0 0 0 0 0 0 0 0 0 0 0 0 0 0 0 0 0 0 0 0 0 0 0 0 0 0 0 0 0 0 0 0 0 0 0 0 0 0 0 
0 0 0 0 0 0 0 0 0 0 0 0 0 0 0 0 0 0 0 0 0 0 0 0 0 0 0 0 0 0 0 0 0 0 0 0 0 0 0 0 0 0 0 0 0 0 0 0 0 0 0 0 0 0 0 0 0 0 0 0 0 0 0 0 0 0 0 0 0 0 0 0 0 0 0 0 0 0 0 0 0 0 0 0 0 0 0 0 0 0 0 0 0 0 0 0 0 0 0 0 0 0 0 0 0 0 0 0 0 0 0 0 0 0 0 0 0 0 0 0 0 0 0 0 0 0 0 0 0 0 0 0 0 0 0 0 0 0 0 0 0 0 0 0 0 0 0 0 0 0 0 0 0 0 0 0 0 0 0 0 0 0 0 0 0 0 0 0 0 0 0 0 0 0 0 0 0 0 0 0 0 0 0 0 0 0 0 0 0 0 0 0 0 0 0 0 0 0 0 0 0 0 0 0 0 0 0 0 0 0 0 
1778 0 0 0 64 0 0 0 0 0 0 0 0 0 654 0 0 0 0 0 0 0 257 1468 100 332 0 0 0 0 324 0 0 0 87 0 0 0 0 112 0 0 0 0 0 51 0 0 172 32 0 80 0 0 0 0 0 51 0 0 0 0 0 32 0 0 400 0 0 0 16 0 0 0 0 0 118 96 80 0 0 80 193 554 0 0 0 0 13 116 759 337 41 0 0 34 0 0 0 0 0 0 0 26 0 0 42 0 0 0 77 0 0 0 64 0 0 1474 67 99 500 132 0 0 16 170 0 0 275 26 40 0 0 0 0 0 0 0 0 0 0 0 0 32 0 16 20 0 226 178 0 90 132 64 923 5812 227 0 64 0 0 64 430 616 0 164 0 0 0 0 80 945 0 0 0 0 0 0 0 0 147 221 0 51 0 0 0 0 135 0 153 0 26 0 0 0 496 0 0 0 157 0 0 0 0 0 428 0 30 54 0 
40 0 40 0 0 0 0 0 0 0 0 0 0 0 80 0 0 0 0 0 0 0 0 317 0 32 0 0 0 0 251 0 0 0 32 40 0 0 0 26 0 0 0 0 0 0 0 0 0 0 0 0 0 0 0 0 0 0 0 0 0 0 0 0 0 0 0 0 0 0 0 0 0 0 0 0 0 161 0 0 0 0 40 126 0 0 0 0 0 0 80 0 0 0 51 0 0 32 0 0 0 0 0 0 0 0 0 0 0 0 0 0 0 0 0 0 0 47 0 231 26 26 0 0 100 51 0 0 0 0 0 0 0 0 0 0 0 0 0 0 0 0 0 0 0 0 0 0 0 0 0 0 0 32 0 397 0 0 0 0 0 0 320 151 0 0 0 51 0 0 0 175 0 40 0 0 0 0 0 0 0 0 16 0 0 0 0 0 0 0 77 0 0 0 0 0 0 0 0 0 0 0 0 0 0 0 296 0 0 0 0 
0 0 0 0 0 0 0 0 0 0 0 0 0 0 0 0 0 0 0 0 0 0 0 0 0 0 0 0 0 0 0 0 0 0 0 0 0 0 0 0 0 0 0 0 0 0 0 0 0 0 0 0 0 0 0 0 0 0 0 0 0 0 0 0 0 0 0 0 0 0 0 0 0 0 0 0 0 0 0 0 0 0 0 0 0 0 0 0 0 0 0 0 0 0 0 0 0 0 0 0 0 0 0 0 0 0 0 0 0 0 0 0 0 0 0 0 0 0 0 0 0 0 0 0 0 0 0 0 0 0 0 0 0 0 0 0 0 0 0 0 0 0 0 0 0 0 0 0 0 0 0 0 0 0 0 0 0 0 0 0 0 0 0 0 0 0 0 0 0 0 0 0 0 0 0 0 0 0 0 0 0 0 0 0 0 0 0 0 0 0 0 0 0 0 0 0 0 0 0 0 0 0 0 0 0 0 0 0 0 0 0 
0 0 0 0 0 0 0 0 0 0 0 0 0 0 0 0 0 0 0 0 0 0 0 0 0 0 0 0 0 0 0 0 0 0 0 0 0 0 0 0 0 0 0 0 0 0 0 0 0 0 0 0 0 0 0 0 0 0 0 0 0 0 0 0 0 0 0 0 0 0 0 0 0 0 0 0 0 0 0 0 0 0 0 0 0 0 0 0 0 0 0 0 0 0 0 0 0 0 0 0 0 0 0 0 0 0 0 0 0 0 0 0 0 0 0 0 0 0 0 0 0 0 0 0 0 0 0 0 0 0 0 0 0 0 0 0 0 0 0 0 0 0 0 0 0 0 0 0 0 0 0 0 0 0 0 0 0 0 0 0 0 0 0 0 0 0 0 0 0 0 0 0 0 0 0 0 0 0 0 0 0 0 0 0 0 0 0 0 0 0 0 0 0 0 0 0 0 0 0 0 0 0 0 0 0 0 0 0 0 0 0 
232 0 0 0 0 0 0 0 0 0 64 0 0 0 32 0 0 0 0 0 0 0 0 40 0 0 0 0 0 0 0 0 0 0 0 0 0 0 0 0 0 0 0 0 0 0 0 0 0 0 0 0 0 0 0 0 0 0 0 0 0 0 0 0 0 0 0 0 0 0 0 0 0 0 0 0 0 0 0 0 0 0 0 168 0 0 0 0 0 20 296 0 0 0 0 51 0 0 0 0 42 0 0 51 0 0 0 0 0 0 0 0 0 0 0 0 0 102 0 0 0 0 0 0 0 0 0 0 0 0 0 0 0 0 0 0 0 0 0 0 0 0 0 0 0 0 0 0 26 0 0 0 0 0 0 116 26 0 0 0 0 32 100 32 0 0 0 0 0 0 0 54 0 0 0 0 0 0 0 0 0 0 0 0 0 0 0 0 0 0 20 0 0 0 0 51 0 0 0 0 0 0 0 0 0 0 0 0 0 0 0 
466 0 0 0 26 0 0 0 0 0 0 0 0 0 16 0 0 100 0 0 0 0 0 705 164 0 0 0 51 0 34 0 0 0 80 0 0 0 0 0 0 0 0 0 0 0 0 0 0 32 90 0 0 0 0 0 0 240 0 0 0 0 0 0 0 0 0 0 0 0 0 0 0 0 0 0 80 116 0 0 0 0 64 338 0 0 0 0 0 164 214 77 0 0 61 0 0 0 0 13 0 0 20 0 32 0 0 0 0 0 0 0 0 0 0 26 0 208 0 26 0 0 0 0 0 0 0 0 0 0 0 0 0 0 0 0 0 0 0 0 0 0 0 0 51 0 0 0 0 0 0 0 13 0 281 1612 232 0 0 0 0 0 0 100 0 0 100 20 0 0 0 336 0 0 0 0 0 0 0 0 26 16 100 0 0 0 0 0 0 0 0 0 0 0 0 0 113 0 0 0 13 0 0 0 0 32 83 0 0 40 0 
250 0 0 0 0 0 0 0 0 0 0 0 0 0 0 0 0 0 0 0 51 0 0 51 0 0 0 0 0 0 64 0 0 0 0 0 0 0 0 0 0 0 0 0 0 0 0 0 32 0 0 0 0 0 0 0 0 0 0 0 0 0 0 0 0 0 51 0 0 0 0 0 0 0 0 0 20 96 0 0 0 0 83 54 0 0 0 0 0 32 100 0 0 0 0 0 0 0 0 0 100 0 0 0 0 0 0 0 0 0 51 0 0 0 0 0 0 101 0 0 0 83 0 0 0 0 0 0 0 26 0 0 0 0 0 0 0 0 0 0 0 0 0 0 0 0 0 0 0 0 0 0 100 0 40 713 200 0 0 0 0 0 80 0 0 0 0 0 0 0 0 20 0 0 0 0 0 0 0 0 0 13 0 0 0 0 0 0 0 0 0 0 0 0 0 0 0 0 16 0 20 0 0 0 0 0 32 0 0 0 0 
231 0 0 0 0 0 0 0 0 0 0 0 0 0 0 0 0 0 0 0 0 0 0 113 0 0 0 0 0 0 80 0 0 0 0 0 0 0 0 0 0 0 0 0 0 0 0 0 0 0 0 0 0 0 0 0 0 0 0 0 0 0 0 0 0 0 0 0 0 0 0 0 0 0 0 0 0 0 0 0 0 0 64 0 0 0 0 0 0 64 0 13 0 0 0 40 0 0 0 0 0 0 0 0 0 0 0 0 0 0 0 0 0 0 0 0 0 75 0 0 0 0 0 0 0 0 0 0 0 0 0 0 0 0 0 0 0 0 0 0 0 0 0 0 0 0 0 0 0 26 0 0 0 0 0 16 100 0 0 0 0 0 51 0 0 0 0 0 0 0 0 164 0 0 0 0 0 0 0 0 0 100 0 0 0 0 0 0 0 0 0 0 51 0 0 0 0 0 0 0 0 0 0 0 0 0 0 0 0 0 0 
249 0 0 0 0 0 0 0 0 0 0 0 0 0 0 0 0 0 0 0 0 0 0 106 0 0 0 0 0 0 40 0 0 0 0 0 0 0 0 0 0 0 0 0 0 0 0 0 0 0 0 0 0 0 0 0 0 26 0 0 0 0 0 0 0 0 0 0 0 0 0 0 0 0 0 0 0 0 0 0 0 0 0 0 0 0 0 0 0 0 100 26 0 0 20 0 0 0 0 0 0 0 0 0 0 0 0 0 0 0 0 0 0 0 0 0 0 51 0 0 0 0 0 0 0 0 0 0 0 0 0 0 0 0 0 0 0 0 0 0 0 0 0 0 0 0 0 0 80 0 0 26 0 0 104 292 0 0 0 0 0 0 0 0 0 0 0 0 0 0 0 0 0 0 0 0 0 0 0 0 16 0 0 0 0 0 0 0 0 0 13 0 0 0 0 0 13 0 0 0 0 0 0 0 0 0 0 0 0 0 0 
223 0 0 0 0 0 0 0 0 0 0 0 0 0 0 0 0 0 0 0 0 0 0 304 0 0 0 0 0 0 0 0 0 0 147 0 0 0 0 0 0 0 0 0 0 0 0 0 0 0 0 0 0 0 0 0 0 0 0 0 0 0 0 0 0 0 0 0 0 0 0 0 0 0 0 0 0 0 0 0 0 0 0 180 0 0 0 0 0 0 80 83 0 0 0 80 0 0 131 0 0 0 0 0 0 0 0 0 0 0 0 0 0 0 0 0 0 77 20 0 0 116 0 0 0 0 0 0 0 0 0 0 0 0 0 0 0 0 0 0 0 0 0 0 0 0 0 0 0 20 0 0 0 0 64 407 0 0 0 0 0 0 51 0 0 0 0 0 0 0 0 0 0 0 0 0 0 0 0 0 0 0 0 0 0 0 0 0 0 0 0 0 0 0 0 0 0 0 0 0 0 0 0 0 0 0 57 0 0 0 0 
0 0 0 0 0 0 0 0 0 0 0 0 0 0 0 0 0 0 0 0 0 0 0 0 0 0 0 0 0 0 0 0 0 0 0 0 0 0 0 0 0 0 0 0 0 0 0 0 0 0 0 0 0 0 0 0 0 0 0 0 0 0 0 0 0 0 0 0 0 0 0 0 0 0 0 0 0 0 0 0 0 0 0 0 0 0 0 0 0 0 0 0 0 0 0 0 0 0 0 0 0 0 0 0 0 0 0 0 0 0 0 0 0 0 0 0 0 0 0 0 0 0 0 0 0 0 0 0 0 0 0 0 0 0 0 0 0 0 0 0 0 0 0 0 0 0 0 0 0 0 0 0 0 0 32 0 0 0 0 0 0 0 0 0 0 0 0 0 0 0 0 0 0 0 0 0 0 0 0 0 0 0 0 0 0 0 0 0 0 0 0 0 0 0 0 0 0 0 0 0 0 0 0 0 0 0 0 0 0 0 0 
134 0 0 0 0 0 0 0 0 0 0 0 0 0 0 0 0 0 0 0 0 0 0 224 0 0 0 0 0 0 64 0 0 0 0 0 0 0 0 0 0 0 0 0 0 0 0 0 26 0 0 0 0 0 0 0 0 0 0 0 0 0 0 32 0 0 0 0 0 0 0 0 0 0 0 0 0 0 0 0 0 0 51 0 0 0 0 0 0 0 0 0 0 0 0 0 0 0 0 0 0 0 0 0 13 0 0 0 0 0 0 51 0 0 0 0 0 0 0 0 0 0 0 80 0 26 0 0 0 0 0 0 0 0 0 0 0 0 0 0 0 0 0 0 0 0 0 0 0 100 0 0 0 0 0 64 0 0 0 0 0 0 0 0 0 0 0 0 0 0 0 0 0 0 0 0 0 0 0 0 0 13 200 0 0 0 0 0 20 0 0 0 0 0 0 0 100 0 0 0 64 0 0 0 0 0 20 0 0 40 0 
140 0 0 0 0 0 0 0 0 0 0 0 0 0 180 0 0 0 0 0 0 0 0 0 0 0 0 0 0 0 0 0 0 0 0 0 0 0 0 0 0 0 0 0 0 0 0 0 0 0 0 0 0 0 0 0 0 0 0 0 0 0 0 0 0 0 0 0 0 0 0 0 0 0 0 0 0 0 0 0 0 0 0 32 0 0 0 0 0 0 0 172 0 0 0 0 0 0 0 0 0 0 0 0 0 0 0 0 0 0 0 0 0 0 0 0 0 285 0 0 0 0 0 0 0 0 0 140 51 0 0 32 0 0 0 0 0 0 0 0 0 0 0 0 0 0 0 0 0 0 0 0 0 51 200 200 40 0 0 0 0 0 0 0 0 0 0 0 0 0 0 64 0 0 0 0 0 0 0 0 0 0 0 0 0 0 0 0 0 0 0 0 0 0 0 0 0 0 0 0 0 0 0 0 0 0 0 0 0 0 0 
0 0 0 0 0 0 0 0 0 0 0 0 0 0 96 0 0 0 0 0 0 0 0 290 0 0 0 0 0 0 0 0 0 0 0 0 0 0 0 0 0 0 0 0 0 0 0 0 32 0 0 0 0 0 0 0 0 0 0 0 0 0 0 0 0 0 0 0 0 0 0 0 0 0 0 0 0 0 0 0 0 0 0 20 0 0 0 0 0 0 0 0 0 0 0 0 0 0 0 0 0 0 0 26 0 0 0 0 0 0 13 0 0 0 0 0 0 84 0 0 0 0 0 0 0 0 0 0 0 0 0 0 0 0 0 0 0 0 0 0 0 0 0 0 0 0 0 0 32 0 0 0 0 0 0 0 0 0 0 0 0 0 0 0 0 0 0 0 0 0 0 163 0 0 0 0 0 0 26 0 0 0 0 0 0 0 0 0 20 0 0 0 0 0 0 0 0 0 0 0 0 0 0 0 0 0 0 0 0 0 0 
1633 0 0 0 124 16 0 0 0 0 20 0 0 0 478 0 0 0 0 0 64 0 259 1552 174 0 32 0 0 0 342 0 0 0 581 0 0 0 26 285 32 0 0 0 0 0 0 77 32 112 20 0 0 0 0 0 0 220 0 0 143 0 0 0 0 0 216 0 0 0 13 0 0 80 0 0 537 168 0 0 0 100 681 1168 26 0 0 0 0 0 1844 281 40 0 91 122 0 0 26 100 212 0 128 100 138 172 0 0 0 40 26 296 100 0 20 215 26 1539 126 341 100 494 0 26 113 64 0 51 72 0 0 40 0 0 0 0 0 0 0 0 0 0 0 0 40 0 0 0 183 39 0 64 78 66 945 4280 243 51 80 0 0 0 980 681 0 180 130 116 0 0 0 1321 0 32 0 0 0 0 73 0 160 393 26 32 0 0 0 0 184 0 334 64 0 0 0 0 128 0 0 0 184 0 0 0 0 137 709 0 132 83 0 
1546 0 0 0 0 0 0 0 0 0 0 0 0 0 141 0 0 0 0 0 0 0 425 1734 0 500 100 0 26 0 289 0 0 0 271 20 0 0 0 34 0 32 0 0 0 0 0 100 51 72 0 77 0 0 0 0 0 0 26 0 163 0 0 0 0 0 0 0 0 0 0 0 0 0 0 0 263 85 0 0 0 0 0 279 0 0 0 0 0 20 599 140 0 16 32 0 0 0 0 0 26 0 20 51 121 32 0 0 0 0 0 20 0 64 0 120 0 1113 0 135 0 451 0 0 144 202 0 100 136 0 0 0 40 0 0 0 0 0 0 0 57 0 0 0 0 0 0 0 100 200 0 0 20 40 304 3843 94 0 51 0 0 0 147 666 0 0 0 0 0 0 0 483 0 0 0 0 0 0 80 0 32 104 0 0 0 0 0 0 0 0 26 0 80 0 0 0 651 0 0 0 96 0 0 0 0 40 339 0 0 0 0 
168 0 0 0 0 0 0 0 0 0 0 0 0 0 32 0 0 0 0 0 0 0 0 106 13 26 0 0 160 0 57 0 0 0 40 0 0 0 0 0 0 0 0 0 0 0 0 0 0 40 80 0 0 0 0 0 0 0 0 0 104 0 0 0 32 0 0 0 0 0 0 0 0 0 0 0 80 64 0 0 0 0 0 318 0 0 0 0 0 16 157 0 0 0 92 0 0 0 0 64 0 0 0 0 0 0 0 0 0 0 0 13 0 0 0 0 0 260 0 0 0 51 0 0 0 0 0 0 20 0 0 0 0 0 0 0 0 0 0 0 0 0 0 0 0 51 0 0 0 0 0 0 13 0 153 168 0 0 0 0 0 0 64 0 0 0 0 64 0 0 0 195 0 0 0 0 0 0 0 0 0 0 0 0 0 0 0 0 51 0 32 0 0 0 0 0 32 0 0 0 0 0 0 0 0 0 16 0 0 65 0 
32 0 0 0 96 0 0 0 0 0 0 0 0 0 0 0 0 0 0 0 0 0 0 104 0 0 0 0 0 0 0 0 0 0 0 0 0 0 0 0 0 0 0 0 0 0 0 0 0 0 0 26 0 0 0 0 0 0 0 0 0 0 0 0 0 0 0 0 0 0 0 0 0 0 0 0 0 0 0 0 0 0 83 32 0 0 0 0 0 0 16 0 0 0 0 0 0 0 0 0 0 0 0 0 0 20 0 0 0 0 0 0 0 0 0 0 0 0 0 0 0 0 0 0 0 0 0 0 0 0 0 0 0 0 0 0 0 0 0 0 0 0 0 0 0 0 0 0 0 0 0 0 0 0 0 0 0 0 0 0 0 0 26 0 0 0 0 0 0 0 0 80 0 0 0 0 0 0 0 0 0 80 0 0 0 0 0 0 0 0 0 0 0 0 0 0 64 0 0 0 0 0 0 0 0 0 0 0 0 0 0 
0 0 0 0 0 0 0 0 0 0 0 0 0 0 0 0 0 0 0 0 0 0 0 0 0 0 0 0 0 0 0 0 0 0 0 0 0 0 0 0 0 0 0 0 0 0 0 0 0 0 0 0 0 0 0 0 0 0 0 0 0 0 0 0 0 0 0 0 0 0 0 0 0 0 0 0 0 0 0 0 0 0 0 0 0 0 0 0 0 0 0 0 0 0 0 0 0 0 0 0 0 0 0 0 0 0 0 0 0 0 0 0 0 0 0 0 0 0 0 0 0 0 0 0 0 0 0 0 0 0 0 0 0 0 0 0 0 0 0 0 0 0 0 0 0 0 0 0 0 0 0 0 0 0 0 0 0 0 0 0 0 0 0 0 0 0 0 0 0 0 0 0 0 0 0 0 0 0 0 0 0 0 0 0 0 0 0 0 0 0 0 0 0 0 0 0 0 0 0 0 0 0 0 0 0 0 0 0 0 0 0 
32 0 0 0 0 0 0 0 0 0 0 0 0 0 0 0 0 0 0 0 0 0 0 131 0 0 0 0 0 0 64 0 0 0 140 0 0 0 0 26 100 0 0 200 0 0 0 0 0 0 0 0 0 0 0 0 0 16 0 0 0 0 0 0 0 0 0 0 0 0 0 0 0 0 0 0 0 0 0 0 0 0 0 0 0 0 0 0 0 0 256 0 0 0 0 26 0 0 0 0 0 0 0 0 0 0 0 0 0 0 0 0 0 0 0 0 0 20 0 64 0 13 0 0 0 0 0 0 0 0 40 0 0 0 0 0 0 0 0 0 0 0 0 0 0 0 0 0 0 16 0 0 0 0 0 131 0 0 0 0 0 100 0 0 0 0 0 0 0 0 0 326 0 0 0 0 0 0 0 0 0 40 0 0 0 0 0 0 0 0 0 0 0 0 0 0 0 0 0 0 0 0 0 0 0 0 0 0 0 0 0 
0 0 0 0 0 0 0 0 0 0 0 0 0 0 0 0 0 0 0 0 0 0 0 0 0 0 0 0 0 0 0 0 0 0 0 0 0 0 0 0 0 0 0 0 0 0 0 0 0 0 0 0 0 0 0 0 0 0 0 0 0 0 0 0 0 0 0 0 0 0 0 0 0 0 0 0 0 0 0 0 0 0 0 0 0 0 0 0 0 0 0 0 0 0 0 0 0 0 0 0 0 0 0 0 0 0 0 0 0 0 0 0 0 0 0 0 0 0 0 0 0 0 0 0 0 0 0 0 0 0 0 0 0 0 0 0 0 0 0 0 0 0 0 0 0 0 0 0 0 0 0 0 0 0 0 0 0 0 0 0 0 0 0 0 0 0 0 0 0 0 0 0 0 0 0 0 0 0 0 0 0 0 0 0 0 0 0 0 0 0 0 0 0 0 0 0 0 0 0 0 0 0 0 0 0 0 0 0 0 0 0 
0 0 0 0 0 0 0 0 0 0 0 0 0 0 0 0 0 0 0 0 0 0 0 32 0 0 0 0 0 0 0 0 0 0 0 0 0 0 0 0 0 0 0 0 0 0 0 0 0 0 0 0 0 0 0 0 0 0 0 0 0 0 0 0 0 0 0 0 0 0 0 0 0 0 0 0 0 0 0 0 0 0 0 0 0 0 0 0 0 0 0 0 0 0 0 0 0 0 0 0 0 0 0 0 0 0 0 0 0 0 0 26 0 0 0 0 0 0 0 0 0 40 0 0 0 0 0 0 0 0 0 0 0 0 0 0 0 0 0 0 0 0 0 0 0 0 0 0 0 0 0 0 0 0 0 80 0 0 0 0 0 0 0 0 0 0 0 0 0 0 0 0 0 0 0 0 0 0 0 0 0 0 0 0 0 0 0 0 0 0 100 0 0 0 0 0 0 0 0 0 0 0 0 0 0 0 0 0 0 0 0 
0 0 0 0 0 0 0 0 0 0 0 0 0 0 0 0 0 0 0 0 0 0 0 0 0 0 0 0 0 0 0 0 0 0 0 0 0 0 0 0 0 0 0 0 0 0 0 0 0 0 0 0 0 0 0 0 0 64 0 0 0 0 0 0 0 0 0 0 0 0 0 0 0 0 0 0 0 0 0 0 0 0 0 0 0 0 0 0 0 0 0 0 0 0 0 0 0 0 0 0 0 0 40 0 0 0 0 0 0 0 0 51 0 0 0 0 0 0 0 0 0 0 0 0 0 0 0 0 0 0 0 0 0 0 0 0 0 0 0 0 0 0 0 0 0 0 0 0 0 0 0 0 0 16 100 0 0 0 0 0 0 0 0 0 0 0 0 0 0 0 0 26 0 0 0 0 0 0 0 0 0 0 0 0 0 0 0 0 0 0 0 0 0 0 0 0 0 0 0 0 0 0 0 0 0 0 0 0 0 0 0 
199 0 0 0 0 0 0 0 0 0 0 0 0 0 0 0 0 0 0 0 0 0 40 134 0 186 77 0 112 0 51 0 0 0 51 80 0 0 0 0 20 0 0 0 0 0 0 0 184 92 0 0 0 0 0 0 0 20 0 0 0 0 0 0 0 0 26 0 0 0 0 0 0 0 0 0 0 58 0 0 0 0 32 226 0 0 0 0 0 0 744 0 0 0 65 64 0 0 0 0 16 0 144 0 51 40 0 0 0 0 0 397 0 0 0 240 0 346 40 123 0 116 0 0 0 0 0 112 80 26 40 0 0 0 0 0 0 0 0 0 0 0 0 0 0 0 0 0 154 0 0 0 20 32 135 738 80 0 51 0 0 0 112 46 0 0 40 0 0 0 0 441 0 0 0 0 0 0 0 0 77 64 0 0 0 0 0 0 40 0 80 0 0 0 0 0 0 0 0 0 16 0 0 0 0 64 53 0 0 67 0 
0 0 0 0 0 0 0 0 0 0 0 0 0 0 0 0 0 0 0 0 0 0 0 0 0 0 0 0 0 0 0 0 0 0 0 0 0 0 0 0 0 0 0 0 0 0 0 0 0 0 0 0 0 0 0 0 0 0 0 0 0 0 0 0 0 0 0 0 0 0 0 0 0 0 0 0 0 0 0 0 0 0 0 0 0 0 0 0 0 0 0 0 0 0 0 0 0 0 0 0 0 0 0 0 0 0 0 0 0 0 0 0 0 0 0 0 0 0 0 0 0 0 0 0 0 0 0 0 0 0 0 0 0 0 0 0 0 0 0 0 0 0 0 0 0 0 0 0 0 0 0 0 0 0 0 64 0 0 0 0 0 0 0 0 0 0 0 0 0 0 0 100 0 0 0 0 0 0 0 0 0 0 0 0 0 0 0 0 0 0 0 0 0 0 0 0 0 0 0 0 0 0 0 0 0 0 0 0 0 0 0 
0 0 0 0 0 0 0 0 0 0 0 0 0 0 0 0 0 0 0 0 0 0 0 0 0 0 0 0 0 0 0 0 0 0 0 0 0 0 0 0 0 0 0 0 0 0 0 0 0 0 0 0 0 0 0 0 0 0 0 0 0 0 0 0 0 0 0 0 0 0 0 0 0 0 0 0 0 0 0 0 0 0 0 0 0 0 0 0 0 0 0 0 0 0 0 0 0 0 0 0 0 0 0 0 0 0 0 0 0 0 0 0 0 0 0 0 0 0 0 0 0 0 0 0 0 0 0 0 0 0 0 0 0 0 0 0 0 0 0 0 0 0 0 0 0 0 0 0 0 0 0 0 0 0 0 0 0 0 0 0 0 0 0 0 0 0 0 0 0 0 0 0 0 0 0 0 0 0 0 0 0 0 0 0 0 0 0 0 0 0 0 0 0 0 0 0 0 0 0 0 0 0 0 0 0 0 0 0 0 0 0 
574 0 0 0 0 0 0 0 0 0 0 20 0 0 340 0 0 0 0 0 0 0 0 1039 0 0 0 0 0 0 125 0 0 0 527 0 0 0 0 332 0 151 0 0 0 0 0 0 0 113 0 0 0 0 0 0 0 32 0 0 0 0 0 0 0 0 16 0 0 80 0 0 0 0 0 0 172 100 0 0 0 0 49 589 0 0 0 0 0 326 199 353 0 0 100 33 0 0 0 0 51 0 0 0 0 0 0 0 0 0 0 0 0 0 0 0 0 277 0 304 64 275 0 64 151 0 0 0 64 20 51 0 0 0 0 0 0 0 0 0 26 0 0 0 0 0 0 0 0 0 0 0 0 0 142 1904 295 0 0 0 0 0 0 0 0 0 0 0 0 0 20 587 0 0 0 0 0 0 0 0 118 683 0 0 0 0 0 0 32 0 151 0 0 0 0 0 33 0 0 0 0 0 0 0 0 0 444 0 0 0 0 
0 0 0 0 0 0 0 0 0 0 0 0 0 0 0 0 0 0 0 0 0 0 0 40 0 0 0 0 20 0 0 0 0 0 0 0 0 0 0 0 0 0 0 0 0 0 0 0 0 0 0 0 0 0 0 0 0 0 0 0 0 0 0 0 0 0 0 0 0 0 0 0 0 0 0 0 0 0 0 0 0 0 26 0 0 0 0 0 0 0 0 80 0 0 0 0 0 0 0 0 0 0 0 0 0 0 0 0 0 0 0 0 0 0 0 0 0 0 0 0 0 0 0 0 0 0 0 0 0 0 0 0 0 0 0 0 0 0 0 0 0 0 0 0 0 0 0 0 0 0 0 0 0 0 0 0 0 0 0 0 0 0 0 0 0 0 0 0 0 0 0 113 0 0 0 0 0 0 0 0 0 0 0 0 0 0 0 0 0 0 0 0 0 0 0 0 0 0 0 0 0 0 0 0 0 0 0 0 0 0 0 
13 0 0 0 0 0 0 0 0 0 0 0 0 0 0 0 0 0 0 0 0 0 0 0 0 0 0 0 0 0 0 0 0 0 0 0 0 0 0 0 0 0 0 0 0 0 0 0 0 0 0 0 0 0 0 0 0 0 0 0 0 0 0 0 0 0 0 0 0 0 0 0 0 0 0 0 0 0 0 0 0 0 0 51 0 0 0 0 0 0 0 0 0 0 16 0 0 0 0 0 0 0 0 0 0 0 0 0 0 0 0 0 0 0 0 0 0 64 0 0 0 0 0 0 0 0 0 0 0 0 0 0 0 0 0 0 0 0 0 0 0 0 0 0 0 0 0 0 0 0 0 0 0 0 40 100 0 0 0 0 0 0 0 51 0 0 0 0 0 0 0 0 0 0 0 0 0 0 0 0 0 0 0 0 0 0 0 0 0 0 0 0 0 0 0 0 0 0 0 0 0 0 0 0 0 0 0 0 0 0 0 
304 0 0 0 0 0 0 0 0 0 0 40 0 0 0 0 0 0 0 0 0 0 0 124 0 0 0 0 0 0 72 0 0 0 132 0 0 0 0 0 0 0 0 0 0 0 0 0 0 0 32 0 0 0 0 0 0 0 0 0 0 0 0 0 0 0 0 0 0 0 0 0 0 40 0 0 0 0 0 0 0 0 16 51 0 0 0 0 0 20 0 32 0 0 0 64 0 0 0 0 0 0 0 0 0 0 0 0 0 0 40 0 0 0 0 0 0 133 13 16 0 100 0 0 0 900 0 0 0 0 0 0 0 0 0 0 0 0 0 0 0 0 0 0 0 0 0 0 26 0 0 0 0 0 20 240 46 0 0 0 0 0 54 0 0 0 0 0 0 0 0 39 0 0 0 0 0 0 80 0 67 100 0 0 0 0 0 0 0 0 0 0 40 0 0 0 0 0 0 0 0 0 0 0 0 0 160 0 0 0 0 
0 0 0 0 0 0 0 0 0 0 0 0 0 0 0 0 0 0 0 0 0 0 0 40 0 0 0 0 0 0 0 0 0 0 0 0 0 0 0 0 0 0 0 0 0 0 0 0 0 0 0 0 0 0 0 0 0 0 0 0 0 0 0 0 0 0 16 0 0 0 0 0 0 0 0 0 0 0 0 0 0 0 0 100 0 0 0 0 0 0 0 0 0 0 0 0 0 0 0 0 0 0 0 0 0 0 0 0 0 0 0 0 0 0 0 0 0 80 0 0 0 0 0 0 32 0 0 0 0 0 0 0 0 0 0 0 0 0 0 0 0 0 0 0 0 0 0 0 0 0 0 0 0 0 0 64 0 0 0 0 0 0 0 0 0 0 0 0 0 0 0 0 0 0 0 0 0 0 0 0 0 0 0 0 0 0 0 0 0 0 0 0 0 0 0 0 0 0 0 0 0 0 0 0 0 0 20 0 0 0 0 
144 0 0 0 0 0 0 0 0 0 0 0 0 0 0 0 0 0 0 0 0 0 0 355 0 0 0 0 93 0 0 0 0 0 0 0 0 0 0 0 0 0 0 0 0 0 0 0 97 180 20 0 0 0 0 0 0 0 0 0 0 0 0 0 0 72 0 0 0 0 0 0 0 0 0 0 571 100 0 0 0 0 0 129 0 0 0 0 0 0 235 64 0 0 0 0 0 0 0 0 0 0 0 0 0 0 0 0 0 0 0 0 112 0 0 51 0 213 20 26 0 115 0 0 0 16 0 0 13 0 0 0 0 0 0 0 0 0 0 0 0 0 0 0 0 0 0 0 20 0 0 0 80 0 406 443 0 0 0 0 0 0 0 34 0 32 0 0 0 0 0 551 0 0 0 0 0 0 0 0 0 0 0 0 0 0 0 0 0 0 0 0 0 0 0 0 0 0 0 0 0 0 0 0 26 0 32 0 0 0 0 
257 0 0 0 51 80 0 0 0 0 32 0 0 0 0 0 0 13 0 0 80 0 0 469 0 0 0 0 0 0 104 80 0 0 0 80 0 0 0 0 0 46 0 0 0 0 0 0 0 0 13 0 0 0 0 0 0 0 0 0 0 0 0 0 0 51 51 0 0 40 0 0 0 0 0 0 20 77 0 0 0 0 32 330 0 0 0 0 0 0 160 26 77 0 114 42 0 0 0 0 0 0 0 0 0 0 0 0 0 0 0 0 0 0 0 0 0 521 51 127 0 900 0 0 156 0 0 0 20 0 0 200 0 0 0 0 0 0 0 0 32 0 0 0 0 13 0 0 46 0 0 0 0 0 138 530 128 16 0 0 0 0 80 20 0 0 0 51 0 0 0 162 0 0 0 0 0 0 0 0 32 0 0 0 0 0 0 0 0 0 120 0 80 0 0 80 84 0 0 0 80 0 0 0 0 0 217 72 20 0 0 
0 0 0 0 40 0 0 0 0 0 0 0 0 0 0 0 0 0 0 0 0 0 0 92 0 0 0 0 0 0 0 0 0 0 0 0 0 0 0 0 0 0 0 0 0 0 0 0 90 0 0 0 0 0 0 0 0 0 0 0 0 0 0 0 0 0 0 0 0 0 0 0 0 0 0 0 0 0 0 0 0 0 0 0 0 0 0 0 0 0 32 0 0 0 0 0 0 0 0 0 0 0 0 0 0 26 0 0 0 0 0 0 20 0 0 0 0 0 0 0 0 0 0 0 13 0 0 0 0 0 0 0 0 0 0 0 0 0 0 0 0 0 0 0 0 0 0 0 0 0 0 80 0 0 80 131 0 64 0 0 0 0 58 0 0 0 0 0 0 0 0 77 0 0 0 0 0 0 0 0 0 26 0 0 0 0 0 0 0 0 0 0 0 0 0 0 0 0 0 0 0 0 0 0 0 0 0 0 0 0 0 
0 0 0 0 0 0 0 0 0 0 0 0 0 0 0 0 0 0 0 0 0 0 0 0 0 0 0 0 0 0 0 0 0 0 0 0 0 0 0 0 0 0 0 0 0 0 0 0 0 0 0 0 0 0 0 0 0 0 0 0 0 0 0 0 0 0 0 0 0 0 0 0 0 0 0 0 0 0 0 0 0 0 0 0 0 0 0 0 0 0 0 0 0 0 0 0 0 0 0 0 0 0 0 0 0 0 0 0 0 0 0 0 0 0 0 0 0 0 0 0 0 0 0 0 0 0 0 0 0 0 0 0 0 0 0 0 0 0 0 0 0 0 0 0 0 0 0 0 0 0 0 0 0 0 0 0 0 0 0 0 0 0 0 0 0 0 0 0 0 0 0 0 0 0 0 0 0 0 0 0 0 0 0 0 0 0 0 0 0 0 0 0 0 0 0 0 0 0 0 0 0 0 0 0 0 0 0 0 0 0 0 
0 0 0 0 0 0 0 0 0 0 0 0 0 0 0 0 0 0 0 0 0 0 0 259 0 32 0 0 0 0 0 0 0 0 0 0 0 0 0 0 0 0 0 0 0 0 0 0 0 116 0 0 0 0 0 0 0 100 0 0 0 0 0 0 0 0 0 0 0 211 0 0 0 0 0 0 0 0 0 0 0 0 0 46 0 0 0 0 0 0 0 106 0 0 0 0 0 0 0 0 80 0 0 0 0 0 0 0 0 0 0 0 0 0 0 0 0 40 0 0 0 100 0 0 20 0 0 0 0 0 0 0 0 0 0 0 0 0 0 0 0 0 0 0 0 0 0 0 64 0 0 0 0 0 140 131 0 0 0 0 0 0 0 0 0 0 0 0 0 0 0 64 0 0 0 0 0 0 0 0 0 0 0 0 0 0 0 0 0 0 0 0 0 0 0 0 0 0 0 0 0 0 0 0 0 0 0 100 0 0 0 
0 0 0 0 0 0 0 0 0 0 0 0 0 0 0 0 0 0 0 0 0 0 0 64 0 0 0 0 0 0 0 0 0 0 0 0 0 0 0 0 0 0 0 0 0 0 0 0 0 0 0 0 0 0 0 0 0 0 0 0 0 0 0 0 0 0 0 0 0 0 0 0 0 0 0 0 0 0 0 0 0 0 0 0 0 0 0 0 0 0 80 0 0 0 0 0 0 0 0 0 0 0 0 0 0 0 0 0 0 0 0 0 0 0 0 0 0 0 0 16 0 0 0 0 0 0 0 0 0 0 0 0 0 0 0 0 0 0 0 0 0 0 0 0 0 0 0 0 13 0 0 0 0 0 140 126 0 0 0 0 0 0 0 0 0 0 0 0 0 0 0 0 0 0 0 0 0 0 0 0 0 0 0 0 0 0 0 0 0 0 0 0 0 0 0 0 0 0 0 0 0 0 0 0 0 0 0 0 0 0 0 
0 0 0 0 0 0 0 0 0 0 0 0 0 0 0 0 0 0 0 0 0 0 0 0 0 0 0 0 0 0 0 0 0 0 0 0 0 0 0 0 0 0 0 0 0 0 0 0 0 0 0 0 0 0 0 0 0 0 0 0 0 0 0 0 0 0 0 0 0 0 0 0 0 0 0 0 0 0 0 0 0 0 0 0 0 0 0 0 0 0 0 0 0 0 0 0 0 0 0 0 0 0 0 0 0 0 0 0 0 0 0 0 0 0 0 0 0 0 0 0 0 0 0 0 0 0 0 0 0 0 0 0 0 0 0 0 0 0 0 0 0 0 0 0 0 0 0 0 0 0 0 0 0 0 0 0 0 0 0 0 0 0 0 0 0 0 0 0 0 0 0 0 0 0 0 0 0 0 0 0 0 0 0 0 0 0 0 0 0 0 0 0 0 0 0 0 0 0 0 0 0 0 0 0 0 0 0 0 0 0 0 
0 0 0 0 0 0 0 0 0 0 0 0 0 0 0 0 0 0 0 0 0 0 0 0 0 0 0 0 0 0 0 0 0 0 0 0 0 0 0 0 0 0 0 0 0 0 0 0 0 0 0 0 0 0 0 0 0 0 0 0 0 0 0 0 0 0 0 0 0 0 0 0 0 0 0 0 0 0 0 0 0 0 0 0 0 0 0 0 0 0 0 0 0 0 0 0 0 0 0 0 0 0 0 0 0 0 0 0 0 0 0 0 0 0 0 0 0 0 0 0 0 0 0 0 0 0 0 0 0 0 0 0 0 0 0 0 0 0 0 0 0 0 0 0 0 0 0 0 0 0 0 0 0 0 0 0 0 0 0 0 0 0 0 0 0 0 0 0 0 0 0 0 0 0 0 0 0 0 0 0 0 0 0 0 0 0 0 0 0 0 0 0 0 0 0 0 0 0 0 0 0 0 0 0 0 0 0 0 0 0 0 
26 0 0 0 0 0 0 0 0 0 0 0 0 0 0 0 0 0 0 0 0 0 0 47 0 0 0 0 0 0 0 0 0 0 0 0 0 0 0 0 0 0 0 0 0 0 0 0 0 0 0 0 0 0 0 0 0 0 0 0 0 0 0 0 0 0 0 0 0 0 0 0 0 0 0 0 0 32 0 0 0 0 0 16 0 0 0 0 0 0 26 0 0 0 160 0 0 0 0 0 0 0 0 0 0 0 0 0 0 0 0 0 0 0 0 0 0 260 0 51 0 0 0 0 0 0 0 0 0 0 0 0 0 0 0 0 0 0 0 0 0 0 0 0 0 0 0 0 0 0 0 0 0 0 0 0 40 0 0 0 0 64 0 0 0 0 0 0 0 0 0 121 0 0 0 0 0 0 0 0 0 0 80 0 0 0 0 0 0 0 0 0 0 0 0 0 0 0 0 0 0 0 0 0 0 0 0 0 0 100 0 
0 0 0 0 0 0 0 0 0 0 0 0 0 0 0 0 0 0 0 0 0 0 0 0 0 0 0 0 0 0 0 0 0 0 0 0 0 0 0 0 0 0 0 0 0 0 0 0 0 0 0 0 0 0 0 0 0 0 0 0 0 0 0 0 0 0 0 0 0 0 0 0 0 0 0 0 0 0 0 0 0 0 0 0 0 0 0 0 0 0 0 0 0 0 0 0 0 0 0 0 0 0 0 0 0 0 0 0 0 0 0 0 0 0 0 0 0 0 0 0 0 0 0 0 0 0 0 0 0 0 0 0 0 0 0 0 0 0 0 0 0 0 0 0 0 0 0 0 0 0 0 0 0 0 0 0 0 0 0 0 0 0 0 0 0 0 0 0 0 0 0 0 0 0 0 0 0 0 0 0 0 0 0 0 0 0 0 0 0 0 0 0 0 0 0 0 0 0 0 0 0 0 0 0 0 0 0 0 0 0 0 
0 0 0 0 0 0 0 0 0 0 0 0 0 0 0 0 0 0 0 0 0 0 0 0 0 0 0 0 0 0 0 0 0 0 0 0 0 0 0 0 0 0 0 0 0 0 0 0 0 0 0 0 0 0 0 0 0 0 0 0 0 0 0 0 0 0 0 0 0 0 0 0 0 0 0 0 0 0 0 0 0 0 0 0 0 0 0 0 0 0 0 0 0 0 0 0 0 0 0 0 0 0 0 0 0 0 0 0 0 0 0 0 0 0 0 0 0 26 0 0 0 0 0 0 0 0 0 0 0 0 0 0 0 0 0 0 0 0 0 0 0 0 0 0 0 0 0 0 0 0 0 0 0 0 0 161 0 0 0 0 0 0 0 0 0 0 0 0 0 0 0 0 0 0 0 0 0 0 0 0 0 51 0 0 0 0 0 0 0 0 0 0 0 0 0 0 0 0 0 0 0 0 0 0 0 0 0 0 0 0 0 
2912 0 0 0 84 0 0 0 0 0 0 0 0 0 218 0 0 0 0 0 16 0 417 2149 200 52 20 0 564 0 347 0 0 0 258 32 0 0 0 106 0 0 0 40 0 33 0 0 153 218 0 0 0 0 0 0 0 0 0 0 40 0 0 100 0 110 90 100 0 0 0 0 0 40 0 0 191 123 0 0 0 0 162 820 0 0 0 0 0 108 1679 295 0 0 195 178 0 0 464 0 32 0 64 13 90 64 0 0 64 0 0 204 100 0 40 134 0 1099 13 512 132 184 0 0 80 20 0 0 32 0 0 77 64 0 0 0 0 0 0 0 0 0 0 80 0 13 0 0 357 164 0 0 272 73 1054 5585 506 51 0 0 0 120 437 895 0 0 100 114 0 0 0 1678 0 0 26 0 0 0 0 0 148 272 113 112 0 0 0 0 70 0 51 26 0 0 0 0 298 0 0 0 212 0 0 0 0 20 502 0 84 230 0 
549 0 0 0 0 0 0 0 0 0 0 0 0 0 40 0 0 0 0 0 0 0 177 1116 80 100 0 0 0 0 329 0 0 0 83 0 0 0 0 13 184 0 0 0 0 100 0 0 144 206 0 0 0 0 0 0 0 0 0 0 0 64 0 0 0 0 100 0 0 32 0 0 0 0 0 0 64 140 0 0 0 64 54 382 0 80 0 0 0 26 548 195 0 0 20 26 0 0 0 64 96 0 0 0 0 0 0 0 0 26 100 80 0 20 0 0 0 973 100 241 0 151 0 0 83 116 0 0 26 0 100 80 0 0 0 0 0 0 0 0 32 0 0 0 26 0 0 0 0 0 0 26 132 0 452 3779 100 0 32 0 0 0 227 100 0 0 0 0 0 0 0 901 0 13 100 0 0 0 0 0 32 67 34 0 0 0 0 0 216 0 96 0 0 0 0 0 500 0 13 0 156 0 0 0 0 64 90 0 51 117 0 
51 0 0 0 0 0 0 0 0 0 0 0 0 0 0 0 0 0 0 0 0 0 0 13 0 0 0 0 0 0 0 0 0 0 0 0 0 0 0 0 0 0 0 0 0 0 0 0 0 0 0 0 0 0 0 0 0 0 0 0 0 0 0 0 0 0 0 0 0 0 0 0 0 0 0 0 80 0 0 0 0 0 0 0 0 0 0 0 0 0 0 0 0 0 0 0 0 0 64 0 0 0 0 0 0 0 0 0 0 0 20 0 0 0 0 0 0 147 0 0 0 64 0 0 0 0 0 0 0 0 0 0 0 0 0 0 80 0 0 0 0 0 0 0 0 0 0 0 0 0 0 80 0 0 0 0 67 0 0 0 0 0 0 0 0 0 0 0 0 0 0 100 0 0 0 0 0 0 0 0 0 0 100 0 0 0 0 0 80 0 0 0 0 0 0 0 0 0 0 0 0 0 0 0 0 0 0 0 0 64 0 
0 0 0 0 0 0 0 0 0 0 0 0 0 0 0 0 0 0 0 0 0 0 0 39 0 0 0 0 0 0 0 0 0 0 0 0 0 0 0 0 0 0 0 0 0 0 0 0 0 0 0 0 0 0 0 0 0 0 0 0 0 0 0 0 0 0 0 0 0 0 0 0 0 0 0 0 0 0 0 0 0 0 0 0 0 0 0 0 0 0 0 40 0 0 0 0 0 0 0 0 0 0 0 0 0 0 0 0 0 0 0 0 0 0 0 0 0 213 0 0 0 0 0 0 0 0 0 0 0 0 0 0 0 0 0 0 0 0 0 0 0 0 0 0 0 0 0 0 0 0 0 0 0 0 0 0 0 0 0 0 0 0 0 0 0 0 0 0 0 0 0 51 0 0 0 0 0 0 0 0 0 0 0 0 0 0 0 0 0 0 0 0 0 0 0 0 0 0 0 0 0 0 0 0 0 0 0 0 0 0 0 
0 0 0 0 0 0 0 0 0 0 0 0 0 0 0 0 0 0 0 0 0 0 0 0 0 0 0 0 0 0 0 0 0 0 0 0 0 0 0 0 0 0 0 0 0 0 0 0 0 0 0 0 0 0 0 0 0 0 0 0 0 0 0 0 0 0 0 0 0 0 0 0 0 0 0 0 0 0 0 0 0 0 0 0 0 0 0 0 0 0 0 0 0 0 0 0 0 0 0 0 0 0 0 0 0 0 0 0 0 0 0 0 0 0 0 0 0 0 0 0 0 0 0 0 0 0 0 0 0 0 0 0 0 0 0 0 0 0 0 0 0 0 0 0 0 0 0 0 0 0 0 0 0 0 0 0 0 0 0 0 0 0 0 0 0 0 0 0 0 0 0 0 0 0 0 0 0 0 0 0 0 0 0 0 0 0 0 0 0 0 0 0 0 0 0 0 0 0 0 0 0 0 0 0 0 0 0 0 0 0 0 
0 0 0 0 0 0 0 0 0 0 0 0 0 0 0 0 0 0 0 0 0 0 0 126 26 0 0 0 0 0 204 0 0 0 0 0 0 0 0 0 0 0 0 0 0 0 0 0 0 0 0 0 0 0 0 0 0 0 0 0 0 0 0 0 0 0 0 0 0 0 0 0 0 0 0 0 0 40 0 0 0 0 0 0 0 0 0 0 0 0 0 0 0 0 0 0 0 0 0 0 0 0 0 0 0 0 0 0 0 0 0 0 0 0 0 13 0 0 0 0 0 32 0 0 26 0 0 0 0 0 0 51 0 0 0 0 0 0 0 0 0 0 0 0 0 0 0 0 0 0 0 0 0 0 0 0 0 0 0 0 0 0 0 0 0 0 0 0 0 0 0 64 0 0 0 0 0 0 0 0 0 0 0 0 0 0 0 0 0 0 0 80 0 0 0 0 0 0 0 0 0 0 0 0 0 0 0 0 0 49 0 
607 0 0 0 0 0 0 0 0 0 59 40 0 0 247 0 0 0 0 0 0 0 13 393 54 242 200 0 120 0 87 0 0 0 34 40 0 0 0 26 0 0 0 32 0 40 0 0 32 333 387 0 0 40 0 0 0 704 0 0 0 0 0 100 0 77 16 0 0 0 0 0 0 0 0 0 335 164 51 0 0 0 20 588 0 0 0 0 100 0 1579 420 0 32 64 64 0 0 112 0 80 0 30 0 40 72 0 0 0 0 0 64 0 20 0 0 0 419 67 73 0 135 0 0 104 96 0 51 0 0 20 0 64 0 0 0 0 0 0 0 0 0 0 0 0 100 0 0 202 100 26 0 132 0 499 1504 0 0 20 0 0 200 754 200 0 0 0 0 0 0 0 946 0 0 0 0 0 0 0 0 100 0 46 51 0 0 0 0 131 0 13 0 0 0 0 0 20 0 0 0 20 0 0 0 0 203 177 0 26 110 0 
7031 0 0 0 291 65 0 0 0 0 201 64 0 0 876 51 0 0 0 0 161 0 799 5995 482 610 0 0 0 0 1069 0 0 0 771 26 0 0 64 64 113 51 0 0 0 40 106 100 394 947 182 0 0 13 0 0 0 104 0 0 88 0 0 222 51 0 386 0 0 142 0 0 0 0 0 0 857 478 20 0 0 0 407 1080 300 81 32 0 0 132 2377 1693 157 272 265 536 0 0 122 53 34 0 313 96 16 80 40 140 0 0 80 115 0 0 112 32 0 5022 112 479 72 879 0 0 729 209 32 146 455 128 142 160 160 0 0 0 0 0 0 0 228 51 0 120 51 96 0 0 289 231 0 51 201 373 2200 20693 247 16 191 0 0 339 831 1467 0 0 182 295 0 0 32 2328 0 77 0 0 0 64 105 0 426 405 113 0 100 0 0 0 692 51 111 0 201 0 0 0 1360 0 77 0 554 0 0 0 132 20 1641 0 117 233 0 
13 0 0 0 0 0 0 0 0 0 0 0 0 0 80 0 0 0 0 0 0 0 0 83 0 0 0 0 0 0 0 0 0 0 0 0 0 0 0 0 0 0 0 0 0 0 40 0 0 0 0 0 0 0 0 0 0 0 0 0 0 0 0 0 0 0 0 0 0 0 0 0 0 0 0 0 0 0 0 0 0 0 0 0 0 0 0 0 0 0 0 32 0 0 0 0 0 0 0 0 0 0 0 0 0 0 0 0 0 0 0 0 0 0 0 0 0 300 0 0 0 0 0 0 0 0 0 0 0 0 0 0 13 0 0 0 0 0 0 0 0 0 0 0 0 0 0 0 0 0 0 0 0 16 0 80 0 0 0 0 0 0 0 0 0 0 0 0 0 0 0 0 0 0 0 0 0 0 0 0 0 0 0 0 0 0 0 0 0 0 0 0 0 0 0 0 0 0 0 0 0 0 0 0 0 0 0 0 0 0 0 
40 0 0 0 0 0 0 0 0 0 0 0 0 0 0 0 0 0 0 0 0 0 0 100 0 0 0 0 0 0 0 0 0 0 0 0 0 0 0 0 0 0 0 0 0 0 0 0 0 0 0 0 0 0 0 0 0 0 0 0 0 0 0 0 0 0 0 0 0 0 0 0 0 0 0 0 0 0 0 0 0 0 0 0 0 0 0 0 0 0 0 0 0 0 0 0 0 0 0 0 0 0 0 0 0 0 0 0 0 0 0 0 0 0 0 0 0 0 0 0 0 0 0 0 0 0 0 0 0 0 0 0 0 0 0 0 0 0 0 0 0 0 0 0 0 0 0 0 0 0 0 0 0 0 100 0 0 0 0 0 0 0 0 0 0 0 0 0 0 0 0 51 0 0 0 0 0 0 0 0 0 0 0 0 0 0 0 0 0 0 0 0 0 0 0 0 0 0 0 0 0 0 0 0 0 0 0 0 0 0 0 
64 0 0 0 0 0 0 0 0 0 0 0 0 0 0 0 0 0 0 0 0 0 0 16 0 0 0 0 0 0 0 0 0 0 0 0 0 0 0 0 0 0 0 0 0 0 0 0 0 0 0 0 0 0 0 0 0 0 0 0 0 0 0 0 0 0 0 0 0 0 0 0 0 0 0 0 0 0 0 0 0 0 0 0 0 0 0 0 0 0 0 0 0 0 0 0 0 0 0 0 0 0 0 0 0 0 0 0 0 0 0 0 0 0 0 0 0 0 0 0 0 0 0 0 0 0 0 0 0 0 0 0 0 0 0 0 0 0 0 0 0 0 0 0 0 0 0 0 0 0 0 0 0 0 0 32 0 0 0 0 0 0 0 0 0 0 0 0 0 0 0 0 0 0 0 0 0 0 0 0 0 0 0 0 0 0 0 0 0 0 0 0 0 0 0 0 100 0 0 0 0 0 0 0 0 0 0 0 0 0 0 
80 0 0 0 0 0 0 0 0 0 0 0 0 0 0 0 0 0 0 0 0 0 0 0 0 0 0 0 0 0 0 0 0 0 0 0 0 0 0 0 0 0 0 0 0 0 0 0 0 0 0 0 0 0 0 0 0 80 0 0 32 0 0 0 0 0 0 0 0 0 0 0 0 0 0 0 0 0 0 0 0 0 0 0 0 0 0 0 0 0 0 0 0 0 0 0 0 0 0 0 0 0 0 0 0 0 0 0 0 0 0 0 0 0 0 0 0 100 0 51 0 0 0 0 0 0 0 0 100 0 0 0 0 0 0 0 0 0 0 0 0 0 0 0 0 0 0 0 0 0 0 0 0 0 0 0 98 0 0 0 0 0 0 0 0 0 0 0 0 0 0 0 0 0 0 0 0 0 0 0 0 0 0 0 0 0 0 0 0 0 0 0 0 0 0 0 0 0 0 0 0 0 0 0 0 0 0 0 0 0 0 
13 0 0 0 0 0 0 0 0 0 0 0 0 0 0 0 0 0 0 0 0 0 0 32 0 0 0 0 0 0 0 0 0 0 16 0 0 0 0 0 0 0 0 40 0 0 0 0 0 16 0 0 0 51 0 0 0 0 0 0 0 0 0 0 0 0 80 0 0 0 0 0 0 0 0 0 0 0 0 0 0 0 0 0 0 0 0 0 0 0 26 16 0 0 0 0 0 0 0 0 0 0 0 0 0 0 0 0 0 0 0 0 0 0 0 0 0 400 0 0 0 0 0 0 0 0 0 0 51 0 0 0 0 0 0 0 0 0 0 0 0 0 0 0 0 0 0 0 64 0 0 0 0 0 0 0 0 0 32 0 0 0 0 0 0 0 0 0 0 0 0 0 0 0 0 0 0 0 0 0 20 0 0 0 0 0 0 0 0 0 0 0 0 0 0 0 0 0 0 0 0 0 0 0 0 0 0 0 0 16 0 
1253 0 0 0 0 64 0 0 0 0 0 0 0 0 0 0 0 0 0 0 0 0 100 535 180 0 0 0 0 0 26 0 0 0 0 0 0 0 0 201 0 64 0 0 0 0 40 0 32 32 0 0 0 0 0 0 0 26 0 0 51 0 0 0 0 0 0 0 0 0 0 0 0 0 0 0 52 0 0 0 0 0 0 77 0 0 0 0 0 32 126 16 0 0 0 100 0 0 0 0 40 0 57 80 0 0 0 0 0 0 0 32 0 0 0 20 0 911 0 16 0 132 0 0 80 0 0 0 40 0 0 64 0 0 0 0 0 0 0 0 0 0 0 0 0 40 80 0 26 0 0 0 0 32 152 3315 40 0 0 0 0 0 92 51 0 0 0 0 0 0 0 245 0 0 0 0 0 0 0 0 96 0 40 0 0 0 0 0 0 0 128 0 26 0 0 0 83 0 64 0 0 0 0 0 0 0 124 0 0 0 0 
5860 0 0 0 40 51 0 0 0 51 32 0 0 0 1122 0 0 0 0 0 32 0 725 4816 153 164 0 0 129 0 1746 0 0 0 733 64 0 0 51 513 0 106 0 100 0 40 0 32 931 634 319 0 0 0 0 0 0 352 0 0 501 20 51 0 100 486 77 0 0 0 0 0 0 0 0 0 1633 617 0 0 0 40 672 2740 0 0 0 13 0 214 1440 909 207 40 475 324 0 0 96 456 405 0 244 310 144 300 144 0 0 120 80 371 96 0 100 42 51 1581 297 839 201 446 0 0 733 216 0 20 762 0 385 47 80 0 0 0 0 0 0 0 354 80 0 51 212 453 0 100 942 26 0 80 191 215 2209 5217 258 0 180 0 0 77 489 147 0 20 20 159 0 0 0 3982 0 104 64 0 0 0 415 0 525 942 83 0 0 0 0 0 64 0 664 32 70 0 0 0 176 0 280 0 42 0 0 0 16 210 1888 26 0 1396 0 
1240 0 0 0 92 0 0 0 0 0 0 0 0 0 328 0 0 0 0 0 0 0 80 2453 0 112 0 0 32 0 758 0 0 0 120 0 0 0 0 141 0 0 64 0 0 0 0 0 13 131 13 0 0 0 0 0 0 0 0 0 136 0 0 0 0 100 100 0 0 32 0 0 0 0 0 0 211 277 0 0 0 0 292 416 32 0 0 0 0 0 780 1507 0 40 62 180 0 0 0 40 67 0 0 51 0 0 0 0 0 0 0 263 0 0 0 104 0 794 0 225 80 105 0 0 0 40 0 0 0 32 144 141 0 0 0 0 0 0 0 0 41 34 0 0 0 0 0 0 80 0 0 0 64 90 246 1413 0 0 40 0 0 13 0 0 0 16 80 0 0 0 0 1008 0 80 0 0 0 0 0 0 152 118 0 0 0 0 0 0 64 64 64 0 0 0 0 0 241 0 0 0 80 0 0 0 0 26 283 90 0 93 0 
100 0 0 0 0 0 0 0 0 0 0 0 0 0 0 0 0 0 0 0 0 0 0 88 0 0 0 0 0 0 0 0 0 0 0 0 0 0 0 0 0 0 0 0 0 0 0 0 116 26 0 0 0 0 0 0 0 0 0 0 0 0 0 0 0 0 0 0 0 0 0 0 0 0 0 0 13 0 0 0 0 0 0 220 0 0 0 0 0 0 123 64 0 0 100 80 0 0 0 0 0 0 0 0 51 0 0 0 0 0 0 0 0 0 0 40 0 0 0 0 0 0 0 0 51 0 0 0 0 0 0 0 0 0 0 0 0 0 0 0 0 0 0 0 0 0 0 0 84 0 0 0 0 0 51 32 0 0 0 0 0 0 0 0 0 0 0 0 0 0 0 0 0 0 0 0 0 0 0 0 32 0 0 0 0 0 0 0 0 0 40 0 0 0 0 0 0 0 0 0 0 0 0 0 0 0 80 0 0 40 0 
0 0 0 0 0 0 0 0 0 0 0 0 0 0 0 0 0 0 0 0 0 0 0 51 0 0 0 0 0 0 0 0 0 0 0 0 0 0 0 0 0 0 0 0 0 0 0 0 0 80 0 0 0 0 0 0 0 0 0 0 0 0 0 0 0 0 0 0 0 0 0 0 0 0 0 0 0 0 0 0 0 0 80 0 0 0 0 0 0 0 64 0 0 0 32 0 0 0 0 0 0 0 0 0 0 0 0 0 0 0 0 0 0 0 0 0 0 40 0 0 0 0 0 0 0 0 0 0 0 0 0 0 0 0 0 0 0 0 0 0 0 0 0 0 0 0 0 0 0 0 0 0 0 177 0 64 32 0 0 0 0 0 20 26 0 0 0 0 0 0 0 160 0 0 0 0 0 0 0 0 0 0 0 0 0 0 0 0 0 0 0 0 0 0 0 0 0 0 0 0 0 0 0 0 0 0 0 0 0 0 0 
1876 0 0 0 0 0 0 0 0 0 0 0 0 0 0 64 0 0 0 0 0 0 240 578 0 0 0 0 0 0 115 0 0 0 20 0 0 0 0 64 0 0 0 0 0 0 0 0 80 0 0 0 0 0 0 0 0 16 0 0 0 0 0 16 0 0 64 0 0 51 0 0 0 0 0 0 0 40 64 0 0 0 40 386 0 0 0 0 0 0 253 32 77 0 72 0 0 0 80 0 0 0 0 0 0 16 0 0 0 0 32 0 0 0 0 0 0 560 32 0 0 264 0 0 84 13 0 0 115 0 0 0 0 0 0 0 0 0 0 0 0 0 0 0 0 0 0 0 151 46 0 40 0 0 532 773 84 0 0 0 0 100 64 200 0 100 0 57 0 0 0 1049 0 32 0 0 0 0 34 0 26 80 0 0 0 0 0 0 0 0 0 0 0 0 0 0 16 0 0 0 0 0 0 0 0 0 0 0 0 0 0 
196 0 0 0 112 0 0 0 0 0 0 80 0 0 64 0 0 0 0 0 0 0 20 603 16 42 0 0 0 0 239 0 0 0 40 0 0 0 0 0 0 0 0 0 0 0 80 0 16 26 0 0 0 0 0 0 0 32 0 0 151 0 0 0 0 0 0 0 0 0 0 0 0 32 0 0 0 0 0 0 0 80 73 360 0 0 0 0 0 26 225 63 0 0 0 290 0 0 0 51 0 0 164 0 80 0 0 26 0 0 0 16 0 0 0 0 0 355 26 205 0 82 0 0 0 0 0 0 0 0 0 0 0 0 0 0 0 0 0 0 0 0 0 0 0 0 0 0 100 0 0 0 0 131 303 607 144 0 100 0 0 40 26 0 0 0 0 0 0 0 0 281 0 0 0 0 0 0 0 0 0 51 0 151 0 0 0 0 119 80 77 0 0 0 0 0 0 0 0 0 0 0 80 0 0 32 83 0 0 0 0 
0 0 0 0 0 0 0 0 0 0 0 0 0 0 0 0 0 0 0 0 0 0 0 0 0 0 0 0 0 0 0 0 0 0 0 0 0 0 0 0 0 0 0 0 0 0 0 0 0 0 0 0 0 0 0 0 0 0 0 0 0 0 0 0 0 0 0 0 0 0 0 0 0 0 0 0 0 0 0 0 0 0 0 0 0 0 0 0 0 0 0 0 0 0 0 0 0 0 0 0 0 0 0 0 0 0 0 0 0 0 0 0 0 0 0 0 0 0 0 0 0 0 0 0 0 0 0 0 0 0 0 0 0 0 0 0 0 0 0 0 0 0 0 0 0 0 0 0 0 0 0 0 0 0 0 0 0 0 0 0 0 0 0 0 0 0 0 0 0 0 0 0 0 0 0 0 0 0 0 0 0 0 0 0 0 0 0 0 0 0 0 0 0 0 0 0 0 0 0 0 0 0 0 0 0 0 0 0 0 0 0 
0 0 0 0 0 0 0 0 0 0 0 0 0 0 0 0 0 0 0 0 0 0 0 0 0 0 0 0 0 0 0 0 0 0 0 0 0 0 0 0 0 0 0 0 0 0 0 0 0 0 0 0 0 0 0 0 0 0 0 0 0 0 0 0 0 0 0 0 0 0 0 0 0 0 0 0 0 0 0 0 0 0 0 0 0 0 0 0 0 0 0 0 0 0 0 0 0 0 0 0 0 0 0 0 0 0 0 0 0 0 0 0 0 0 0 0 0 100 0 0 0 0 0 0 0 0 0 0 0 0 0 0 0 0 0 0 0 0 0 0 0 0 0 0 0 0 0 0 0 0 0 0 0 0 0 0 0 0 0 0 0 0 0 0 0 0 0 0 0 0 0 0 0 0 0 0 0 0 0 0 0 0 0 0 0 0 0 0 0 0 0 0 0 0 0 0 0 0 0 0 0 0 0 0 0 0 0 0 0 0 0 
740 0 0 0 80 0 0 0 0 0 0 0 0 0 0 0 0 0 0 0 0 0 0 336 0 0 0 0 0 0 0 0 0 0 51 0 0 0 0 0 0 0 0 0 0 0 0 0 51 16 0 0 0 0 0 0 0 0 0 0 0 0 0 0 0 0 0 0 0 0 0 0 0 0 0 0 0 80 0 0 0 0 32 141 0 0 0 0 0 0 147 0 0 0 0 100 0 0 160 0 40 0 0 20 0 0 0 0 0 0 0 0 0 0 0 0 0 98 0 0 0 0 0 0 0 0 0 0 64 0 0 0 0 0 0 0 0 0 0 0 0 0 0 0 0 51 0 0 0 13 0 0 0 0 0 0 51 0 0 0 0 20 160 0 0 0 0 0 0 0 0 73 0 0 0 0 0 0 0 0 0 0 64 0 0 0 0 0 0 0 0 0 0 0 0 0 77 0 0 0 0 0 0 0 0 0 32 0 0 132 0 
88 51 0 0 64 0 0 0 0 0 0 0 0 0 20 0 0 0 0 0 0 0 96 26 0 0 0 0 0 0 0 0 0 0 80 80 0 0 0 0 0 0 0 0 0 0 0 0 26 20 0 0 0 0 0 0 0 32 0 0 0 0 0 0 0 0 0 0 0 0 0 0 0 0 0 0 16 0 0 0 0 0 51 115 0 0 0 0 0 0 312 64 0 0 0 0 0 0 0 0 0 0 13 0 0 0 0 0 0 51 0 0 0 0 0 100 0 212 0 40 0 0 0 0 0 0 0 0 0 0 0 0 32 0 0 0 0 0 0 0 0 0 0 0 0 0 0 0 0 0 0 0 0 0 324 320 80 0 0 0 0 80 0 32 0 0 0 80 0 0 92 83 0 0 0 0 0 0 0 0 26 80 46 0 0 0 0 0 51 0 0 0 40 0 0 0 0 0 0 0 0 0 0 0 0 80 90 0 0 0 0 
491 0 0 0 13 0 0 0 0 0 0 0 0 0 20 0 0 0 0 0 0 0 73 281 0 0 0 0 0 0 177 0 0 0 106 0 0 0 0 0 0 0 0 0 0 0 0 0 33 77 0 0 0 0 0 0 0 0 0 0 0 0 0 0 0 0 0 0 0 0 0 0 0 0 0 0 158 96 0 0 0 0 0 321 0 0 0 20 0 51 171 0 0 0 0 0 0 0 0 0 0 0 0 0 20 0 0 0 0 0 0 51 0 0 0 0 0 329 0 84 0 40 0 0 32 0 0 0 20 32 64 0 0 0 0 0 0 0 0 0 0 0 0 0 0 0 0 0 26 0 0 0 0 0 224 640 115 0 0 0 0 0 64 0 0 0 0 0 0 0 0 429 0 0 0 0 0 0 0 0 40 94 32 0 0 0 0 0 0 0 0 0 0 0 0 0 40 0 0 0 39 0 0 0 0 0 0 0 0 0 0 
0 0 0 0 0 0 0 0 0 0 0 0 0 0 0 0 0 0 0 0 0 0 0 0 0 0 0 0 0 0 0 0 0 0 0 0 0 0 0 0 0 0 0 0 0 0 0 0 0 0 0 0 0 0 0 0 0 0 0 0 0 0 0 0 0 0 0 0 0 0 0 0 0 0 0 0 0 0 0 0 0 0 0 0 0 0 0 0 0 0 0 0 0 0 0 0 0 0 0 0 0 0 0 0 0 0 0 0 0 0 0 0 0 0 0 0 0 0 0 0 0 0 0 0 0 0 0 0 0 0 0 0 0 0 0 0 0 0 0 0 0 0 0 0 0 0 0 0 0 0 0 0 0 0 0 0 0 0 0 0 0 0 0 0 0 0 0 0 0 0 0 0 0 0 0 0 0 0 0 0 0 0 0 0 0 0 0 0 0 0 0 0 0 0 0 0 0 0 0 0 0 0 0 0 0 0 0 0 0 0 0 
349 0 0 0 32 0 0 0 0 0 0 0 0 0 100 0 0 0 0 0 0 0 13 549 0 80 0 0 0 0 32 0 0 0 26 0 0 0 0 0 0 0 0 0 0 0 0 0 0 0 13 0 0 0 0 0 0 0 0 0 0 0 0 0 0 0 0 0 0 0 0 0 0 0 0 0 180 0 0 0 0 0 100 250 0 0 0 0 0 20 0 128 0 84 16 0 0 0 0 0 64 0 263 0 0 40 0 0 51 0 0 40 0 0 32 0 0 338 0 64 80 0 0 0 0 0 0 0 0 0 0 0 0 0 0 0 0 0 0 0 0 0 0 0 0 32 0 0 100 84 0 0 0 1315 192 368 0 0 0 0 0 0 0 114 0 0 0 0 0 0 0 569 0 0 0 0 0 0 0 0 0 80 0 0 0 0 0 0 0 20 251 0 0 0 0 0 0 0 0 0 0 0 0 0 0 0 49 32 0 0 0 
0 0 0 0 0 0 0 0 0 0 51 0 0 0 120 0 0 0 0 0 80 0 0 40 0 0 0 0 0 0 0 0 0 0 0 0 0 0 0 0 0 0 0 0 0 64 0 0 0 0 0 0 0 0 0 0 0 0 0 0 0 0 0 0 0 0 0 0 0 0 0 0 0 0 0 0 46 0 0 0 0 0 0 0 0 0 0 0 0 0 0 0 0 0 51 0 0 0 0 0 0 0 0 0 0 0 0 0 0 0 0 0 0 0 0 0 0 100 0 26 0 0 0 0 0 0 0 0 0 0 0 0 0 0 0 0 0 0 0 0 0 0 0 0 0 0 0 0 0 0 0 0 0 0 0 26 0 0 0 0 0 0 0 51 0 40 0 0 0 0 0 0 0 0 0 0 0 0 0 0 0 0 0 0 0 0 0 0 0 0 0 0 0 0 0 0 0 0 0 0 0 0 0 0 0 0 0 0 0 0 0 
117 0 0 0 200 0 0 0 0 0 0 0 0 0 0 0 0 0 0 0 80 0 0 311 0 0 0 0 0 0 316 0 0 0 75 0 0 0 0 0 0 40 40 32 0 0 0 0 80 64 0 0 0 0 0 0 0 64 0 0 0 0 0 0 64 0 0 0 0 0 0 0 0 0 0 0 180 0 0 0 0 0 0 431 0 0 0 0 0 0 314 0 0 0 57 0 0 0 20 80 0 0 0 0 20 0 0 80 0 0 0 0 0 0 26 0 0 228 16 106 0 32 0 0 0 0 0 0 0 0 0 0 0 0 0 0 0 0 0 0 0 0 0 0 0 0 0 0 32 0 0 0 0 160 404 395 0 0 64 0 0 0 239 94 0 0 0 0 0 0 0 602 0 0 0 0 0 0 0 0 80 0 0 51 0 0 0 0 160 0 40 0 0 0 0 0 0 0 0 0 0 0 0 0 0 0 51 0 0 0 0 
247 0 0 0 40 0 0 0 0 0 0 40 0 0 0 0 0 0 0 0 0 0 0 52 0 0 0 0 0 0 40 0 0 0 32 0 0 0 20 51 0 0 0 0 0 0 0 0 64 0 26 0 0 0 0 0 0 13 0 0 0 0 0 0 0 0 0 0 0 0 0 0 0 0 0 0 92 0 0 0 0 0 64 26 0 0 0 0 0 208 123 0 0 0 0 0 0 0 0 0 0 0 0 0 0 0 80 0 0 0 0 0 0 0 0 40 0 42 0 0 0 32 0 0 51 0 0 0 131 0 0 0 0 0 0 0 0 0 0 0 0 0 0 0 0 0 0 0 0 80 0 0 0 0 0 256 64 0 0 0 0 0 16 40 0 0 0 0 0 0 0 84 0 0 0 0 0 0 0 0 0 0 0 0 0 0 0 0 77 0 51 0 0 0 0 0 20 0 0 0 16 0 0 0 0 0 0 0 0 0 0 
132 0 0 0 0 0 0 0 0 0 0 0 0 0 0 0 0 0 0 0 0 0 0 0 0 0 0 0 0 0 100 0 0 0 0 0 0 0 0 0 0 0 0 0 0 0 0 0 0 0 0 0 0 0 0 0 0 64 0 0 51 0 0 0 0 0 0 0 0 0 0 0 0 0 0 0 0 0 0 0 0 0 0 0 0 0 0 0 0 0 40 0 0 0 0 0 0 0 0 0 0 0 0 0 0 0 0 0 0 0 0 0 0 0 0 0 0 0 0 0 0 0 0 0 0 0 0 0 0 0 0 0 0 0 0 0 0 0 0 0 0 0 0 0 0 0 0 0 13 0 0 0 0 0 0 80 0 0 0 0 0 0 0 0 0 0 0 0 0 0 0 100 0 0 0 0 0 0 0 0 0 40 0 0 0 0 0 0 0 0 0 0 0 0 0 0 0 0 0 0 0 0 0 0 0 0 0 0 0 0 0 
0 0 0 0 0 0 0 0 0 0 0 0 0 0 0 0 0 0 0 0 0 0 0 0 0 0 0 0 0 0 0 0 0 0 0 0 0 0 0 0 0 0 0 0 0 0 0 0 0 0 0 0 0 0 0 0 0 0 0 0 0 0 0 0 0 0 0 0 0 0 0 0 0 0 0 0 0 0 0 0 0 0 0 32 0 0 0 0 0 0 80 0 0 0 0 0 0 0 0 0 0 0 0 0 0 0 0 0 0 0 0 0 0 0 0 0 0 200 0 0 0 0 0 0 0 0 0 0 0 0 0 0 0 0 0 0 0 0 0 0 0 0 0 0 0 0 0 0 0 0 0 0 0 0 0 0 0 0 0 0 0 0 0 0 0 0 0 0 0 0 0 0 0 0 0 0 0 0 0 0 0 0 0 0 0 0 0 0 0 0 0 0 0 0 0 0 0 0 0 0 0 0 0 0 0 0 0 0 0 0 0 
0 0 0 0 0 0 0 0 0 0 0 0 0 0 0 0 0 0 0 0 0 0 0 0 0 0 0 0 0 0 0 0 0 0 0 0 0 0 0 0 0 0 0 0 0 0 0 0 0 0 0 0 0 0 0 0 0 0 0 0 0 0 0 0 0 0 0 0 0 0 0 0 0 0 0 0 0 0 0 0 0 0 0 0 0 0 0 0 0 0 0 0 0 0 0 0 0 0 0 0 0 0 0 0 0 0 0 0 0 0 0 0 0 0 80 0 0 0 0 0 0 0 0 0 0 0 0 0 0 0 0 0 0 0 0 0 0 0 0 0 0 0 0 0 0 0 0 0 0 0 0 0 0 0 0 0 0 0 0 0 0 0 0 0 0 0 0 0 0 0 0 0 0 0 0 0 0 0 0 0 0 0 0 0 0 0 0 0 0 0 0 0 0 0 0 0 0 0 0 0 0 0 0 0 0 0 0 0 0 0 0 
0 0 0 0 0 0 0 0 0 0 0 0 0 0 0 0 0 0 0 0 0 0 0 0 0 0 0 0 0 0 0 0 0 0 0 0 0 0 0 0 0 0 0 0 0 0 0 0 0 0 0 0 0 0 0 0 0 0 0 0 0 0 0 0 0 0 0 0 0 0 0 0 0 0 0 0 0 0 0 0 0 0 0 0 0 0 0 0 0 0 0 0 0 0 0 0 0 0 0 0 0 0 0 0 0 0 0 0 0 0 0 0 0 0 0 0 0 0 0 0 0 0 0 0 0 0 0 0 0 0 0 0 0 0 0 0 0 0 0 0 0 0 0 0 0 0 0 0 0 0 0 0 0 0 0 0 0 0 0 0 0 0 0 0 0 0 0 0 0 0 0 0 0 0 0 0 0 0 0 0 0 0 0 0 0 0 0 0 0 0 0 0 0 0 0 0 0 0 0 0 0 0 0 0 0 0 0 0 0 0 0 
32 0 0 0 0 0 0 0 0 0 0 0 0 0 0 0 0 0 0 0 0 0 0 80 0 0 0 0 0 0 16 0 0 0 131 0 0 0 0 0 0 0 0 0 0 0 0 0 160 0 0 0 0 0 0 0 0 0 0 0 0 0 0 64 0 0 0 0 0 0 0 0 0 0 0 0 0 0 0 0 0 0 0 0 0 0 0 0 0 0 0 0 0 0 0 0 0 0 0 0 0 0 0 0 0 0 0 0 0 0 20 0 0 0 0 0 0 32 0 0 0 128 0 0 0 51 0 0 0 0 0 0 0 0 0 0 0 0 0 0 0 0 0 0 0 0 0 0 0 0 0 0 32 0 104 168 0 0 0 0 0 0 0 0 0 0 0 0 0 0 0 377 0 0 0 0 0 0 0 0 0 0 0 0 0 0 0 0 0 0 80 0 0 0 0 0 0 0 0 0 51 0 0 0 0 0 40 0 0 0 0 
361 0 0 0 224 0 0 0 0 0 0 0 0 0 175 0 0 0 0 0 51 0 77 175 13 97 0 0 0 0 204 0 0 0 144 0 0 0 0 0 0 0 0 0 0 0 0 0 147 158 51 0 0 0 0 0 0 80 0 0 0 0 0 0 0 0 0 0 0 0 0 0 0 0 0 0 106 0 0 0 0 0 51 598 0 0 0 0 0 0 324 118 0 164 0 0 0 0 0 0 0 0 1331 0 0 0 0 0 40 0 0 1066 0 0 126 0 0 766 0 147 40 220 0 0 173 132 0 0 61 0 0 112 0 0 0 0 0 0 0 0 0 32 0 0 0 0 0 0 64 0 0 20 100 323 368 649 52 0 0 0 0 128 64 16 0 0 0 56 0 0 0 902 0 0 0 0 0 0 20 0 0 89 64 0 0 0 0 0 51 80 33 0 100 0 0 0 51 0 0 0 0 0 0 0 0 0 226 0 0 106 0 
37 0 0 0 0 0 0 0 0 0 0 0 0 0 39 0 0 0 0 0 0 0 0 0 0 0 0 0 0 0 0 0 0 0 32 0 0 0 0 0 0 0 0 0 0 0 0 0 51 0 0 0 0 0 0 0 0 0 0 0 0 0 0 0 0 0 0 0 0 0 0 0 0 0 0 0 0 0 0 0 0 0 0 352 0 0 0 0 0 0 195 0 0 0 0 0 0 0 0 0 0 0 0 0 0 0 0 0 0 0 0 0 51 0 0 0 0 0 0 0 0 0 0 0 80 26 0 0 0 0 0 0 0 0 0 0 0 0 0 0 0 0 0 0 0 0 0 0 0 0 0 0 0 51 0 426 0 0 0 0 0 0 0 0 0 0 0 0 0 0 0 26 0 0 340 0 0 0 0 0 26 0 0 0 0 0 0 0 0 0 0 0 0 0 0 0 51 0 0 0 0 0 0 0 0 0 16 0 0 0 0 
0 0 0 0 0 0 0 0 0 0 0 0 0 0 0 0 0 0 0 0 0 0 0 0 0 0 0 0 0 0 0 0 0 0 0 0 0 0 0 0 0 0 0 0 0 0 0 0 0 0 0 0 0 0 0 0 0 0 0 0 0 0 0 0 0 0 0 0 0 0 0 0 0 0 0 0 0 0 0 0 0 0 0 0 0 0 0 0 0 0 0 0 0 0 0 0 0 0 0 0 0 0 0 0 0 0 0 0 0 0 0 0 0 0 0 0 0 180 0 0 0 0 0 0 16 100 0 0 0 0 0 0 0 0 0 0 0 0 0 0 0 0 0 0 26 0 0 0 0 0 0 0 0 0 0 96 0 0 0 0 0 0 0 13 0 0 0 0 0 0 0 100 0 0 0 0 0 0 0 0 0 0 80 0 0 0 0 0 0 0 0 0 0 0 0 0 0 0 0 0 0 0 0 0 0 20 0 0 0 0 0 
100 0 0 0 0 0 0 0 0 0 0 0 0 0 0 0 0 0 0 0 0 0 0 20 0 61 0 0 0 0 0 0 0 0 64 0 0 0 0 0 0 0 0 0 0 0 0 0 32 26 100 0 0 0 0 0 0 100 0 0 0 0 0 0 0 0 0 0 0 0 0 0 0 0 0 0 80 0 0 0 0 0 0 51 0 0 0 0 0 0 243 32 0 0 0 0 0 0 0 0 0 0 64 0 0 0 0 0 0 0 0 0 0 0 0 0 0 92 0 0 0 32 0 0 13 0 0 0 0 0 0 0 0 0 0 0 0 0 0 0 0 0 0 0 0 0 0 0 0 0 0 0 0 0 64 151 64 0 0 0 0 0 0 0 0 26 0 0 0 0 0 72 0 0 0 0 0 0 0 0 0 0 0 0 0 0 0 0 40 0 0 0 0 0 0 0 16 0 0 0 0 0 0 0 0 0 16 16 0 26 0 
289 0 0 0 51 0 0 0 0 0 0 64 0 0 80 0 0 0 0 0 0 0 0 223 0 0 0 0 0 0 73 0 0 0 141 54 0 0 0 0 0 0 0 0 0 100 0 0 180 0 80 0 0 0 0 0 0 100 0 0 0 0 0 0 0 0 0 0 0 0 39 0 0 0 0 0 32 100 0 0 0 0 51 292 0 0 0 0 0 0 324 0 0 0 0 0 0 0 0 0 0 0 200 0 0 0 0 0 0 0 0 0 0 0 0 0 0 519 0 390 0 73 0 0 65 0 0 0 0 0 0 0 80 0 0 0 0 0 0 0 0 51 0 0 0 0 0 0 92 30 0 0 153 0 80 419 0 0 0 0 0 0 167 92 0 0 0 0 0 0 0 401 0 0 0 0 0 0 0 0 0 0 0 0 0 0 0 0 0 0 0 0 0 0 0 0 96 0 0 0 0 0 0 0 0 0 40 0 0 32 0 
0 0 0 0 0 0 0 0 0 0 0 0 0 0 0 0 0 0 0 0 0 0 0 0 0 16 0 0 0 0 0 0 0 0 0 0 0 0 0 0 0 0 0 0 0 0 0 0 0 0 0 0 0 0 0 0 0 40 0 0 0 0 0 0 0 0 0 0 0 0 0 0 0 0 0 0 0 0 0 0 0 0 0 0 0 0 0 0 0 0 0 0 0 0 0 0 0 0 0 0 0 0 0 0 0 0 0 0 0 0 0 0 0 0 0 0 0 0 0 0 0 0 0 0 0 0 0 0 0 0 0 0 0 0 0 0 0 0 0 0 0 0 0 0 0 0 0 0 0 0 0 0 0 0 0 0 0 0 0 0 0 0 0 0 0 0 0 0 0 0 0 20 0 0 0 0 0 0 0 0 0 0 0 0 0 0 0 0 0 0 0 0 0 0 0 0 0 0 0 0 0 0 0 0 0 0 0 0 0 0 0 
6162 0 0 0 419 96 0 0 0 0 51 77 0 0 2502 0 0 16 0 0 96 0 1124 7020 64 478 140 0 226 0 859 81 0 0 289 0 0 0 80 363 117 137 64 51 0 32 241 0 367 847 304 32 0 64 0 0 0 198 0 0 246 0 0 332 0 67 504 0 0 13 64 0 0 131 0 0 1163 605 0 0 0 0 270 3586 51 240 64 0 57 175 4121 2448 40 26 698 155 0 0 225 90 432 0 202 121 94 57 26 40 0 0 80 392 0 0 64 73 0 3201 122 1058 128 945 0 40 875 254 0 254 420 0 144 71 382 0 0 0 20 0 0 0 104 64 0 0 160 13 0 0 564 518 0 226 545 228 2975 17319 1138 132 73 0 0 572 907 1820 0 237 42 260 0 0 0 3139 0 67 0 0 0 0 80 0 534 766 620 20 0 0 0 0 313 77 703 0 385 0 0 0 1458 0 96 0 414 0 20 0 144 393 1068 149 204 875 0 
200 0 0 0 0 0 0 0 0 0 0 0 0 0 0 0 0 0 0 0 0 0 0 325 0 0 0 0 0 0 327 0 0 0 0 0 0 0 0 126 0 0 0 0 0 0 0 0 0 96 0 0 0 0 0 0 0 16 0 0 0 0 0 0 0 0 0 0 0 0 0 0 0 0 0 0 57 32 0 0 0 0 106 480 0 0 0 0 0 100 124 51 0 0 177 0 0 0 0 0 32 0 0 0 0 100 64 0 0 0 0 0 0 0 0 0 0 457 0 16 0 164 0 0 40 0 0 0 0 0 16 0 0 0 0 0 0 0 0 0 115 0 0 0 0 0 0 0 80 80 0 0 0 0 51 1187 0 0 0 0 0 0 40 100 0 0 0 0 0 0 0 220 0 0 0 0 0 0 51 0 0 0 0 0 0 0 0 0 0 0 0 0 0 0 0 0 0 0 0 0 0 0 0 0 0 0 126 0 0 131 0 
1730 0 0 0 0 200 0 0 0 0 0 0 0 0 57 0 0 0 0 0 57 80 53 2258 40 280 0 0 100 0 450 0 0 0 369 92 0 0 0 246 64 64 80 0 0 20 0 0 93 160 64 0 0 32 0 0 0 0 0 0 205 0 0 0 200 0 113 0 0 120 96 0 0 0 0 0 399 391 0 0 0 0 34 609 0 0 0 0 0 223 718 629 0 0 203 0 0 0 0 0 26 0 100 40 90 0 0 0 0 0 80 81 0 0 0 0 0 1449 20 314 0 160 0 80 155 132 0 0 0 0 40 64 0 0 0 0 0 0 0 0 58 32 0 0 0 84 0 160 172 26 0 16 326 162 581 7116 204 100 0 0 0 0 246 460 0 0 0 213 0 0 0 1202 0 100 0 0 13 0 281 0 72 13 64 0 0 0 0 0 100 0 40 0 64 0 0 0 749 0 0 0 111 0 0 0 16 40 492 80 0 164 0 
306 0 0 0 0 0 0 0 0 0 0 0 0 0 120 0 0 0 0 0 0 0 0 361 0 0 0 0 0 0 0 0 0 0 0 0 0 0 0 0 0 0 0 0 0 20 0 0 0 0 0 0 0 0 0 0 0 0 0 0 0 0 0 0 0 0 0 0 0 0 0 0 0 0 0 0 0 26 0 0 0 0 80 157 0 0 0 0 0 32 64 0 0 0 0 0 0 0 0 0 51 0 100 0 0 64 32 0 0 0 0 0 0 0 0 0 0 51 64 0 0 0 0 0 100 0 0 0 0 0 51 0 0 0 0 0 0 0 0 0 0 0 0 0 0 0 0 0 0 57 0 0 16 0 20 132 0 0 0 0 0 0 0 0 0 0 0 0 0 0 0 152 0 0 0 0 0 0 0 0 0 100 0 0 0 0 0 0 0 0 64 0 0 0 0 0 0 0 0 0 80 0 0 0 0 0 0 0 0 0 0 
519 0 0 0 0 0 0 0 0 0 100 0 0 0 67 0 0 0 0 0 0 0 74 1148 584 0 0 0 0 0 228 100 0 0 452 126 0 0 0 0 0 0 0 0 0 0 0 0 273 240 0 0 0 0 0 0 0 184 0 0 0 0 0 0 80 64 80 0 0 0 0 0 0 0 0 0 92 160 0 0 0 0 0 426 0 0 0 0 0 0 137 0 46 0 67 100 0 0 0 0 200 0 120 200 0 32 20 0 0 0 0 80 0 26 0 0 0 1868 0 180 0 206 0 0 97 0 0 0 64 0 0 100 0 0 0 0 0 0 0 0 32 0 0 0 32 0 0 51 67 77 0 0 40 26 123 1211 350 0 20 0 0 160 122 32 0 80 0 0 0 0 0 759 0 0 0 0 0 0 164 0 186 32 30 0 0 0 0 0 26 0 393 0 0 0 0 0 0 0 0 0 120 0 132 0 64 92 967 0 0 0 0 
0 0 0 0 0 0 0 0 0 0 0 0 0 0 0 0 0 0 0 0 0 0 0 0 0 0 0 0 0 0 0 0 0 0 0 0 0 0 0 0 0 0 0 0 0 0 0 0 0 0 0 0 0 0 0 0 0 0 0 0 0 0 0 0 0 0 0 0 0 0 0 0 0 0 0 0 0 0 0 0 0 0 0 0 0 0 0 0 0 0 0 0 0 0 0 0 0 0 0 0 0 0 0 0 0 0 0 0 0 0 0 0 0 0 0 0 0 0 0 0 0 0 0 0 0 0 0 0 0 0 0 0 0 0 0 0 0 0 0 0 0 0 0 0 0 0 0 0 0 0 0 0 0 0 0 0 0 0 0 0 0 0 0 0 0 0 0 0 0 0 0 0 0 0 0 0 0 0 0 0 0 0 0 0 0 0 0 0 0 0 0 0 0 0 0 0 0 0 0 0 0 0 0 0 0 0 0 0 0 0 0 
32 0 0 0 0 0 0 0 0 0 0 0 0 0 0 0 0 0 0 0 0 0 0 16 0 0 0 0 0 0 40 0 0 0 0 0 0 0 0 0 0 0 0 0 0 0 0 0 0 0 0 0 0 0 0 0 0 0 0 0 0 0 0 0 0 0 0 0 0 0 0 0 0 0 0 0 0 0 0 0 0 0 32 0 0 0 0 0 0 0 0 0 0 0 0 0 0 0 0 0 0 0 0 0 0 0 0 0 0 0 0 80 0 0 0 0 0 80 0 0 0 0 0 0 0 0 0 0 0 0 0 0 0 0 0 0 0 0 0 0 0 0 0 0 0 0 0 0 0 0 0 0 0 0 0 64 0 0 0 0 0 0 0 0 0 0 0 0 0 0 0 0 0 0 0 0 0 0 0 0 0 0 0 13 0 0 0 0 0 0 0 0 0 0 0 0 0 0 0 0 0 0 0 0 0 0 0 0 0 0 0 
2382 0 0 0 0 0 0 0 0 0 0 0 0 0 81 0 0 0 0 0 26 0 158 686 20 383 0 0 0 0 112 0 0 0 324 51 0 0 0 0 0 106 0 0 0 26 0 0 285 80 128 0 0 0 0 0 0 153 0 0 20 0 0 0 0 13 0 0 0 80 0 0 0 16 0 0 499 96 0 0 0 0 64 515 0 0 0 0 0 0 357 16 0 0 16 0 0 0 215 26 0 0 0 0 32 0 0 20 0 0 0 100 0 0 0 100 0 851 80 117 64 270 0 0 1071 80 0 0 64 0 32 0 0 0 0 0 0 0 0 0 0 0 0 0 0 0 0 0 256 37 0 0 0 0 1092 1713 64 0 0 0 0 0 80 100 0 0 0 100 0 0 0 485 0 0 0 0 0 0 0 0 32 0 20 20 0 0 0 0 0 0 80 0 0 0 0 0 81 0 0 0 13 0 51 0 0 13 104 0 0 412 0 
346 0 0 0 0 0 0 0 0 0 32 0 0 0 64 0 0 0 0 0 0 0 0 261 0 0 0 0 0 0 96 0 0 0 132 0 0 0 0 0 0 0 0 0 0 0 16 0 32 47 40 0 0 0 0 0 0 0 0 0 0 0 0 0 0 0 0 0 0 0 0 0 0 51 0 0 54 13 0 0 0 0 0 351 0 0 0 0 0 51 0 40 0 0 0 51 0 0 0 0 0 0 0 0 0 0 0 0 0 0 51 0 0 0 0 0 0 413 16 47 0 0 0 0 40 84 0 0 114 0 0 0 0 0 0 0 0 0 0 0 0 0 0 0 0 0 0 0 138 0 0 0 0 80 26 580 16 0 0 0 0 0 51 0 0 0 0 0 0 0 0 142 0 0 0 0 0 0 100 0 51 0 0 0 0 0 0 0 0 0 0 0 51 0 0 0 0 0 0 0 0 0 0 0 0 26 177 0 0 0 0 
0 0 0 0 0 0 0 0 0 0 0 0 0 0 0 0 0 0 0 0 0 0 0 26 0 0 0 0 0 0 0 0 0 0 0 0 0 0 0 0 0 0 0 0 0 0 0 0 0 0 0 0 0 0 0 0 0 0 0 0 0 0 0 0 0 0 0 0 0 0 0 0 0 0 0 0 0 0 0 0 0 0 0 40 0 0 0 0 0 0 32 0 0 0 0 0 0 0 0 0 0 0 0 0 0 0 0 0 0 0 0 0 0 0 0 0 0 0 0 0 0 0 0 0 0 0 0 0 0 0 0 0 0 0 0 0 0 0 0 0 0 0 0 0 0 0 0 0 0 0 0 0 0 0 0 0 0 0 0 0 0 0 0 0 0 0 0 0 0 0 0 200 0 0 0 0 0 0 0 0 0 0 0 0 0 0 0 0 0 0 0 0 0 0 0 0 0 0 0 0 0 0 0 0 0 0 0 0 0 20 0 
0 0 0 0 0 0 0 0 0 0 0 0 0 0 16 0 0 0 0 0 0 0 64 164 0 0 0 0 0 0 102 0 0 0 131 0 0 0 0 0 0 0 0 0 0 0 0 0 0 64 0 0 0 0 0 0 0 0 0 0 0 0 0 0 0 0 0 0 0 0 0 0 0 0 0 0 0 0 0 0 0 0 40 64 0 0 0 0 0 0 0 0 0 0 0 0 0 0 0 0 0 0 0 0 0 0 0 0 0 0 0 0 0 0 0 0 0 0 0 0 0 40 0 0 64 0 0 64 0 0 0 0 0 0 0 0 0 0 0 0 0 0 0 0 0 0 0 0 0 0 0 0 0 0 0 115 0 0 0 0 0 0 32 0 0 0 0 0 0 0 0 32 0 0 0 0 0 0 0 0 0 0 58 0 0 0 0 0 0 0 0 0 0 0 0 0 0 0 0 0 80 0 0 0 0 0 40 0 0 0 0 
904 0 0 0 0 0 0 0 0 0 100 0 0 0 0 0 0 0 0 0 0 0 0 1135 64 0 0 0 0 0 352 0 0 0 47 0 0 0 0 0 64 0 0 0 0 0 0 0 126 181 0 0 0 0 0 0 0 51 0 0 40 0 0 0 0 0 40 0 0 0 0 0 0 0 0 0 264 244 0 0 0 0 0 819 0 0 0 0 13 416 323 240 0 0 0 26 0 0 40 0 0 0 0 0 0 0 0 0 0 0 0 0 0 0 0 0 0 1712 0 195 0 112 0 0 179 51 0 0 0 0 0 0 32 0 0 0 0 0 0 0 0 0 0 80 0 0 0 0 115 26 0 16 40 0 244 1960 266 0 13 0 0 0 51 80 0 0 32 0 0 0 0 706 0 64 0 0 0 0 0 0 0 351 0 0 0 0 0 0 200 0 0 0 0 0 0 0 0 0 51 0 0 0 0 0 0 0 515 0 0 40 0 
0 0 0 0 0 0 0 0 0 0 0 0 0 0 0 0 0 0 0 0 0 0 51 136 0 0 0 0 0 0 0 0 0 0 13 0 0 0 0 0 0 0 0 0 0 0 0 0 0 0 0 0 0 0 0 0 0 0 0 0 40 0 0 0 0 0 0 0 0 0 0 0 0 0 0 0 140 0 0 0 0 0 0 26 0 0 0 0 0 0 13 80 0 0 0 0 0 0 0 0 0 0 0 0 0 0 0 0 0 0 0 0 0 0 0 0 0 100 0 0 0 0 0 0 0 0 0 0 0 0 0 0 0 0 0 0 0 0 0 0 0 0 0 0 0 0 0 0 0 0 0 0 0 0 0 232 0 0 0 0 0 0 64 0 0 0 0 0 0 0 0 20 0 0 0 0 0 0 0 0 64 16 0 0 0 0 0 0 0 0 0 0 0 0 0 0 0 0 0 0 0 0 0 0 0 0 64 0 0 0 0 
220 0 0 0 80 0 0 0 0 0 0 51 0 0 0 0 0 0 0 0 16 0 100 714 0 0 0 0 0 0 34 0 0 0 51 0 0 0 0 80 0 0 0 0 0 0 0 0 0 26 0 0 0 0 0 0 0 215 0 0 0 0 0 13 0 13 0 0 0 0 0 0 0 0 0 0 0 80 0 0 0 0 0 176 0 0 0 0 0 0 388 64 0 0 0 0 0 0 0 0 0 0 0 0 0 0 0 0 0 0 0 0 0 0 0 104 0 320 0 0 0 51 0 0 0 0 0 0 0 0 211 0 0 0 0 0 0 0 0 0 0 0 0 0 0 0 0 0 0 0 0 0 0 0 0 740 0 0 0 0 0 0 67 0 0 0 0 0 0 0 0 40 0 0 0 0 0 0 0 0 0 0 0 0 0 0 0 0 0 0 0 0 0 0 0 0 40 0 16 0 64 0 0 0 51 0 0 0 0 0 0 
0 0 0 0 0 0 0 0 0 0 0 0 0 0 0 0 0 13 0 0 0 0 0 140 115 51 0 0 0 0 0 0 0 0 0 0 0 0 0 16 0 0 0 0 0 0 0 0 0 64 0 0 0 0 0 0 0 0 0 0 0 0 0 0 0 0 0 0 0 0 0 0 0 0 0 0 0 100 0 0 0 0 0 64 0 0 0 0 0 0 0 106 0 0 51 0 0 0 0 0 0 0 0 0 0 0 0 0 0 0 0 0 0 16 0 0 0 546 0 0 0 96 0 0 0 0 0 0 0 0 0 0 0 0 0 0 0 0 0 0 0 0 0 0 20 0 0 0 0 0 0 0 0 0 0 252 0 0 0 0 0 0 0 0 0 0 0 0 0 0 0 0 0 0 0 0 0 0 0 0 0 0 0 0 0 0 0 0 32 0 0 0 51 0 0 0 80 0 0 0 0 0 0 0 0 0 0 0 0 100 0 
83 0 0 0 0 0 0 0 0 0 0 0 0 0 100 0 0 0 0 0 0 0 0 228 0 0 0 0 0 0 0 0 0 0 80 0 0 0 0 0 0 0 0 0 0 0 0 0 0 0 0 0 0 0 0 0 0 0 0 0 0 0 0 0 0 0 0 0 0 0 0 0 0 0 0 0 0 0 0 0 0 0 80 16 0 0 0 0 0 40 100 0 0 0 0 0 0 0 0 0 0 0 0 0 0 0 0 0 0 0 0 0 0 0 0 0 0 0 0 0 0 0 0 0 0 0 0 0 0 0 0 0 0 0 0 0 0 0 0 0 0 0 0 0 0 0 0 0 0 0 0 0 64 0 64 335 0 0 0 0 0 0 0 93 0 0 0 0 0 0 0 40 0 0 0 0 0 0 0 0 32 0 0 0 0 0 0 0 0 0 80 0 0 0 0 0 0 0 0 0 0 0 0 0 0 32 0 0 0 0 0 
0 0 0 0 0 0 0 0 0 0 0 0 0 0 0 0 0 0 0 0 0 0 0 0 0 0 0 0 0 0 0 0 0 0 0 0 0 0 0 0 0 0 0 0 0 0 0 0 0 0 0 0 0 0 0 0 0 0 0 0 0 0 0 0 0 0 0 0 0 0 0 0 0 0 0 0 0 0 0 0 0 0 0 0 0 0 0 0 0 0 0 0 0 0 0 0 0 0 0 0 0 0 0 0 0 0 0 0 0 0 0 0 0 0 0 0 0 0 0 0 0 0 0 0 0 0 0 0 0 0 0 0 0 0 0 0 0 0 0 0 0 0 0 0 0 0 0 0 0 0 0 0 0 0 0 0 0 0 0 0 0 0 0 0 0 0 0 0 0 0 0 0 0 0 0 0 0 0 0 0 0 0 0 0 0 0 0 0 0 0 0 0 0 0 0 0 0 0 0 0 0 0 0 0 0 0 0 0 0 0 0 
0 0 0 0 0 0 0 0 0 0 0 0 0 0 0 0 0 0 0 0 0 0 0 0 0 0 0 0 0 0 0 0 0 0 0 0 0 0 0 0 0 0 0 0 0 0 0 0 0 0 0 0 0 0 0 0 0 0 0 0 0 0 0 0 0 0 0 0 0 0 0 0 0 0 0 0 0 0 0 0 0 0 0 0 0 0 0 0 0 0 0 0 0 0 0 0 0 0 0 0 0 0 0 0 0 0 0 0 0 0 0 0 0 0 0 0 0 0 0 0 0 0 0 0 0 0 0 0 0 0 0 0 0 0 0 0 0 0 0 0 0 0 0 0 0 0 0 0 0 0 0 0 0 0 0 0 0 0 0 0 0 0 0 0 0 0 0 0 0 0 0 0 0 0 0 0 0 0 0 0 0 0 0 0 0 0 0 0 0 0 0 0 0 0 0 0 0 0 0 0 0 0 0 0 0 0 0 0 0 0 0 
0 0 0 0 0 0 0 0 0 0 0 0 0 0 0 0 0 0 0 0 0 0 0 0 0 0 0 0 0 0 0 0 0 0 0 0 0 0 0 0 0 0 0 0 0 0 0 0 0 0 0 0 0 0 0 0 0 0 0 0 0 0 0 0 0 0 0 0 0 0 0 0 0 0 0 0 0 0 0 0 0 0 0 0 0 0 0 0 0 0 0 0 0 0 0 0 0 0 0 0 0 0 0 0 0 0 0 0 0 0 0 0 0 0 0 0 0 0 0 0 0 0 0 0 0 0 0 0 0 0 0 0 0 0 0 0 0 0 0 0 0 0 0 0 0 0 0 0 0 0 0 0 0 0 0 0 0 0 0 0 0 0 0 0 0 0 0 0 0 0 0 0 0 0 0 0 0 0 0 0 0 0 0 0 0 0 0 0 0 0 0 0 0 0 0 0 0 0 0 0 0 0 0 0 0 0 0 0 0 0 0 
0 0 0 0 0 0 0 0 0 0 0 0 0 0 0 0 0 0 0 0 0 0 0 61 0 0 0 0 0 0 0 0 0 0 0 0 0 0 0 0 0 0 0 0 0 0 0 0 0 0 0 0 0 0 0 0 0 0 0 0 26 0 0 0 0 0 0 0 0 0 0 0 0 0 0 0 128 0 0 0 0 0 0 0 0 0 0 0 0 0 16 0 0 0 0 0 0 0 0 0 0 0 0 0 0 0 0 0 0 0 0 0 0 0 0 0 0 500 0 0 0 0 0 0 0 0 0 0 0 0 0 0 0 0 0 0 0 0 0 0 0 0 0 0 0 0 0 0 0 0 0 0 0 0 102 72 0 0 0 0 0 0 0 0 0 0 0 0 0 0 0 26 0 0 0 0 0 0 0 0 0 0 0 0 0 0 0 0 0 0 0 0 0 0 0 0 0 0 0 0 0 0 0 0 0 0 0 0 0 13 0 
0 0 0 0 0 0 0 0 0 0 0 0 0 0 0 0 0 0 0 0 0 0 0 0 0 0 0 0 0 0 0 0 0 0 0 0 0 0 0 0 0 0 0 0 0 0 0 0 0 0 0 0 0 0 0 0 0 0 0 0 0 0 0 0 0 0 0 0 0 0 0 0 0 0 0 0 0 0 0 0 0 0 0 0 0 0 0 0 0 0 0 0 0 0 0 0 0 0 0 0 0 0 0 0 0 0 0 0 0 0 0 0 0 0 0 0 0 0 0 0 0 0 0 0 0 0 0 0 0 0 0 0 0 0 0 0 0 0 0 0 0 0 0 0 0 0 0 0 0 0 0 0 0 0 0 0 0 0 0 0 0 0 0 0 0 0 0 0 0 0 0 0 0 0 0 0 0 0 0 0 0 0 0 0 0 0 0 0 0 0 0 0 0 0 0 0 0 0 0 0 0 0 0 0 0 0 0 0 0 0 0 
0 0 0 0 0 0 0 0 0 0 0 0 0 0 0 0 0 0 0 0 0 0 0 0 0 0 0 0 0 0 0 0 0 0 0 0 0 0 0 0 0 0 0 0 0 0 0 0 0 0 0 0 0 0 0 0 0 0 0 0 0 0 0 0 0 0 0 0 0 0 0 0 0 0 0 0 0 0 0 0 0 0 0 0 0 0 0 0 0 0 0 0 0 0 0 0 0 0 0 0 0 0 0 0 0 0 0 0 0 0 0 0 0 0 0 0 0 0 0 0 0 0 0 0 0 0 0 0 0 0 0 0 0 0 0 0 0 0 0 0 0 0 0 0 0 0 0 0 0 0 0 0 0 0 0 0 0 0 0 0 0 0 0 0 0 0 0 0 0 0 0 0 0 0 0 0 0 0 0 0 0 0 0 0 0 0 0 0 0 0 0 0 0 0 0 0 0 0 0 0 0 0 0 0 0 0 0 0 0 0 0 
0 0 0 0 0 0 0 0 0 0 0 0 0 0 0 0 0 0 0 0 0 0 0 0 0 0 0 0 0 0 0 0 0 0 0 0 0 0 0 0 0 0 0 0 0 0 0 0 0 0 0 0 0 0 0 0 0 0 0 0 0 0 0 0 0 0 0 0 0 0 0 0 0 0 0 0 0 0 0 0 0 0 0 0 0 0 0 0 0 0 0 0 0 0 0 0 0 0 0 0 0 0 0 0 0 0 0 0 0 0 0 0 0 0 0 0 0 0 0 0 0 0 0 0 0 0 0 0 0 0 0 0 0 0 0 0 0 0 0 0 0 0 0 0 0 0 0 0 0 0 0 0 0 0 0 0 0 0 0 0 0 0 0 0 0 0 0 0 0 0 0 0 0 0 0 0 0 0 0 0 0 0 0 0 0 0 0 0 0 0 0 0 0 0 0 0 0 0 0 0 0 0 0 0 0 0 0 0 0 0 0 
346 0 0 0 0 0 0 0 0 0 0 32 0 0 0 0 0 0 0 0 0 0 51 895 0 0 0 0 0 0 128 0 0 0 0 0 0 0 0 151 0 0 0 0 0 0 0 0 0 84 0 0 0 0 0 0 0 0 0 0 0 40 0 0 0 0 0 0 0 0 0 0 0 0 0 0 80 80 0 0 0 0 51 405 0 0 0 0 0 0 345 426 0 0 32 163 0 0 0 0 0 0 0 0 0 0 0 0 0 0 0 0 0 0 0 0 0 309 0 83 0 0 0 0 0 40 0 0 0 0 0 0 0 0 0 0 0 0 0 0 320 0 0 0 0 0 0 0 40 0 0 0 0 0 0 1167 0 0 0 0 0 0 51 0 0 0 0 0 0 0 0 293 0 0 0 0 0 0 0 0 0 0 0 0 131 0 0 0 115 0 0 0 0 0 0 0 100 0 0 0 0 0 0 0 0 0 100 0 0 0 0 
40 0 0 0 0 0 0 0 0 0 0 0 0 0 0 0 0 0 0 0 0 0 0 0 0 0 0 0 0 0 0 0 0 0 0 0 0 0 0 0 0 0 0 0 0 0 0 0 0 0 0 0 0 0 0 0 0 0 0 0 0 0 0 0 0 0 0 0 0 0 0 0 0 0 0 0 0 80 0 0 0 0 0 102 0 0 0 0 0 26 0 0 0 0 0 0 0 0 0 0 0 0 0 0 0 0 0 0 0 0 0 0 0 0 0 0 0 13 0 0 0 100 0 0 0 0 0 0 0 0 0 0 0 0 0 0 0 0 0 0 0 0 0 0 0 0 0 0 0 0 0 0 0 0 100 61 0 0 0 0 0 0 80 0 0 0 0 0 0 0 0 0 0 0 0 0 0 0 0 0 0 0 0 0 0 0 0 0 0 0 0 0 0 0 0 0 0 0 0 0 0 0 0 0 0 0 0 0 0 0 0 
0 0 0 0 0 0 0 0 0 0 0 0 0 0 0 0 0 0 0 0 0 0 0 0 0 0 0 0 0 0 0 0 0 0 0 0 0 0 0 0 0 0 0 0 0 0 0 0 0 0 0 0 0 0 0 0 0 0 0 0 0 0 0 0 0 0 0 0 0 0 0 0 0 0 0 0 0 0 0 0 0 0 0 0 0 0 0 0 0 0 0 0 0 0 0 0 0 0 0 0 0 0 0 0 0 0 0 0 0 0 0 0 0 0 0 0 0 0 0 0 0 0 0 0 0 0 0 0 0 0 0 0 0 0 0 0 0 0 0 0 0 0 0 0 0 0 0 0 0 0 0 0 0 0 0 0 0 0 0 0 0 0 0 0 0 0 0 0 0 0 0 0 0 0 0 0 0 0 0 0 0 0 0 0 0 0 0 0 0 0 0 0 0 0 0 0 0 0 0 0 0 0 0 0 0 0 0 0 0 0 0 
0 0 0 0 0 0 0 0 0 0 0 0 0 0 0 0 0 0 0 0 0 0 0 0 0 0 0 0 0 0 0 0 0 0 0 0 0 0 0 0 0 0 0 0 0 0 0 0 0 0 0 0 0 0 0 0 0 0 0 0 51 0 0 0 0 0 0 0 0 0 0 0 0 0 0 0 0 0 0 0 0 0 0 0 0 0 0 0 0 0 0 0 0 0 0 0 0 0 0 0 0 0 0 0 0 0 0 0 0 0 0 0 0 0 0 0 0 0 0 0 0 0 0 0 0 0 0 0 0 0 0 0 0 0 0 0 0 0 0 0 0 0 0 0 0 0 0 0 0 0 0 0 0 0 0 64 0 0 0 0 0 0 0 0 0 0 0 0 0 0 0 64 0 0 0 0 0 0 0 0 0 80 0 0 0 0 0 0 0 0 0 0 0 0 0 0 0 0 0 0 0 0 0 0 0 0 0 0 0 0 0 
0 0 0 0 0 0 0 0 0 0 0 0 0 0 0 0 0 0 0 0 67 0 0 32 0 0 0 0 0 0 104 0 0 0 0 0 0 0 0 0 0 0 0 0 0 0 0 0 0 0 0 0 0 0 0 0 0 0 0 0 51 0 0 0 0 0 0 0 0 0 0 0 0 0 0 0 61 0 0 0 0 0 0 144 0 0 0 0 0 0 144 64 0 0 0 0 0 0 0 0 0 0 51 0 0 0 0 0 0 0 0 0 0 100 0 0 0 80 0 0 0 0 0 0 144 0 0 0 0 0 0 0 0 0 0 0 0 0 0 0 0 0 0 0 72 0 0 0 0 0 0 0 0 40 32 92 0 0 0 0 0 0 0 96 0 0 0 0 0 0 0 51 0 0 0 0 0 0 0 0 0 0 77 0 0 0 0 0 80 0 0 0 0 0 0 0 0 0 0 0 0 0 0 0 0 0 64 160 0 0 0 
60 0 0 0 0 0 0 0 0 0 0 0 0 0 0 0 0 0 0 0 64 0 0 146 0 64 0 0 0 0 26 0 0 0 0 0 0 0 0 51 0 0 0 0 0 0 0 0 0 80 0 0 0 0 0 0 0 13 0 0 0 0 0 0 0 51 0 0 0 0 0 0 0 0 0 0 134 0 51 0 0 0 20 120 0 0 0 0 0 40 94 13 0 0 300 0 0 0 0 51 0 0 13 40 0 0 0 0 0 0 0 0 0 0 0 0 0 79 0 16 0 0 0 0 16 0 0 0 92 0 64 0 0 0 0 0 0 0 0 0 20 0 0 0 0 0 0 0 32 80 0 32 0 0 16 217 20 0 0 0 0 51 0 0 0 0 0 0 0 0 0 649 0 0 0 0 0 0 0 0 80 32 0 0 0 0 0 0 0 0 80 0 0 0 0 0 13 0 0 0 13 0 0 0 0 0 97 0 0 0 0 
0 0 0 0 0 0 0 0 0 0 0 0 0 0 0 0 0 0 0 0 0 0 0 0 0 0 0 0 0 0 0 0 0 0 0 0 0 0 0 0 0 0 0 0 0 0 0 0 0 0 0 0 0 0 0 0 0 0 0 0 0 0 0 0 0 0 0 0 0 0 0 0 0 0 0 0 0 0 0 0 0 0 0 0 0 0 0 0 0 0 0 0 0 0 0 0 0 0 0 0 0 0 0 0 0 0 0 0 0 0 0 0 0 0 0 0 0 0 0 0 0 0 0 0 0 0 0 0 64 0 0 0 0 0 0 0 0 0 0 0 0 0 0 0 0 0 0 0 0 0 0 0 0 0 0 0 0 0 0 0 0 0 0 0 0 0 0 0 0 0 0 0 0 0 0 0 0 0 0 0 0 0 0 0 0 0 0 0 0 0 0 0 0 0 0 0 0 0 0 0 0 0 0 0 0 0 0 0 0 0 0 
0 0 0 0 0 0 0 0 0 0 0 0 0 0 0 0 0 0 0 0 0 0 0 0 0 0 0 0 0 0 0 0 0 0 0 0 0 0 0 0 0 0 0 0 0 0 0 0 0 0 0 0 0 0 0 0 0 0 0 0 0 0 0 0 0 0 0 0 0 0 0 0 0 0 0 0 0 0 0 0 0 0 0 0 0 0 0 0 0 0 0 0 0 0 0 0 0 0 0 0 0 0 0 0 0 0 0 0 0 0 0 0 0 0 0 0 0 51 0 0 0 0 0 0 0 0 0 0 0 0 0 0 0 0 0 0 0 0 0 0 0 0 0 0 0 0 0 0 0 0 0 0 0 0 34 0 0 0 0 0 0 0 0 0 0 0 0 0 0 0 0 0 0 0 0 0 0 0 0 0 0 0 0 0 0 0 0 0 51 0 0 0 0 0 0 0 0 0 0 0 0 0 0 0 0 0 0 0 0 0 0 
524 0 0 0 152 0 0 0 0 0 100 0 0 0 80 0 0 51 0 0 0 0 32 1477 102 40 0 0 0 0 932 0 0 0 83 0 0 0 0 0 83 0 32 80 0 0 0 0 200 51 0 0 0 100 0 0 0 93 26 0 13 0 0 0 0 0 201 0 0 0 0 0 0 0 0 0 221 140 0 0 0 0 30 907 0 0 0 0 0 0 715 132 64 0 280 306 0 0 400 80 131 0 40 16 880 13 0 0 0 0 0 195 0 0 0 0 0 618 78 144 26 168 0 0 162 40 0 20 179 0 0 0 0 0 0 0 0 0 0 0 0 0 0 0 0 0 0 0 254 0 0 0 0 96 2411 2262 49 0 51 0 0 0 275 125 0 0 0 39 0 0 0 462 0 0 0 0 0 0 100 0 142 0 106 40 0 0 0 0 64 0 262 0 0 0 0 0 67 0 0 0 40 0 0 0 0 0 615 0 144 227 0 
249 0 0 0 16 0 0 0 0 0 0 0 0 0 52 0 0 0 0 0 0 0 0 496 0 0 0 0 0 0 13 0 0 0 0 0 0 0 0 80 0 0 0 0 0 0 0 0 16 0 0 0 0 0 0 0 0 51 0 0 0 0 0 40 0 0 0 0 0 0 0 0 0 113 0 0 168 92 0 0 0 0 0 226 0 0 0 0 0 0 73 128 0 0 0 0 0 0 0 0 0 0 0 0 20 0 100 0 0 0 0 26 0 0 0 0 0 321 0 112 0 300 0 0 160 32 0 0 0 0 26 0 0 0 0 0 0 0 0 0 20 0 0 0 0 0 0 0 64 758 0 0 0 0 80 437 100 0 0 0 0 0 0 80 0 0 0 0 0 0 0 175 0 26 0 0 0 0 0 0 51 100 0 0 0 0 0 0 20 0 0 0 0 0 0 0 154 0 0 0 117 0 0 0 0 0 296 0 0 0 0 
0 0 0 0 0 0 0 0 0 0 64 0 0 0 0 0 0 0 0 0 0 0 0 13 0 0 0 0 0 0 0 0 0 0 0 0 0 0 0 0 0 0 0 0 0 0 0 0 26 0 0 0 0 0 0 0 0 0 0 0 0 0 0 0 0 64 0 0 0 0 0 0 0 0 0 0 0 0 0 0 0 0 0 0 0 0 0 0 0 0 46 0 0 0 0 0 0 0 0 0 0 0 0 0 0 0 0 0 0 0 0 0 0 0 0 0 0 26 0 0 0 0 0 0 0 0 0 0 0 0 51 0 0 0 0 0 0 0 0 0 0 0 0 0 0 100 0 0 0 0 0 0 0 0 0 61 0 0 0 0 0 0 0 0 0 0 0 0 0 0 0 151 0 0 0 0 0 0 0 0 0 0 0 0 0 0 0 0 0 0 40 0 0 0 0 0 0 0 0 0 0 0 0 0 0 0 16 0 0 0 0 
0 0 0 0 64 0 0 0 0 0 0 0 0 0 0 0 0 0 0 0 0 0 13 180 0 0 0 0 0 0 0 0 0 0 20 0 0 0 0 0 0 0 0 0 0 0 0 0 40 0 0 0 0 0 0 0 0 0 0 0 0 0 0 0 0 0 0 0 0 0 0 0 0 0 0 0 0 20 0 0 0 0 0 148 0 0 0 0 0 0 169 0 16 0 80 0 0 0 0 0 0 0 0 0 0 51 0 0 0 0 0 0 32 0 0 0 0 51 0 80 0 0 0 0 20 0 0 51 32 0 0 0 0 0 0 0 0 0 0 0 0 0 0 0 0 0 0 0 0 0 0 0 0 0 137 217 40 0 0 0 0 0 0 0 0 0 51 0 0 0 0 384 0 0 0 0 0 0 0 0 80 0 0 0 0 0 0 0 26 0 0 0 0 0 0 0 64 0 0 0 51 0 0 0 0 0 16 0 0 0 0 
2177 64 0 0 0 0 0 0 0 0 0 0 0 0 0 0 0 0 0 0 0 0 100 347 100 0 0 0 82 0 761 0 0 0 40 0 0 0 0 0 0 0 0 0 0 26 0 0 0 0 0 0 0 0 0 0 0 0 0 0 0 0 0 0 0 32 0 0 0 26 0 0 0 0 0 0 26 0 0 0 0 0 120 197 0 0 0 0 51 13 121 13 0 0 104 0 0 0 0 0 32 0 0 51 0 0 0 0 0 0 0 0 0 0 0 0 0 462 0 16 0 0 0 0 0 0 0 0 0 0 0 0 0 0 0 0 0 0 0 0 0 0 0 0 0 0 0 0 0 0 0 0 80 0 450 208 0 0 13 0 0 80 0 32 0 0 0 0 0 0 0 121 0 0 0 0 0 0 0 0 32 0 0 0 0 0 0 0 0 0 0 0 0 0 0 0 0 0 0 0 0 0 0 0 0 20 26 0 0 64 0 
653 0 0 0 77 0 0 0 0 0 0 0 0 0 64 0 0 0 0 0 0 0 100 129 0 220 0 0 0 0 51 0 0 0 140 0 0 0 0 100 0 0 0 0 0 0 0 0 0 0 120 0 0 0 0 0 0 72 0 0 0 0 0 20 20 0 0 0 0 0 0 0 0 51 0 0 54 80 64 0 0 0 26 401 0 0 0 0 0 26 47 119 0 0 119 0 0 0 132 0 0 0 32 0 0 51 0 0 0 0 0 80 0 0 0 0 0 409 0 116 100 40 0 0 80 49 0 0 13 0 0 80 0 0 0 0 0 0 0 0 0 0 0 0 0 57 0 0 0 26 0 0 26 0 156 505 0 0 0 0 0 64 200 215 0 0 0 0 0 0 0 328 0 0 0 0 0 0 0 0 0 72 0 160 0 0 0 0 0 40 144 0 0 0 0 0 0 0 0 0 0 0 0 0 0 0 84 0 0 80 0 
2077 0 0 0 167 64 0 0 0 0 0 51 0 0 555 0 0 100 0 0 84 0 210 3074 131 437 0 0 308 0 954 0 0 0 360 0 0 0 13 169 154 13 115 16 0 126 0 0 225 319 340 0 0 0 0 0 0 777 0 0 100 0 20 92 0 64 32 0 0 400 0 0 0 100 0 0 719 194 0 0 0 0 391 1948 0 0 0 0 100 217 3243 898 32 0 487 170 0 0 0 370 738 0 199 51 129 143 0 0 0 0 0 676 0 0 0 264 100 2658 67 580 177 657 0 13 296 90 0 100 254 100 51 72 100 0 0 0 0 0 0 0 0 16 0 0 64 264 0 16 478 213 0 164 332 203 526 8035 304 32 26 0 0 104 1433 576 0 54 0 237 0 0 80 2303 0 81 0 0 40 0 106 0 269 570 172 0 0 0 0 0 226 13 486 0 135 0 0 0 502 0 226 0 207 0 80 0 32 230 669 64 16 1239 0 
7044 0 0 0 551 209 0 0 0 102 383 136 0 0 1198 128 0 20 0 0 345 0 1443 20113 166 229 0 0 126 0 3218 52 0 0 1595 256 0 0 186 950 506 312 94 144 0 64 166 83 1289 2164 83 40 0 40 0 0 0 373 0 0 774 80 0 254 0 83 244 26 0 67 241 0 0 174 0 0 2147 1720 64 32 0 112 826 7795 32 126 40 100 61 839 4129 2420 389 80 1345 1037 0 0 256 82 474 0 818 481 661 355 51 90 80 0 777 203 80 80 213 110 112 23974 650 3204 101 1944 0 284 1035 1306 57 115 1229 220 352 80 511 0 0 0 0 0 0 0 570 0 0 40 98 240 32 0 1689 417 0 46 457 374 4963 23459 1160 139 97 0 0 265 2030 1263 0 58 254 621 0 0 0 6994 0 520 64 0 0 0 227 0 1584 1882 301 67 0 0 0 0 397 64 950 0 671 0 106 73 1964 0 193 0 2065 0 128 0 238 584 5861 325 339 911 0 
598 0 0 0 0 0 0 0 0 0 0 0 0 0 298 0 0 0 0 0 0 0 80 1297 0 0 0 0 0 0 212 64 0 0 16 0 0 0 0 0 0 0 0 0 0 0 0 100 26 80 0 0 0 0 0 0 0 106 0 0 90 0 0 96 0 0 384 0 0 0 0 0 0 0 0 0 33 100 16 0 0 0 120 477 0 0 0 100 32 272 267 200 0 0 110 64 0 0 0 0 0 0 51 20 0 0 0 0 0 0 100 0 0 0 0 13 0 829 0 384 0 160 0 0 54 94 0 0 180 0 0 80 0 0 0 0 0 0 0 0 0 0 0 0 0 0 0 0 80 0 0 0 0 100 268 730 532 0 0 0 0 0 516 140 0 0 0 0 0 0 0 981 0 0 0 0 0 0 32 0 100 220 0 0 0 0 0 0 100 0 261 0 64 0 0 0 73 0 0 0 65 0 0 0 0 0 451 0 0 64 0 
73 0 0 0 0 0 0 0 0 0 0 0 0 0 0 0 0 0 0 0 0 0 0 116 0 0 0 0 0 0 0 0 0 0 0 0 0 0 0 0 0 0 0 0 0 0 0 0 64 0 0 0 0 0 0 0 0 0 0 0 0 0 0 0 0 0 51 0 0 0 0 0 0 0 0 0 0 0 0 0 0 0 0 0 0 0 0 0 0 16 0 0 20 0 116 0 0 0 0 0 0 0 0 0 0 0 0 0 0 0 0 0 0 0 0 0 0 20 0 100 0 80 0 0 26 0 0 0 0 0 0 0 0 0 0 0 0 0 0 0 0 0 0 0 0 0 0 0 0 0 0 0 16 80 0 0 0 0 0 0 0 0 0 0 0 0 0 0 0 0 0 40 0 0 0 0 0 0 0 0 0 51 80 0 0 0 0 0 0 0 0 0 0 0 0 0 0 0 0 0 0 0 0 0 0 0 51 0 0 0 0 
173 0 0 0 0 0 0 0 0 0 0 0 0 0 100 0 0 0 0 0 0 0 0 177 0 80 0 0 0 0 145 0 0 0 0 0 0 0 0 0 0 13 0 0 0 0 0 0 0 0 16 0 0 0 0 0 0 13 0 0 0 0 0 0 0 0 0 0 0 0 0 0 0 0 0 0 0 0 0 0 0 0 67 75 0 0 0 0 0 32 0 0 0 0 0 0 0 0 16 0 0 0 0 40 40 0 0 0 0 0 0 16 0 0 0 0 0 156 0 26 0 80 0 0 0 0 0 0 51 0 0 0 0 0 0 0 0 0 0 0 32 0 0 0 0 0 0 0 0 0 0 0 0 20 57 741 80 0 0 0 0 0 26 0 0 0 32 0 0 0 0 424 0 77 0 0 0 0 0 0 180 32 0 0 0 0 0 0 118 0 0 0 0 0 0 0 0 0 0 0 0 0 0 0 0 26 126 0 0 164 0 
0 0 0 0 0 0 0 0 0 0 0 0 0 0 0 0 0 0 0 0 0 0 0 0 0 0 0 0 0 0 0 0 0 0 0 0 0 0 0 0 0 0 0 0 0 0 0 0 0 0 0 0 0 0 0 0 0 0 0 0 0 0 0 0 0 0 0 0 0 0 0 0 0 0 0 0 0 0 0 0 0 0 0 0 0 0 0 0 0 0 0 0 0 0 0 0 0 0 0 0 0 0 0 0 0 0 0 0 0 0 0 0 0 0 0 0 0 0 0 0 0 0 0 0 0 0 0 0 0 0 0 0 0 0 0 0 0 0 0 0 0 0 0 0 0 0 0 0 0 0 0 0 0 0 0 0 0 0 0 0 0 0 0 0 0 0 0 0 0 0 0 0 0 0 0 0 0 0 0 0 0 0 0 0 0 0 0 0 0 0 0 0 0 0 0 0 0 0 0 0 0 0 0 0 0 0 0 0 0 0 0 
26 0 0 0 64 0 0 0 0 0 0 0 0 0 0 0 0 0 0 0 0 0 0 26 0 0 0 0 0 0 16 0 0 0 0 0 0 0 0 0 0 0 0 0 0 0 0 0 0 0 0 0 0 0 0 0 0 0 0 0 0 0 0 0 0 0 0 0 0 0 0 0 0 0 0 0 0 51 0 0 0 0 0 0 0 0 0 0 0 0 64 0 0 0 0 0 0 0 0 0 0 0 0 0 0 0 0 0 0 0 0 0 0 0 0 0 0 16 0 0 0 0 0 0 0 0 0 0 0 0 0 0 0 0 0 0 0 0 0 0 0 0 0 0 0 0 0 0 0 0 0 0 13 0 32 0 0 0 0 0 0 0 0 0 0 0 80 0 0 0 0 115 0 0 0 0 0 0 0 0 0 0 0 0 0 0 0 0 0 0 0 0 0 0 0 0 0 0 0 0 0 0 0 0 0 0 0 0 0 0 0 
194 0 0 0 51 0 0 0 0 0 0 0 0 0 0 0 0 0 0 0 0 0 26 210 0 0 0 0 0 0 33 0 0 0 0 0 0 0 0 0 0 0 0 0 0 0 0 0 80 135 0 0 0 0 0 0 0 13 0 0 0 0 0 16 0 0 0 0 0 0 0 0 0 100 0 0 13 67 0 0 0 20 0 255 0 0 0 0 0 77 26 40 0 0 13 0 0 0 0 0 0 0 0 0 16 0 32 0 0 0 0 0 0 26 0 0 0 362 0 112 0 0 0 0 57 34 0 0 0 0 0 0 0 0 0 0 0 0 0 0 0 64 0 0 0 0 0 0 64 0 0 0 26 0 142 818 37 0 0 0 0 0 40 0 0 0 32 0 0 0 0 72 0 0 0 0 0 0 0 0 0 0 0 0 0 0 0 0 0 0 13 0 0 0 0 0 0 0 0 0 0 0 0 0 0 42 0 0 0 100 0 
1270 0 51 0 288 0 0 0 0 32 51 64 0 0 1124 160 0 0 0 0 0 0 189 1692 147 162 0 0 179 0 164 0 0 0 848 147 0 0 16 199 104 16 0 80 0 0 0 0 254 279 460 0 0 80 0 0 0 126 16 0 293 0 0 241 0 80 170 0 0 0 0 0 0 0 0 0 300 108 0 0 0 0 0 1423 0 0 0 0 64 283 500 64 20 0 188 80 0 0 131 40 140 0 32 16 0 300 0 0 0 0 0 260 0 0 0 0 0 730 0 260 32 180 0 0 203 193 0 0 0 13 0 64 80 0 0 0 0 0 0 0 32 0 0 20 0 351 0 0 416 291 0 0 0 75 215 2200 213 53 0 0 0 0 614 0 0 0 0 144 0 0 0 1034 0 80 0 0 0 0 0 0 144 233 40 0 0 0 0 0 106 0 90 0 51 0 0 0 16 0 0 0 80 0 0 0 0 200 254 80 0 340 0 
826 0 0 0 115 0 0 0 0 0 20 0 0 0 129 0 0 0 0 0 32 0 0 847 64 72 0 0 0 0 215 0 0 0 156 0 0 0 220 32 0 0 0 0 0 51 0 0 106 113 20 0 0 0 0 0 0 131 0 0 0 0 0 0 0 0 16 0 0 0 0 0 0 0 0 0 337 30 0 0 0 0 164 334 64 0 0 0 0 131 653 121 51 0 40 0 0 0 0 0 228 0 207 100 20 200 0 0 0 0 0 32 0 0 0 32 0 1280 0 223 0 51 0 0 251 13 0 0 53 0 64 0 51 0 0 0 0 0 0 0 34 0 0 0 0 0 0 0 106 32 0 0 26 20 355 1854 41 0 0 0 0 0 74 0 0 0 100 92 0 0 0 643 0 0 0 0 0 0 106 0 185 143 67 0 0 0 0 0 26 0 205 0 13 0 0 0 149 0 0 0 90 0 13 0 0 80 210 0 0 308 0 
0 0 0 0 0 0 0 0 0 0 0 0 0 0 0 0 0 0 0 0 0 0 0 0 0 0 0 0 0 0 0 0 0 0 0 0 0 0 0 0 0 0 0 0 0 0 0 0 0 0 0 0 0 0 0 0 0 0 0 0 0 0 0 0 0 0 0 0 0 0 0 0 0 0 0 0 0 0 0 0 0 0 0 0 0 0 0 0 0 0 0 0 0 0 0 0 0 0 0 0 0 0 0 0 0 0 0 0 0 0 0 0 0 0 0 0 0 0 0 0 0 0 0 0 0 0 0 0 0 0 0 0 0 0 0 0 0 0 0 0 0 0 0 0 0 0 0 0 0 0 0 0 0 0 0 0 0 0 0 0 0 0 0 0 0 0 0 0 0 0 0 0 0 0 0 0 0 0 0 0 0 0 0 0 0 0 0 0 0 0 0 0 0 0 0 0 0 0 0 0 0 0 0 0 0 0 0 0 0 0 0 
67 0 0 0 0 0 0 0 0 0 0 0 0 0 0 0 0 0 0 0 0 0 0 58 0 0 0 0 0 0 0 0 0 0 102 0 0 0 0 0 0 0 0 0 0 0 0 0 0 0 0 0 0 0 0 0 0 0 0 0 0 0 0 0 0 0 0 0 0 0 0 0 0 0 0 0 96 0 0 0 0 0 0 102 0 0 0 0 0 0 104 0 0 0 0 0 0 0 0 0 0 0 0 0 0 40 0 0 0 0 0 0 0 0 0 0 0 0 51 0 0 0 0 0 0 0 0 0 0 0 0 0 0 0 0 0 0 0 0 0 0 0 0 0 0 0 0 0 0 0 0 0 80 0 13 144 0 0 0 0 0 0 0 51 0 0 0 16 0 0 0 180 0 0 0 0 0 0 0 0 0 0 0 0 0 0 0 0 0 0 0 0 0 0 0 0 80 0 0 0 200 0 0 0 100 0 0 0 0 16 0 
417 0 0 0 0 0 0 0 0 0 0 0 0 0 65 0 0 0 0 0 0 0 13 266 0 20 0 0 0 0 145 0 0 0 192 0 0 0 0 0 0 0 0 0 0 0 0 0 13 0 0 0 0 0 0 0 0 119 0 0 51 0 0 0 0 0 0 0 0 0 0 0 0 0 0 0 105 0 0 0 0 0 26 73 0 0 0 0 0 0 903 58 57 0 0 100 0 0 0 0 0 0 0 0 0 0 0 0 0 0 0 165 0 0 0 13 0 264 0 26 0 0 0 0 16 16 0 0 0 0 0 0 0 0 0 0 80 0 0 0 64 0 0 0 0 0 0 0 32 100 0 0 0 16 137 920 0 0 0 0 0 0 332 0 0 0 0 88 0 0 0 261 0 0 0 0 0 0 0 0 0 0 0 0 0 0 0 0 0 0 200 0 0 0 0 0 0 0 0 0 0 0 0 0 0 0 190 0 80 40 0 
458 0 0 0 0 0 0 0 0 0 0 20 0 0 132 0 0 0 0 0 0 0 73 711 26 0 0 0 0 0 0 0 0 0 0 0 0 0 0 247 0 0 0 0 0 0 0 0 0 0 0 0 0 0 0 0 0 64 0 0 20 0 0 0 0 0 0 0 0 0 0 0 0 0 0 0 0 0 0 0 0 0 0 128 0 0 0 0 0 65 252 0 0 0 104 0 0 0 40 0 0 0 0 0 0 0 0 0 0 0 0 0 0 0 0 0 0 436 0 84 0 0 0 0 40 0 0 0 16 0 51 0 0 0 0 0 0 0 0 0 80 0 0 100 0 0 0 0 13 100 0 0 64 0 140 1555 16 0 0 0 0 0 52 80 0 100 0 160 0 0 64 199 0 0 0 0 0 0 0 0 0 57 0 0 0 0 0 0 0 0 0 0 32 0 0 0 251 0 0 0 0 0 0 0 20 0 85 0 0 0 0 
0 0 0 0 0 0 0 0 0 0 0 0 0 0 0 0 0 0 0 0 0 0 0 0 0 0 0 0 0 0 0 0 0 0 0 0 0 0 0 0 0 0 0 0 0 0 0 0 0 0 0 0 0 0 0 0 0 0 0 0 0 0 0 0 0 0 0 0 0 0 0 0 0 0 0 0 0 0 0 0 0 0 0 0 0 0 0 0 0 0 0 0 0 0 0 0 0 0 0 0 0 0 0 0 0 0 0 0 0 0 0 0 0 0 0 0 0 0 0 0 0 0 0 0 0 0 0 0 0 0 0 0 0 0 0 0 0 0 0 0 0 0 0 0 0 0 0 0 0 0 0 0 0 0 0 0 0 0 0 0 0 0 0 0 0 0 0 0 0 0 0 0 0 0 0 0 0 0 0 0 0 0 0 0 0 0 0 0 0 0 0 0 0 0 0 0 0 0 0 0 0 0 0 0 0 0 0 0 0 0 0 
0 0 0 0 0 0 0 0 0 0 0 0 0 0 0 0 0 0 0 0 0 0 0 0 0 0 0 0 0 0 0 0 0 0 0 0 0 0 0 0 0 0 0 0 0 0 0 0 0 0 0 0 0 0 0 0 0 0 0 0 0 0 0 0 0 0 0 0 0 0 0 0 0 0 0 0 0 0 0 0 0 0 0 0 0 0 0 0 0 0 0 0 0 0 0 0 0 0 0 0 0 0 0 0 0 0 0 0 0 0 0 0 0 0 0 0 0 0 0 0 0 0 0 0 0 0 0 0 0 0 0 0 0 0 0 0 0 0 0 0 0 0 0 0 0 0 0 0 0 0 0 0 0 0 0 0 0 0 0 0 0 0 0 0 0 0 0 0 0 0 0 0 0 0 0 0 0 0 0 0 0 0 0 0 0 0 0 0 0 0 0 0 0 0 0 0 0 0 0 0 0 0 0 0 0 0 0 0 0 0 0 
0 0 0 0 0 0 0 0 0 0 0 0 0 0 0 0 0 0 0 0 0 0 0 0 0 0 0 0 0 0 0 0 0 0 0 0 0 0 0 0 0 0 0 0 0 0 0 0 64 0 0 0 0 0 0 0 0 0 0 0 0 0 0 0 0 0 0 0 0 0 0 0 0 0 0 0 0 0 0 0 0 0 0 0 0 0 0 0 0 0 13 0 0 0 0 0 0 0 0 0 0 0 0 0 0 0 0 0 0 0 0 0 0 0 0 0 0 57 0 0 0 0 0 0 0 0 0 0 0 0 0 0 0 0 0 0 0 0 0 0 0 0 0 0 0 0 0 0 0 0 0 0 0 0 0 96 0 0 0 0 0 0 0 0 0 0 0 0 0 0 0 0 0 0 0 0 0 0 0 0 0 0 0 0 0 0 0 0 0 0 0 0 0 0 0 0 0 0 0 0 0 0 0 0 0 0 0 0 0 0 0 
4184 0 0 0 275 0 0 0 0 0 224 80 0 0 890 51 0 0 0 0 0 0 279 5847 252 880 64 0 79 0 1336 0 0 0 1051 120 0 0 73 493 128 67 0 0 0 0 20 100 613 763 157 16 0 180 0 0 0 335 32 0 201 0 0 315 0 67 264 100 0 134 0 0 0 26 0 0 1237 984 144 0 0 0 523 3242 106 0 0 0 34 301 4189 1142 80 0 200 247 0 0 83 32 254 0 301 246 145 75 80 0 0 0 110 449 40 0 51 104 0 3574 234 723 77 867 0 0 810 437 0 408 496 0 117 100 0 0 0 0 0 0 0 0 241 251 0 0 0 53 0 0 953 436 0 218 612 275 3283 13557 1289 64 16 0 0 240 711 1370 0 51 65 291 0 0 0 3595 0 26 0 64 0 0 345 0 620 967 820 20 0 0 0 0 770 51 431 51 64 0 0 20 1258 0 224 0 652 0 317 0 0 227 1996 0 164 397 0 
0 0 0 0 0 0 0 0 0 0 0 0 0 0 0 0 0 0 0 0 0 0 0 0 0 0 0 0 0 0 0 0 0 0 0 0 0 0 0 0 0 0 0 0 0 0 0 0 0 0 0 0 0 0 0 0 0 0 0 0 0 0 0 0 0 0 0 0 0 0 0 0 0 0 0 0 0 0 0 0 0 0 0 0 0 0 0 0 0 0 0 0 0 0 0 0 0 0 0 0 0 0 0 0 0 0 0 0 0 0 0 0 0 0 0 0 0 0 0 0 0 0 0 0 0 0 0 0 0 0 0 0 0 0 0 0 0 0 0 0 0 0 0 0 0 0 0 0 0 0 0 0 0 0 0 0 0 0 0 0 0 0 0 0 0 0 0 0 0 0 0 0 0 0 0 0 0 0 0 0 0 0 0 0 0 0 0 0 0 0 0 0 0 0 0 0 0 0 0 0 0 0 0 0 0 0 0 0 0 0 0 
40 0 0 0 0 0 0 0 0 0 0 0 0 0 0 0 0 0 0 0 0 0 51 90 0 0 0 0 0 0 64 0 0 0 0 0 0 0 0 0 0 0 0 0 0 0 0 0 0 0 0 0 0 0 0 0 0 0 0 0 0 0 0 0 0 0 0 0 0 0 0 0 0 0 0 0 64 0 0 0 0 0 0 32 0 0 0 0 0 13 400 0 0 0 0 0 0 0 0 0 0 0 0 0 0 0 0 0 0 0 0 0 0 0 0 0 0 51 0 0 0 0 0 0 0 13 0 0 0 0 0 0 0 0 0 0 0 0 0 0 0 0 0 0 0 0 0 0 0 0 0 0 0 0 0 1008 100 0 0 0 0 0 0 0 0 0 0 0 0 0 0 16 0 32 0 0 0 0 0 0 0 51 0 0 0 0 0 0 0 0 0 0 0 0 0 0 0 0 0 0 52 0 0 0 0 0 80 0 0 0 0 
100 0 0 0 0 0 0 0 0 0 0 0 0 0 0 0 0 0 0 0 0 0 64 0 0 0 0 0 0 0 0 0 0 0 0 0 0 0 0 0 0 0 0 0 0 0 0 0 0 0 0 0 0 0 0 0 0 0 0 0 0 0 0 0 0 0 0 0 0 0 0 0 0 0 0 0 0 0 0 0 0 0 0 144 0 0 0 0 0 0 100 100 0 0 0 0 0 0 0 0 0 0 0 0 0 0 0 0 0 0 0 0 64 0 0 0 0 16 0 0 0 0 0 0 0 0 0 0 0 0 0 0 0 0 0 0 0 0 0 0 0 0 0 0 0 0 0 0 0 0 0 0 0 0 64 518 0 0 0 0 0 0 51 0 0 0 0 0 0 0 0 0 0 0 51 0 0 0 0 0 0 32 0 0 0 0 0 0 0 0 0 0 0 0 0 0 0 0 0 0 0 0 0 0 0 0 0 0 0 0 0 
0 0 0 0 0 0 0 0 0 0 0 0 0 0 0 0 0 0 0 0 0 0 0 0 0 0 0 0 0 0 0 0 0 0 0 0 0 0 0 0 0 0 0 0 0 0 0 0 0 0 0 0 0 0 0 0 0 0 0 0 0 0 0 0 0 0 0 0 0 0 0 0 0 0 0 0 0 0 0 0 0 0 0 0 0 0 0 0 0 0 0 0 0 0 0 0 0 0 0 0 0 0 0 0 0 0 0 0 0 0 0 0 0 0 0 0 0 0 0 0 0 0 0 0 0 0 0 0 0 0 0 0 0 0 0 0 0 0 0 0 0 0 0 0 0 0 0 0 0 0 0 0 0 0 0 100 0 0 0 0 0 0 0 0 0 0 0 0 0 0 0 0 0 0 0 0 0 0 0 0 0 0 0 0 0 0 0 0 0 0 0 0 0 0 0 0 0 0 0 0 0 0 0 0 0 0 0 0 0 0 0 
0 0 0 0 0 0 0 0 0 0 0 0 0 0 0 0 0 0 0 0 0 0 0 0 0 0 0 0 0 0 0 0 0 0 0 0 0 0 0 0 0 0 0 0 0 0 0 0 0 0 0 0 0 0 0 0 0 0 0 0 0 0 0 0 0 0 0 0 0 0 0 0 0 0 0 0 0 0 0 0 0 0 0 0 0 0 0 0 0 0 0 0 0 0 0 0 0 0 0 0 0 0 0 0 0 0 0 0 0 0 0 0 0 0 0 0 0 0 0 0 0 0 0 0 0 0 0 0 0 0 0 0 0 0 0 0 0 0 0 0 0 0 0 0 0 0 0 0 0 0 0 0 0 0 0 100 0 0 0 0 0 0 0 0 0 0 0 0 0 0 0 0 0 0 0 0 0 0 0 0 0 0 0 0 0 0 0 0 0 0 0 0 0 0 0 0 0 0 0 0 0 0 0 0 0 0 0 0 0 0 0 
0 0 0 0 0 0 0 0 0 0 0 0 0 0 0 0 0 0 0 0 0 0 0 64 0 0 0 0 0 0 0 0 0 0 0 0 0 0 0 0 0 0 0 0 0 0 0 0 0 0 0 0 0 0 0 0 0 0 0 0 0 0 0 0 0 0 0 0 0 0 0 0 0 0 0 0 0 0 0 0 0 0 0 51 0 0 0 0 0 0 40 0 0 0 0 0 0 0 0 0 0 0 0 0 0 0 0 0 0 0 0 0 0 0 0 0 0 0 0 0 0 0 0 0 0 0 0 0 0 0 0 0 0 0 0 0 0 0 0 0 0 0 0 0 0 0 0 0 0 0 0 0 0 0 0 140 0 0 0 0 0 0 26 0 0 0 0 0 0 0 0 16 0 0 0 0 0 0 0 0 53 0 0 0 0 0 0 0 0 0 0 0 0 0 0 0 0 0 0 0 0 0 0 0 0 0 0 0 0 0 0 
311 0 0 0 0 0 0 0 0 0 100 0 0 0 0 0 0 0 0 0 0 0 64 34 0 16 0 0 0 0 51 0 0 0 34 64 0 0 0 0 0 0 0 0 0 0 0 0 0 93 0 0 0 0 0 0 0 40 0 0 0 0 0 0 0 0 0 0 0 0 0 0 0 0 0 0 32 20 0 0 0 0 0 140 0 0 0 0 0 0 13 16 0 0 0 80 0 0 0 0 0 0 26 0 0 0 0 0 0 0 0 0 0 0 0 0 0 58 0 0 0 0 0 16 0 0 0 26 0 0 0 0 0 0 0 0 0 0 0 0 0 0 0 0 0 0 0 0 40 0 0 0 0 0 13 854 0 0 0 0 0 0 200 0 0 0 0 0 0 0 0 51 0 0 0 0 0 0 0 0 40 0 0 0 0 0 0 0 51 0 121 0 16 0 0 0 0 0 0 0 0 0 0 0 0 0 20 0 0 0 0 
0 0 0 0 0 0 0 0 0 0 0 0 0 0 0 0 0 0 0 0 0 0 0 0 0 0 0 0 0 0 0 0 0 0 0 0 0 0 0 0 0 0 0 0 0 0 0 0 0 0 0 0 0 0 0 0 0 0 0 0 0 0 0 0 0 0 0 0 0 0 0 0 0 0 0 0 0 0 0 0 0 0 0 0 0 0 0 0 0 0 0 0 0 0 0 0 0 0 0 0 0 0 0 0 0 0 0 0 0 0 0 0 0 0 0 0 0 0 0 0 0 0 0 0 0 0 0 0 0 0 0 0 0 0 0 0 0 0 0 0 0 0 0 0 0 0 0 0 0 0 0 0 0 0 0 0 0 0 0 0 0 0 0 0 0 0 0 0 0 0 0 0 0 0 0 0 0 0 0 0 0 0 0 0 0 0 0 0 0 0 0 0 0 0 0 0 0 0 0 0 0 0 0 0 0 0 0 0 0 0 0 
1193 0 0 0 100 0 0 0 0 0 0 240 0 0 0 32 0 0 0 0 0 0 42 1894 154 0 0 0 0 0 458 0 0 0 379 13 0 0 0 52 0 0 0 0 0 0 0 0 40 251 0 0 0 0 0 0 0 41 0 0 400 0 0 80 0 0 100 0 0 58 0 0 0 0 0 0 126 0 0 100 0 0 77 991 0 0 0 32 0 200 394 552 39 13 96 26 0 0 0 0 0 0 54 0 96 0 0 0 0 0 0 39 0 0 0 16 0 354 140 267 0 0 0 0 122 64 0 0 16 0 0 0 51 0 0 0 0 0 0 0 0 0 0 0 0 0 0 0 122 0 0 0 20 32 388 1982 120 0 0 0 0 0 106 0 0 0 160 20 0 0 0 1087 0 13 0 0 0 0 0 0 80 83 0 0 0 0 0 0 80 0 51 0 64 0 0 0 151 0 32 0 64 0 0 0 16 0 517 0 0 64 0 
1392 0 0 0 26 0 0 0 0 0 0 13 0 0 51 0 0 0 0 0 0 0 151 1578 16 16 26 0 77 0 16 0 0 0 80 0 0 0 0 88 0 0 0 0 0 0 16 0 0 20 0 40 0 0 0 0 0 51 0 0 0 0 0 92 20 0 0 0 0 0 0 0 0 0 0 0 193 0 0 26 0 0 80 358 0 0 0 0 0 67 432 583 0 32 53 127 0 0 0 0 0 0 16 0 0 0 0 0 0 0 80 77 0 0 0 0 0 928 0 115 0 151 0 0 16 87 0 0 0 80 0 80 0 0 0 0 0 0 0 0 40 0 0 0 40 13 0 0 114 47 0 0 64 64 327 5465 356 0 0 0 0 0 80 340 0 0 90 0 0 0 0 315 0 0 0 0 0 0 26 0 112 109 0 0 0 0 0 0 0 0 224 0 32 0 0 0 32 0 160 0 264 0 0 0 0 0 306 64 51 96 0 
40 0 0 0 0 0 0 0 0 0 0 0 0 0 260 0 0 0 0 0 0 0 0 598 80 0 0 0 0 0 191 0 0 0 0 0 0 0 0 0 0 0 0 0 0 0 0 0 32 0 0 0 0 0 0 0 0 0 0 0 0 0 0 0 0 0 200 0 0 0 0 0 0 0 0 0 51 0 0 0 0 0 20 0 0 0 0 0 0 0 93 0 0 0 0 0 0 0 0 0 0 0 0 0 80 0 0 0 0 0 0 0 0 0 0 0 0 197 0 80 0 80 0 0 106 0 0 64 0 0 0 0 0 0 0 0 100 0 0 0 0 0 0 0 40 100 0 0 100 20 0 0 0 0 61 96 0 0 0 0 0 40 16 37 0 0 0 0 0 0 0 154 0 0 0 0 0 0 0 0 0 16 104 0 0 0 0 0 0 0 100 0 0 0 0 0 0 0 0 0 80 0 0 0 0 0 193 0 0 0 0 
0 0 0 0 0 0 0 0 0 0 0 0 0 0 0 0 0 0 0 0 0 0 0 118 0 0 0 0 0 0 0 0 0 0 0 0 0 0 0 0 0 0 0 0 0 0 0 0 0 51 0 0 0 0 0 0 0 0 0 0 0 0 0 0 0 0 0 0 0 0 0 0 0 80 0 0 0 0 0 0 0 0 0 0 0 0 0 0 0 0 80 0 0 0 40 0 0 0 0 0 0 0 0 0 0 0 0 0 0 0 0 0 0 0 0 0 0 0 0 0 0 0 0 0 0 0 0 0 0 0 0 0 0 0 0 0 0 0 0 0 0 0 0 0 0 0 0 0 0 0 0 0 0 0 64 16 0 0 0 0 0 100 0 40 0 0 0 0 0 0 0 600 0 0 0 0 0 0 0 0 0 0 0 0 0 0 0 0 0 0 0 40 0 0 0 0 0 0 0 0 0 0 0 0 0 0 0 0 0 0 0 
0 0 0 0 0 0 0 0 0 0 0 0 0 0 0 0 0 0 0 0 0 0 0 0 0 0 0 0 0 0 0 0 0 0 0 0 0 0 0 0 0 0 0 0 0 0 0 0 0 0 0 0 0 0 0 0 0 0 0 0 0 0 0 0 0 0 0 0 0 0 0 0 0 0 0 0 0 0 0 0 0 0 0 0 0 0 0 0 0 0 0 0 0 0 0 0 0 0 0 0 0 0 0 0 0 0 0 0 0 0 0 0 0 0 0 0 0 80 0 0 0 0 0 0 0 0 0 0 0 0 0 0 0 0 0 0 0 0 0 0 0 0 0 0 0 0 0 0 0 0 0 0 0 0 0 0 0 0 0 0 0 0 0 0 0 0 0 0 0 0 0 0 0 0 0 0 0 0 0 0 0 0 0 0 0 0 0 0 0 0 0 0 0 0 0 0 0 0 0 0 0 0 0 0 0 0 0 0 0 0 0 
0 0 0 0 0 0 0 0 0 0 0 0 0 0 0 0 0 0 0 0 0 0 0 0 0 0 0 0 0 0 0 0 0 0 0 0 0 0 0 0 0 0 0 0 0 0 0 0 0 0 0 0 0 0 0 0 0 0 0 0 0 0 0 0 0 0 0 0 0 0 0 0 0 0 0 0 0 0 0 0 0 0 0 0 0 0 0 0 0 0 0 0 0 0 0 0 0 0 0 0 0 0 0 0 0 0 0 0 0 0 0 0 0 0 0 0 0 0 0 0 0 0 0 0 0 0 0 0 0 0 0 0 0 0 0 0 0 0 0 0 0 0 0 0 0 0 0 0 0 0 0 0 0 0 0 0 0 0 0 0 0 0 0 0 0 0 0 0 0 0 0 0 0 0 0 0 0 0 0 0 0 0 0 0 0 0 0 0 0 0 0 0 0 0 0 0 0 0 0 0 0 0 0 0 0 0 0 0 0 0 0 
0 0 0 0 0 0 0 0 0 0 0 0 0 0 0 0 0 0 0 0 0 0 0 0 0 0 0 0 0 0 0 0 0 0 0 0 0 0 0 0 0 0 0 0 0 0 0 0 0 0 0 0 0 0 0 0 0 0 0 0 0 0 0 0 0 0 0 0 0 0 0 0 0 0 0 0 0 0 0 0 0 0 0 0 0 0 0 0 0 0 0 0 0 0 0 0 0 0 0 0 0 0 0 0 0 0 0 0 0 0 0 0 0 0 0 0 0 0 0 0 0 0 0 0 0 0 0 0 0 0 0 0 0 0 0 0 0 0 0 0 0 0 0 0 0 0 0 0 0 0 0 0 0 0 0 0 0 0 0 0 0 0 0 0 0 0 0 0 0 0 0 0 0 0 0 0 0 0 0 0 0 0 0 0 0 0 0 0 0 0 0 0 0 0 0 0 0 0 0 0 0 0 0 0 0 0 0 0 0 0 0 
0 0 0 0 0 0 0 0 0 0 0 0 0 0 0 0 0 0 0 0 0 0 0 0 0 0 0 0 0 0 0 0 0 0 0 0 0 0 0 0 0 0 0 0 0 0 0 0 0 0 0 0 0 0 0 0 0 0 0 0 0 0 0 0 0 0 0 0 0 0 0 0 0 0 0 0 0 0 0 0 0 0 0 0 0 0 0 0 0 0 0 0 0 0 0 0 0 0 0 0 0 0 0 0 0 0 0 0 0 0 0 0 0 0 0 0 0 0 0 0 0 0 0 0 0 0 0 0 0 0 0 0 0 0 0 0 0 0 0 0 0 0 0 0 0 0 0 0 0 0 0 0 0 0 0 0 0 0 0 0 0 0 0 0 0 0 0 0 0 0 0 0 0 0 0 0 0 0 0 0 0 0 0 0 0 0 0 0 0 0 0 0 0 0 0 0 0 0 0 0 0 0 0 0 0 0 0 0 0 0 0 
382 0 0 0 156 0 0 0 0 0 0 0 0 0 0 0 0 0 0 0 0 0 100 237 32 42 0 0 16 0 137 0 0 0 275 0 0 0 0 51 0 0 0 0 0 64 20 0 67 51 80 0 0 0 0 0 0 0 0 0 81 0 0 0 0 0 0 0 0 0 0 0 0 0 0 0 32 64 40 0 0 0 0 224 0 0 0 0 0 16 1047 26 0 0 0 64 0 0 13 0 40 0 0 0 0 0 0 0 0 0 112 72 0 0 0 0 0 570 0 105 16 181 0 0 113 0 100 0 0 0 0 0 80 0 0 0 0 0 0 0 0 0 0 0 372 51 0 0 170 0 0 32 51 0 441 970 54 0 606 0 0 0 587 216 0 0 0 16 0 0 0 1145 0 0 0 0 0 0 0 0 0 64 51 0 0 0 0 0 51 0 104 0 40 0 0 0 0 0 0 0 0 0 102 0 0 20 153 0 13 607 0 
0 0 0 0 100 0 0 0 0 0 0 0 0 0 0 0 0 0 0 0 0 0 0 0 0 0 0 0 0 0 0 0 0 0 0 0 0 0 0 0 0 0 0 0 0 0 0 0 0 0 0 0 0 0 0 0 0 0 0 0 0 0 0 0 0 0 0 0 0 0 0 0 0 0 0 0 0 0 0 0 0 0 0 0 0 0 0 0 0 0 100 32 0 0 0 0 0 0 0 80 0 0 0 0 0 0 0 0 0 0 0 0 0 0 0 0 0 0 0 0 0 0 0 0 0 0 0 0 0 0 0 0 0 0 0 0 0 0 0 0 0 0 0 0 0 0 0 0 0 0 0 0 0 0 80 0 0 0 0 0 0 0 0 0 0 0 0 0 0 0 0 0 0 0 0 0 0 0 0 0 0 0 0 0 0 0 0 0 0 0 0 0 0 0 0 0 0 0 0 0 0 0 0 0 0 51 0 0 0 0 0 
694 0 0 0 40 0 0 0 0 0 40 0 0 0 223 0 0 0 0 0 0 0 13 857 273 0 0 0 51 0 108 0 0 0 313 0 0 0 0 0 0 0 0 64 0 40 0 64 51 99 100 0 0 0 0 0 0 0 0 0 26 16 0 67 0 0 32 100 0 0 0 0 0 0 0 0 104 130 0 0 0 0 0 451 80 0 0 0 83 77 1116 177 0 0 32 40 0 0 0 0 0 0 58 0 0 0 64 0 0 0 0 58 0 0 0 40 0 662 51 258 0 267 0 0 40 131 0 0 43 0 0 0 0 0 0 0 0 0 0 0 103 0 0 0 0 0 0 0 129 32 0 0 102 0 295 2207 128 0 0 0 0 51 813 389 0 0 0 26 0 0 0 623 0 64 0 0 0 0 13 0 16 84 32 0 0 0 0 0 40 0 98 0 80 0 0 0 40 0 51 0 34 0 0 0 0 100 156 64 100 32 0 
0 0 0 0 0 0 0 0 0 0 0 0 0 0 0 0 0 0 0 0 0 0 0 0 40 0 0 0 0 0 0 0 0 0 0 0 0 0 0 0 0 0 0 0 0 0 0 0 0 0 0 0 0 0 0 0 0 0 0 0 0 0 0 0 0 0 0 0 0 0 0 0 0 0 0 0 0 64 0 0 0 0 0 20 0 0 0 0 0 0 0 0 0 0 0 0 0 0 0 0 0 0 0 0 0 0 0 0 0 0 0 0 0 0 0 0 0 0 0 0 0 51 0 0 0 0 0 0 0 0 0 80 0 0 0 0 0 0 0 0 0 0 0 0 13 0 0 0 0 0 0 0 0 0 0 0 0 0 0 0 0 0 0 0 0 0 0 0 0 0 0 51 0 0 0 0 0 0 0 0 0 0 0 0 0 0 0 0 0 0 0 0 0 0 0 0 0 0 0 0 0 0 0 0 0 0 0 0 0 0 0 
113 0 0 0 20 0 0 0 0 0 0 0 0 0 13 0 0 32 0 0 0 0 0 579 0 0 0 0 0 0 67 0 0 0 0 0 0 0 0 40 26 0 0 0 0 0 0 0 0 0 0 0 0 32 0 0 0 13 0 0 0 0 0 0 0 0 0 0 0 0 0 0 0 0 0 0 49 0 0 0 0 0 40 137 0 0 0 0 0 0 264 49 0 0 0 92 0 0 0 0 80 0 0 0 0 0 0 0 0 0 0 0 0 0 0 0 0 336 40 0 0 16 0 0 0 0 0 0 34 0 0 0 0 0 0 0 0 0 0 0 0 0 0 0 0 64 0 0 96 0 0 26 0 0 20 1101 20 0 0 0 0 0 100 0 0 51 13 0 0 0 0 380 0 0 0 0 0 0 0 0 0 144 0 0 0 0 0 0 0 0 0 0 0 0 0 0 0 0 0 0 96 0 0 0 0 80 0 0 0 106 0 
0 0 0 0 0 0 0 0 0 0 0 0 0 0 0 0 0 0 0 0 0 0 0 0 0 0 0 0 0 0 0 0 0 0 0 0 0 0 0 0 0 0 0 0 0 0 0 0 0 0 0 0 0 0 0 0 0 0 0 0 0 0 0 0 0 0 0 0 0 0 0 0 0 0 0 0 0 0 0 0 0 0 0 0 0 0 0 0 0 0 0 0 0 0 0 0 0 0 0 0 0 0 0 0 0 0 0 0 0 0 0 0 0 0 0 0 0 0 0 0 0 0 0 0 0 0 0 0 0 0 0 0 0 0 0 0 0 0 0 0 0 0 0 0 0 0 0 0 0 0 0 0 0 0 0 0 0 0 0 0 0 0 0 0 0 0 0 0 0 0 0 0 0 0 0 0 0 0 0 0 0 0 0 0 0 0 0 0 0 0 0 0 0 0 0 0 0 0 0 0 0 0 0 0 0 0 0 0 0 0 0 
0 0 0 0 0 0 0 0 0 0 0 0 0 0 0 0 0 0 0 0 0 0 0 0 0 0 0 0 0 0 0 0 0 0 0 0 0 0 0 0 0 0 0 0 0 0 0 0 0 0 0 0 0 0 0 0 0 0 0 0 0 0 0 0 0 0 0 0 0 0 0 0 0 0 0 0 0 0 0 0 0 0 0 0 0 0 0 0 0 0 0 0 0 0 0 0 0 0 0 0 0 0 0 0 0 0 0 0 0 0 0 0 0 0 0 0 0 0 0 0 0 0 0 0 0 0 0 0 0 0 0 0 0 0 0 0 0 0 0 0 0 0 0 0 0 0 0 0 0 0 0 0 0 0 0 0 0 0 0 0 0 0 0 0 0 0 0 0 0 0 0 0 0 0 0 0 0 0 0 0 0 0 0 0 0 0 0 0 0 0 0 0 0 0 0 0 0 0 0 0 0 0 0 0 0 0 0 0 0 0 0 
116 0 0 0 0 0 0 0 0 0 0 0 0 0 0 0 0 0 0 0 0 0 0 0 0 0 0 0 0 0 0 0 0 0 0 0 0 0 0 0 0 0 0 0 0 0 0 0 0 0 0 0 0 0 0 0 0 0 0 0 0 0 0 0 0 0 0 0 0 0 0 0 0 0 0 0 32 0 0 0 0 0 0 20 0 0 0 0 0 51 64 0 0 0 0 0 0 0 0 0 40 0 0 0 0 0 0 0 0 0 0 0 0 0 0 0 0 0 0 0 0 0 0 0 83 0 0 0 0 0 0 0 0 0 0 0 0 0 0 0 0 0 0 0 0 0 0 0 64 0 0 0 0 0 32 64 16 0 0 0 0 100 0 0 0 0 0 0 0 0 0 0 0 0 0 0 0 0 0 0 16 0 0 0 0 0 0 0 0 0 0 0 0 0 0 0 0 0 0 0 0 0 0 0 0 0 0 0 0 0 0 
1035 0 0 0 80 0 0 0 0 0 51 20 0 0 278 16 0 0 0 0 0 0 142 584 0 0 0 0 0 0 40 0 0 0 77 0 0 0 0 32 40 0 100 0 0 0 40 0 13 76 80 0 0 0 0 0 0 200 32 0 96 0 0 40 0 0 51 0 0 0 0 0 0 0 0 0 331 188 0 0 0 0 151 748 0 13 0 0 0 0 1246 465 112 0 20 0 0 0 0 0 112 0 40 0 32 40 0 0 0 0 64 410 0 0 0 13 0 598 0 26 80 189 0 100 0 32 0 0 122 0 0 13 0 0 0 0 0 0 0 0 0 0 0 0 0 0 0 0 96 180 0 20 49 26 211 2211 16 0 0 0 0 0 554 295 0 0 132 16 0 0 0 538 0 0 195 0 64 0 64 0 259 176 0 0 0 0 0 0 0 0 115 0 57 0 0 0 114 0 0 0 26 0 0 0 0 40 310 0 0 465 0 
0 0 0 0 0 0 0 0 0 0 0 0 0 0 0 0 0 0 0 0 0 0 0 0 0 0 0 0 0 0 0 0 0 0 0 0 0 0 0 0 0 0 0 0 0 0 0 0 0 0 0 0 0 0 0 0 0 0 0 0 0 0 0 0 0 0 0 0 0 0 0 0 0 0 0 0 0 0 0 0 0 0 0 0 0 0 0 0 0 0 0 0 0 0 0 0 0 0 0 0 0 0 0 0 0 0 0 0 0 0 0 0 0 0 0 0 0 0 0 0 0 0 0 0 0 0 0 0 0 0 0 0 0 0 0 0 0 0 0 0 0 0 0 0 0 0 0 0 0 0 0 0 0 0 0 0 0 0 0 0 0 0 0 0 0 0 0 0 0 0 0 0 0 0 0 0 0 0 0 0 0 0 0 0 0 0 0 0 0 0 0 0 0 0 0 0 0 0 0 0 0 0 0 0 0 0 0 0 0 0 0 
108 0 0 0 0 0 0 0 0 0 0 0 0 0 0 0 0 0 0 0 0 0 0 232 0 0 0 0 0 0 32 0 0 0 144 0 0 0 0 0 0 0 0 0 0 0 0 0 0 0 0 0 0 0 0 0 0 13 0 0 0 0 0 0 0 0 0 0 0 0 0 0 0 0 0 0 0 0 0 0 0 0 26 102 0 0 0 0 0 26 51 51 0 0 0 0 0 0 0 0 0 0 0 0 0 0 0 0 0 0 0 0 0 0 0 13 0 54 0 64 0 0 0 0 0 0 0 0 20 0 0 0 0 0 0 0 0 0 0 0 0 0 0 0 0 0 0 0 26 0 0 0 0 0 0 744 0 0 0 0 0 0 213 64 0 0 80 0 0 0 0 186 0 0 0 0 0 0 0 0 64 64 0 0 0 0 0 0 13 0 0 0 0 0 0 0 13 0 0 0 32 0 0 0 0 0 51 0 0 0 0 
0 0 0 0 0 0 0 0 0 0 0 0 0 0 0 0 0 0 0 0 0 0 0 0 0 0 0 0 0 0 0 0 0 0 0 0 0 0 0 0 0 0 0 0 0 0 0 0 0 0 0 0 0 0 0 0 0 0 0 0 0 0 0 0 0 0 0 0 0 0 0 0 0 0 0 0 0 0 0 0 0 0 0 0 0 0 0 0 0 0 0 0 0 0 0 0 0 0 0 0 0 0 0 0 0 0 0 0 0 0 0 0 0 0 0 0 0 0 0 0 0 0 0 0 0 0 0 0 0 0 0 0 0 0 0 0 0 0 0 0 0 0 0 0 0 0 0 0 0 0 0 0 0 0 0 0 0 0 0 0 0 0 0 0 0 0 0 0 0 0 0 0 0 0 0 0 0 0 0 0 0 0 0 0 0 0 0 0 0 0 0 0 0 0 0 0 0 0 0 0 0 0 0 0 0 0 0 0 0 0 0 
757 0 0 0 106 0 0 0 0 0 0 0 0 0 26 0 0 0 0 0 0 0 32 573 0 0 0 0 0 0 192 0 0 0 253 128 0 0 0 136 0 0 0 0 0 0 32 0 26 273 0 0 0 0 0 0 0 216 0 0 115 0 0 77 0 26 64 0 0 20 0 0 0 20 0 0 49 136 0 0 0 0 20 663 0 0 0 0 0 64 365 80 0 64 26 102 0 0 20 0 0 0 0 32 0 51 0 0 0 0 0 200 0 0 0 0 0 319 96 376 51 13 0 0 42 115 64 20 185 0 0 0 0 0 0 0 0 0 0 0 0 0 0 0 0 116 0 0 98 0 0 0 0 80 179 993 190 80 84 0 0 0 26 108 0 0 0 16 0 0 0 763 0 0 0 0 0 20 0 0 80 160 81 0 0 0 0 0 160 0 0 0 0 0 0 0 0 0 0 0 26 0 0 0 0 0 270 0 20 100 0 
0 0 0 0 0 0 0 0 0 0 0 0 0 0 0 0 0 0 0 0 0 0 0 0 0 0 0 0 0 0 0 0 0 0 0 0 0 0 0 0 0 0 0 0 0 0 0 0 0 0 0 0 0 0 0 0 0 0 0 0 0 0 0 0 0 0 0 0 0 0 0 0 0 0 0 0 0 0 0 0 0 0 0 0 0 0 0 0 0 0 0 0 0 0 0 0 0 0 0 0 0 0 0 0 0 0 0 0 0 0 0 0 0 0 0 0 0 0 0 0 0 0 0 0 0 0 0 0 0 0 0 0 0 0 0 0 0 0 0 0 0 0 0 0 0 0 0 0 0 0 0 0 0 0 0 0 0 0 0 0 0 0 0 0 0 0 0 0 0 0 0 0 0 0 0 0 0 0 0 0 0 0 0 0 0 0 0 0 0 0 0 0 0 0 0 0 0 0 0 0 0 0 0 0 0 0 0 0 0 0 0 
140 0 0 0 0 0 0 0 0 0 0 0 0 0 0 0 0 0 0 0 0 0 26 26 0 0 0 0 0 0 0 0 0 0 0 0 0 0 0 0 0 64 0 0 0 0 0 0 92 0 0 0 0 0 0 0 0 160 0 0 0 0 0 0 0 0 0 0 0 0 0 0 0 0 0 0 13 0 0 0 0 0 0 0 0 0 0 0 0 0 140 0 0 0 0 0 0 0 0 0 64 0 0 0 0 0 0 0 0 0 0 0 0 0 0 0 0 51 0 32 32 0 0 0 0 0 0 80 0 0 0 0 0 0 0 0 0 0 0 0 0 0 0 0 0 0 0 0 0 0 0 0 0 0 0 52 51 0 0 0 0 0 0 0 0 0 0 0 0 0 0 20 0 0 0 0 0 0 0 0 0 51 0 0 0 0 0 0 0 0 13 0 0 0 0 0 0 0 0 0 20 0 0 0 0 100 0 0 0 0 0 
0 0 0 0 0 0 0 0 0 0 0 0 0 0 0 0 0 0 0 0 0 0 0 0 0 0 0 0 0 0 0 0 0 0 0 0 0 0 0 0 0 0 0 0 0 0 0 0 0 0 0 0 0 0 0 0 0 0 0 0 0 0 0 0 0 0 0 0 0 0 0 0 0 0 0 0 0 0 0 0 0 0 0 0 0 0 0 0 0 0 0 0 0 0 0 0 0 0 0 0 0 0 0 0 0 0 0 0 0 0 0 0 0 0 0 0 0 0 0 0 0 0 0 0 0 0 0 0 0 0 0 0 0 0 0 0 0 0 0 0 0 0 0 0 0 0 0 0 0 0 0 0 0 0 0 0 0 0 0 0 0 0 0 0 0 0 0 0 0 0 0 0 0 0 0 0 0 0 0 0 0 0 0 0 0 0 0 0 0 0 0 0 0 0 0 0 0 0 0 0 0 0 0 0 0 0 0 0 0 0 0 
40 0 0 0 0 0 0 0 0 0 0 0 0 0 0 0 0 0 0 0 0 0 0 92 0 0 0 0 0 0 97 0 0 0 16 0 0 0 0 0 0 0 0 0 0 0 0 0 0 0 0 0 0 0 0 0 0 0 0 0 20 0 0 0 0 0 0 0 0 0 0 0 0 0 0 0 0 0 0 0 0 0 0 77 0 0 0 0 0 0 0 0 0 0 0 0 0 0 0 0 0 0 0 0 0 0 0 0 0 0 0 0 0 0 0 0 0 26 0 0 0 0 0 0 0 0 0 0 0 0 0 0 0 0 0 0 0 0 0 0 0 0 0 0 0 0 0 0 0 0 0 0 0 0 13 37 0 0 0 0 0 0 80 64 0 0 32 20 0 0 0 92 0 0 0 20 0 0 0 0 0 0 0 0 0 0 0 0 0 0 0 0 0 0 0 0 40 0 0 0 0 0 0 0 0 0 0 0 0 0 0 
20 0 0 0 20 0 0 0 0 0 0 0 0 0 0 0 0 0 0 0 0 0 20 275 0 0 0 0 0 0 39 0 0 0 0 0 0 0 0 40 0 0 0 0 0 0 0 0 16 32 0 80 0 0 0 0 0 0 0 0 80 0 0 0 0 0 51 0 0 0 0 0 0 0 0 0 133 0 0 0 0 0 32 461 0 0 0 0 0 0 199 100 0 0 0 0 0 0 0 16 0 0 0 0 0 46 0 0 0 0 0 0 0 0 0 0 0 163 0 0 0 32 0 0 80 0 0 100 64 0 26 0 102 0 0 0 0 0 0 0 0 0 0 0 57 0 0 0 0 40 0 0 0 0 131 626 0 0 0 0 100 0 94 102 0 0 0 0 0 0 0 343 0 0 0 0 0 0 0 0 16 0 32 0 0 0 0 0 90 0 64 0 0 0 0 0 40 0 0 0 32 0 0 0 0 32 67 0 0 0 0 
5989 0 0 0 53 0 0 0 0 0 0 0 0 0 766 0 0 0 0 0 0 0 1167 2997 100 113 0 0 13 0 599 0 0 0 279 0 0 0 0 183 117 49 0 80 0 0 13 0 80 176 13 0 0 0 0 0 0 186 0 0 153 0 0 26 77 0 167 0 0 77 0 0 0 0 0 0 376 108 0 0 0 0 185 1005 0 0 0 0 100 185 1138 982 0 64 177 80 0 0 0 0 129 0 16 0 213 0 0 0 0 0 115 100 0 0 0 0 0 1745 77 607 13 671 0 0 234 374 0 0 190 0 115 26 0 0 0 0 0 0 0 0 96 0 0 26 0 32 0 0 52 200 0 0 564 51 812 5150 375 0 40 0 0 0 225 136 0 0 64 151 0 0 0 1244 0 118 0 0 0 0 0 0 205 597 400 0 0 0 0 0 100 0 131 80 0 0 0 0 1041 0 64 0 149 0 128 0 20 0 524 0 88 41 0 
16 0 0 0 0 0 0 0 0 0 80 0 0 0 20 0 0 0 0 0 40 0 0 20 0 0 0 0 0 0 0 0 0 0 0 0 0 0 0 0 0 0 0 0 0 0 0 0 0 0 0 0 0 0 0 0 0 0 0 0 0 0 0 51 0 0 0 0 0 0 0 0 0 0 0 0 0 0 0 51 0 0 0 0 0 0 0 0 0 0 32 113 0 0 0 0 0 0 0 0 0 0 0 0 0 0 0 0 0 0 0 0 0 0 0 0 0 104 0 0 0 0 0 0 0 40 0 0 0 0 0 0 0 0 0 0 0 0 0 0 0 0 0 0 0 80 0 0 0 0 0 0 0 0 40 0 0 0 0 0 0 0 0 0 0 0 0 0 0 0 0 0 0 0 0 0 0 0 0 0 80 0 0 0 0 0 0 0 0 0 0 0 0 0 0 0 0 0 0 0 0 0 0 0 0 0 0 0 0 0 0 
787 0 0 0 0 0 0 0 0 0 0 0 0 0 0 0 0 80 0 0 0 0 200 93 0 64 0 0 0 0 67 0 0 0 0 0 0 0 0 0 0 0 0 0 0 0 0 0 0 100 0 0 0 0 0 0 0 0 64 0 0 0 0 0 0 0 0 0 0 0 0 0 0 0 0 0 80 40 0 0 0 0 0 0 0 0 0 0 0 0 176 100 0 0 0 0 0 0 0 0 0 0 0 0 0 0 0 0 0 0 0 0 0 0 0 0 51 221 26 40 0 0 0 0 40 0 0 0 0 0 0 0 0 0 0 0 0 0 0 0 0 0 0 0 0 0 0 0 0 0 0 0 0 0 132 393 0 0 0 0 0 0 20 20 0 0 0 32 0 0 0 96 0 0 0 0 0 0 0 0 80 71 0 0 0 0 0 0 0 0 0 0 0 0 0 0 0 0 0 0 0 0 0 0 0 0 0 0 32 0 0 
840 0 0 0 26 0 0 0 0 0 13 0 0 0 0 0 0 0 0 0 0 0 64 396 0 115 0 0 0 0 72 20 0 0 244 13 0 0 0 51 0 0 0 0 0 0 83 0 51 0 0 0 0 0 0 0 0 73 0 0 0 0 0 0 0 0 67 0 0 0 0 0 0 0 0 0 213 20 51 0 0 0 280 614 0 0 0 0 0 51 420 32 80 0 116 0 0 0 0 64 0 0 128 0 40 0 0 0 0 0 40 98 0 0 0 80 0 695 118 101 0 52 0 0 0 51 0 0 108 0 26 32 0 0 0 0 0 0 0 0 0 0 0 0 0 0 0 0 212 0 0 0 32 32 161 661 286 0 0 0 0 40 161 67 0 0 40 0 0 0 0 1170 0 0 0 0 0 0 0 0 26 131 0 0 0 0 0 0 0 0 51 0 0 0 0 0 13 0 0 0 32 0 0 0 0 0 75 0 0 54 0 
0 0 0 0 0 0 0 0 0 0 0 0 0 0 0 0 0 0 0 0 0 0 0 0 0 0 0 0 0 0 0 0 0 0 0 0 0 0 0 0 0 0 0 0 0 0 0 0 0 0 0 0 0 0 0 0 0 0 0 0 0 0 0 0 0 0 0 0 0 0 0 0 0 0 0 0 0 0 0 0 0 0 0 0 0 0 0 0 0 0 0 0 0 0 0 0 0 0 0 0 0 0 0 0 0 0 0 0 0 0 0 0 0 0 0 0 0 0 0 0 0 0 0 0 0 0 0 0 0 0 0 0 0 0 0 0 0 0 0 0 0 0 0 0 0 0 0 0 0 0 0 0 0 0 0 0 0 0 0 0 0 0 0 0 0 0 0 0 0 0 0 0 0 0 0 0 0 0 0 0 0 0 0 0 0 0 0 0 0 0 0 0 0 0 0 0 0 0 0 0 0 0 0 0 0 0 0 0 0 0 0 
